-144209.141    60.504     0.00    7.56
-143921.780    61.908     4.89    8.10
-143634.409    64.736     9.84   10.37
-143347.027    67.061     8.09   12.12
-143059.636    69.996    10.21   13.05
-142772.234    74.261    14.84   13.36
-142484.822    79.470    18.12   11.18
-142197.399    83.469    13.91    9.22
-141909.966    86.743    11.39    8.16
-141622.523    90.478    12.99    7.49
-141335.070    93.784    11.50    6.83
-141047.606    96.612     9.84    6.57
-140760.132    98.499     6.56    6.86
-140472.647   100.234     6.04    6.61
-140185.153   102.579     8.15    6.38
-139897.648   104.402     6.34    6.97
-139610.132   105.697     4.50    8.04
-139322.607   106.786     3.79    8.63
-139035.071   106.634    -0.53    9.67
-138747.810   107.002     1.28    9.78
-138462.378   107.912     3.19    9.40
-138176.936   108.752     2.94    8.88
-137891.485   110.008     4.40    8.01
-137606.024   110.803     2.78    7.43
-137320.555   111.468     2.33    6.41
-137035.076   112.583     3.91    5.62
-136749.587   113.680     3.84    5.24
-136464.089   114.201     1.83    4.94
-136178.582   115.048     2.96    4.60
-135893.065   116.330     4.49    4.58
-135607.539   117.730     4.90    4.97
-135322.004   119.241     5.29    5.37
-135036.459   121.212     6.90    6.64
-134750.905   123.209     6.99    7.04
-134465.342   125.213     7.02    7.17
-134179.769   126.519     4.57    6.51
-133894.186   128.821     8.06    6.77
-133608.595   131.213     8.38    7.16
-133322.994   134.022     9.84    8.04
-133037.383   137.286    11.43    8.89
-132751.763   140.918    12.72    9.56
-132466.134   144.445    12.35    8.98
-132180.496   147.884    12.04    6.70
-131894.848   150.193     8.08    5.62
-131609.190   151.816     5.68    4.81
-131323.523   153.191     4.81    4.91
-131037.847   154.771     5.53    5.24
-130752.162   156.243     5.15    5.96
-130466.467   157.366     3.93    6.17
-130180.762   158.342     3.42    6.17
-129895.048   159.577     4.32    6.00
-129609.325   160.557     3.43    5.42
-129323.592   160.951     1.38    4.91
-129037.850   161.769     2.86    4.60
-128752.099   162.793     3.58    4.85
-128466.338   163.634     2.94    4.59
-128180.568   164.731     3.84    4.30
-127894.788   165.690     3.36    3.87
-127608.999   166.288     2.10    3.71
-127323.201   165.853    -1.52    4.70
-127037.393   164.364    -5.21    6.22
-126751.576   162.518    -6.46    7.47
-126465.749   160.256    -7.91    8.37
-126179.913   157.082   -11.10    9.31
-125894.067   154.465    -9.16    9.55
-125608.212   151.866    -9.09    8.93
-125322.348   150.290    -5.51    7.65
-125036.474   150.369     0.28    6.72
-124750.591   150.727     1.25    5.83
-124464.698   150.083    -2.25    5.35
-124178.796   149.389    -2.43    6.03
-123892.885   147.875    -5.30    7.29
-123606.964   146.398    -5.17    7.84
-123321.033   145.398    -3.50    8.38
-123035.094   145.728     1.15    9.65
-122749.144   145.732     0.01   10.62
-122463.186   145.973     0.84   11.61
-122177.218   145.179    -2.78   13.06
-121891.240   143.517    -5.81   15.23
-121605.253   140.656   -10.00   16.40
-121319.257   136.236   -15.45   16.06
-121033.251   133.298   -10.27   14.75
-120747.236   131.979    -4.61   12.99
-120461.211   131.380    -2.09   12.69
-120175.177   132.858     5.17   13.24
-119889.133   134.319     5.11   13.35
-119603.080   136.350     7.10   14.26
-119317.018   137.163     2.85   13.64
-119030.946   136.616    -1.91   12.19
-118744.864   138.212     5.58   12.14
-118458.773   139.567     4.74   10.43
-118172.673   140.734     4.08    9.90
-117886.563   142.170     5.02    9.90
-117600.444   143.494     4.63    9.77
-117314.315   144.098     2.11    9.36
-117028.177   144.155     0.20    8.44
-116742.030   144.440     1.00    7.52
-116455.873   144.609     0.59    6.09
-116169.706   144.645     0.13    4.97
-115883.530   144.260    -1.35    4.13
-115597.345   145.148     3.10    4.37
-115311.150   146.134     3.45    4.44
-115024.946   147.316     4.13    5.13
-114738.732   147.677     1.26    5.68
-114452.509   148.031     1.24    6.05
-114166.276   147.448    -2.04    6.66
-113880.034   146.243    -4.21    6.78
-113593.782   145.505    -2.58    6.48
-113307.521   144.393    -3.88    6.28
-113021.250   143.209    -4.14    4.85
-112734.970   142.045    -4.06    3.96
-112448.681   141.197    -2.96    4.66
-112162.382   139.716    -5.17    6.18
-111876.073   138.005    -5.98    6.94
-111589.755   135.731    -7.94    7.06
-111303.428   133.259    -8.63    6.65
-111017.091   131.651    -5.61    6.95
-110730.745   129.105    -8.89    6.69
-110444.389   126.819    -7.98    7.07
-110158.023   124.500    -8.10    8.12
-109871.648   121.366   -10.94    8.43
-109585.264   119.046    -8.10    8.29
-109298.870   117.270    -6.20    7.66
-109012.467   116.052    -4.25    6.87
-108726.054   116.011    -0.14    6.79
-108439.632   116.272     0.91    6.70
-108153.200   117.075     2.80    6.43
-107866.759   118.011     3.27    6.45
-107580.308   118.200     0.66    6.72
-107293.847   117.972    -0.80    7.09
-107007.378   116.495    -5.16    7.21
-106720.898   114.709    -6.24    6.76
-106434.410   113.248    -5.10    6.45
-106147.911   111.084    -7.55    5.97
-105861.403   108.718    -8.26    5.21
-105574.886   106.853    -6.51    4.66
-105288.359   106.019    -2.91    4.06
-105001.823   106.303     0.99    4.91
-104715.277   107.877     5.49    6.40
-104428.722   110.480     9.08    7.10
-104142.157   112.971     8.69    7.37
-103855.583   115.846    10.03    6.59
-103568.999   117.993     7.49    5.86
-103282.406   119.229     4.31    5.88
-102995.803   119.431     0.71    6.37
-102709.190   118.927    -1.76    6.92
-102422.568   117.969    -3.34    6.78
-102135.937   116.945    -3.57    5.99
-101849.296   115.884    -3.70    5.61
-101562.645   114.233    -5.76    5.94
-101275.985   111.890    -8.17    6.80
-100989.316   109.931    -6.83    6.93
-100702.637   107.803    -7.42    6.62
-100415.948   106.105    -5.92    5.96
-100129.250   104.918    -4.14    5.27
 -99842.543   105.698     2.72    6.96
 -99555.825   106.564     3.02    7.46
 -99269.099   107.419     2.98    8.13
 -98982.363   105.769    -5.76    9.58
 -98695.617   102.230   -12.34   11.11
 -98408.862    97.498   -16.50   12.35
 -98122.097    91.386   -21.31   12.22
 -97835.322    84.667   -23.43   10.83
 -97548.538    78.724   -20.72   10.22
 -97261.745    73.737   -17.39    9.25
 -96974.942    69.346   -15.31    8.56
 -96688.130    65.341   -13.97    7.69
 -96401.308    62.171   -11.05    6.20
 -96114.476    59.401    -9.66    5.00
 -95827.635    56.497   -10.12    4.36
 -95540.784    54.230    -7.90    4.90
 -95253.924    52.062    -7.56    4.74
 -94967.054    49.908    -7.51    5.04
 -94680.175    47.453    -8.56    4.60
 -94393.286    45.227    -7.76    4.44
 -94106.387    43.531    -5.91    3.55
 -93819.479    42.312    -4.25    3.18
 -93532.562    41.484    -2.89    3.03
 -93245.635    41.421    -0.22    3.07
 -92958.698    41.793     1.30    3.33
 -92671.752    42.381     2.05    3.05
 -92384.796    42.455     0.26    2.79
 -92097.831    42.302    -0.53    2.53
 -91810.856    42.391     0.31    2.20
 -91523.872    41.934    -1.60    2.03
 -91236.878    41.277    -2.29    1.85
 -90949.874    40.821    -1.59    2.06
 -90662.861    40.049    -2.69    2.32
 -90375.838    39.266    -2.73    2.36
 -90088.806    38.771    -1.73    2.23
 -89801.764    37.817    -3.32    2.13
 -89514.712    36.701    -3.89    2.42
 -89227.651    36.083    -2.15    2.70
 -88940.581    35.843    -0.84    2.98
 -88653.501    35.410    -1.51    3.13
 -88366.411    34.878    -1.85    2.95
 -88079.312    34.750    -0.45    2.84
 -87792.203    35.337     2.04    3.47
 -87505.084    35.760     1.47    3.56
 -87217.956    36.296     1.87    3.49
 -86930.819    36.692     1.38    3.21
 -86643.671    37.034     1.19    3.09
 -86356.515    37.148     0.40    3.23
 -86069.348    36.824    -1.13    2.82
 -85782.172    36.382    -1.54    2.40
 -85494.987    36.223    -0.55    2.43
 -85207.792    35.934    -1.01    2.20
 -84920.587    35.681    -0.88    2.04
 -84633.372    35.119    -1.96    2.00
 -84346.149    34.641    -1.67    2.05
 -84058.915    34.282    -1.25    2.24
 -83771.672    34.127    -0.54    2.29
 -83484.419    33.882    -0.85    2.13
 -83197.157    33.884     0.01    2.09
 -82909.885    33.734    -0.52    2.07
 -82622.603    33.441    -1.02    2.16
 -82335.312    32.875    -1.97    2.51
 -82048.012    32.334    -1.88    2.50
 -81760.701    31.921    -1.44    2.65
 -81473.381    31.641    -0.97    2.80
 -81186.052    31.688     0.16    3.21
 -80898.713    31.821     0.46    3.21
 -80611.364    32.286     1.62    3.14
 -80324.005    32.637     1.22    3.15
 -80036.637    33.860     4.25    3.96
 -79749.260    34.256     1.38    3.85
 -79461.873    34.389     0.46    3.82
 -79174.476    34.389     0.00    3.80
 -78887.069    34.324    -0.23    3.80
 -78599.653    34.401     0.27    3.86
 -78312.228    33.841    -1.95    3.55
 -78024.792    33.055    -2.73    2.26
 -77737.347    33.287     0.81    2.05
 -77449.893    33.573     0.99    2.11
 -77162.429    34.048     1.66    2.02
 -76875.357    34.433     1.34    1.97
 -76589.853    34.284    -0.52    2.06
 -76304.341    34.170    -0.40    2.07
 -76018.821    34.264     0.33    2.25
 -75733.291    34.548     0.99    2.48
 -75447.753    35.199     2.28    2.77
 -75162.206    35.906     2.48    3.46
 -74876.651    36.626     2.52    3.60
 -74591.087    36.974     1.22    3.33
 -74305.514    37.364     1.36    3.18
 -74019.932    37.127    -0.83    3.19
 -73734.342    36.786    -1.19    3.38
 -73448.743    36.075    -2.49    3.26
 -73163.135    35.360    -2.50    2.60
 -72877.519    35.556     0.69    2.43
 -72591.894    35.561     0.01    2.41
 -72306.260    35.862     1.06    2.30
 -72020.618    36.023     0.56    2.45
 -71734.966    36.362     1.19    2.57
 -71449.306    36.831     1.64    2.66
 -71163.638    37.416     2.05    2.76
 -70877.960    37.743     1.14    2.66
 -70592.274    38.298     1.94    2.55
 -70306.579    39.250     3.33    2.13
 -70020.876    40.025     2.71    2.38
 -69735.164    40.398     1.30    2.99
 -69449.443    40.230    -0.59    3.14
 -69163.713    40.192    -0.13    3.18
 -68877.975    40.007    -0.65    3.21
 -68592.227    39.482    -1.84    3.38
 -68306.472    38.644    -2.93    2.91
 -68020.707    37.919    -2.54    2.19
 -67734.934    37.630    -1.01    2.35
 -67449.152    37.511    -0.42    2.36
 -67163.361    37.263    -0.87    2.59
 -66877.561    36.891    -1.30    2.66
 -66591.753    36.755    -0.48    2.75
 -66305.936    36.566    -0.66    3.35
 -66020.111    36.178    -1.36    4.00
 -65734.276    35.709    -1.64    4.84
 -65448.433    34.254    -5.09    5.29
 -65162.581    32.619    -5.72    5.48
 -64876.721    31.514    -3.87    4.84
 -64590.851    31.019    -1.73    4.46
 -64304.973    30.798    -0.77    4.11
 -64019.086    30.918     0.42    3.80
 -63733.191    31.905     3.45    4.29
 -63447.286    33.656     6.12    4.47
 -63161.373    35.462     6.32    4.71
 -62875.452    36.762     4.54    4.54
 -62589.521    37.895     3.96    4.07
 -62303.582    38.434     1.88    3.45
 -62017.634    38.991     1.95    3.13
 -61731.677    39.355     1.27    2.87
 -61445.711    39.338    -0.06    2.66
 -61159.737    38.623    -2.50    3.01
 -60873.754    38.230    -1.38    3.40
 -60587.762    37.738    -1.72    3.67
 -60301.762    37.134    -2.11    3.71
 -60015.752    36.712    -1.48    3.80
 -59729.734    36.056    -2.29    3.64
 -59443.708    35.404    -2.28    3.31
 -59157.672    35.009    -1.38    3.17
 -58871.628    34.191    -2.86    2.79
 -58585.575    33.356    -2.92    2.46
 -58299.513    32.766    -2.06    2.26
 -58013.442    32.119    -2.26    2.19
 -57727.363    31.505    -2.15    2.08
 -57441.275    31.105    -1.40    2.08
 -57155.178    31.184     0.28    2.30
 -56869.072    31.134    -0.17    2.39
 -56582.958    31.185     0.18    2.88
 -56296.835    31.176    -0.03    3.32
 -56010.703    31.053    -0.43    3.23
 -55724.562    31.605     1.93    3.21
 -55438.413    32.205     2.10    3.30
 -55152.254    33.025     2.87    3.56
 -54866.087    33.817     2.77    3.68
 -54579.911    34.948     3.95    3.55
 -54293.727    36.156     4.22    2.53
 -54007.534    36.491     1.17    2.24
 -53721.331    35.680    -2.83    2.89
 -53435.120    34.511    -4.08    3.40
 -53148.901    33.416    -3.82    3.35
 -52862.672    32.669    -2.61    3.12
 -52576.435    32.222    -1.56    3.04
 -52290.189    31.736    -1.70    2.95
 -52003.934    31.319    -1.46    2.97
 -51717.671    30.805    -1.80    3.50
 -51431.398    29.978    -2.89    4.37
 -51145.117    28.915    -3.71    4.80
 -50858.827    27.209    -5.96    4.97
 -50572.528    25.751    -5.09    4.36
 -50286.221    25.163    -2.05    3.76
 -49999.905    25.750     2.05    4.19
 -49713.580    26.891     3.98    4.64
 -49427.246    27.891     3.49    4.96
 -49140.903    28.527     2.22    4.75
 -48854.551    28.274    -0.88    4.88
 -48568.191    27.206    -3.73    5.03
 -48281.822    25.754    -5.07    4.39
 -47995.444    25.299    -1.59    4.34
 -47709.058    26.205     3.16    5.80
 -47422.662    27.727     5.31    6.98
 -47136.258    29.637     6.67    7.01
 -46849.845    30.815     4.11    6.20
 -46563.423    31.556     2.59    5.23
 -46276.992    31.953     1.38    4.59
 -45990.553    31.003    -3.31    5.01
 -45704.104    29.038    -6.86    5.48
 -45417.647    27.084    -6.82    6.23
 -45131.181    25.252    -6.40    6.05
 -44844.707    23.869    -4.83    5.55
 -44558.223    22.927    -3.29    4.96
 -44271.731    23.686     2.65    5.98
 -43985.230    26.068     8.32    7.91
 -43698.720    28.915     9.94    9.26
 -43412.201    32.112    11.16    9.06
 -43125.673    34.921     9.80    8.49
 -42839.137    37.105     7.62    7.40
 -42552.592    37.943     2.92    6.73
 -42266.038    37.745    -0.69    6.17
 -41979.475    37.084    -2.31    5.21
 -41692.903    35.038    -7.14    4.33
 -41406.323    32.576    -8.59    3.82
 -41119.734    30.796    -6.21    3.97
 -40833.135    29.735    -3.70    3.90
 -40546.528    29.506    -0.80    3.82
 -40259.913    29.493    -0.05    3.72
 -39973.288    30.031     1.88    4.21
 -39686.655    31.698     5.82    4.95
 -39400.012    33.605     6.65    4.71
 -39113.361    34.981     4.80    4.12
 -38826.701    36.214     4.30    3.47
 -38540.033    36.548     1.17    3.03
 -38253.355    36.436    -0.39    2.98
 -37966.668    36.509     0.26    2.59
 -37679.973    35.758    -2.62    3.80
 -37393.269    35.375    -1.34    4.48
 -37106.556    36.141     2.67    5.53
 -36819.834    37.687     5.39    6.40
 -36533.104    39.038     4.71    6.10
 -36246.364    40.155     3.89    5.51
 -35959.616    41.212     3.69    4.60
 -35672.859    42.047     2.91    3.50
 -35386.093    42.385     1.18    3.16
 -35099.318    42.434     0.17    2.95
 -34812.534    41.900    -1.86    2.07
 -34525.742    41.969     0.24    1.79
 -34238.941    41.857    -0.39    1.59
 -33952.130    41.351    -1.76    1.62
 -33665.311    40.866    -1.69    1.76
 -33378.483    40.465    -1.40    1.80
 -33091.647    40.016    -1.56    1.70
 -32804.801    39.630    -1.35    1.52
 -32517.947    39.535    -0.33    1.52
 -32231.083    39.302    -0.81    1.75
 -31944.211    39.331     0.10    2.33
 -31657.330    39.061    -0.94    2.54
 -31370.440    38.752    -1.08    2.62
 -31083.541    38.843     0.32    2.84
 -30796.634    38.960     0.41    2.98
 -30509.717    39.249     1.01    3.27
 -30222.792    40.098     2.96    3.39
 -29935.858    41.053     3.33    3.43
 -29648.915    42.076     3.57    2.97
 -29361.963    42.992     3.19    2.55
 -29075.002    43.554     1.96    2.14
 -28788.032    43.692     0.48    2.09
 -28501.054    43.375    -1.11    2.37
 -28214.066    42.718    -2.29    2.29
 -27927.070    42.427    -1.02    2.29
 -27640.065    42.577     0.52    2.56
 -27353.051    42.878     1.05    2.94
 -27066.028    42.681    -0.69    3.49
 -26778.996    42.627    -0.19    3.83
 -26491.956    43.002     1.31    4.05
 -26204.906    42.900    -0.36    4.13
 -25917.848    43.211     1.08    4.12
 -25630.781    43.518     1.07    3.74
 -25343.704    42.810    -2.47    4.01
 -25056.619    42.126    -2.38    4.65
 -24769.525    41.024    -3.84    5.49
 -24482.423    39.652    -4.78    6.50
 -24195.311    38.465    -4.13    6.71
 -23908.190    37.373    -3.80    6.23
 -23621.061    36.272    -3.83    5.91
 -23333.923    34.902    -4.77    5.92
 -23046.775    33.516    -4.83    6.15
 -22759.619    31.998    -5.29    6.44
 -22472.454    30.351    -5.73    6.25
 -22185.280    29.279    -3.73    5.92
 -21898.098    27.936    -4.67    5.37
 -21610.906    27.347    -2.05    5.15
 -21323.705    28.266     3.20    5.63
 -21036.496    29.762     5.21    5.74
 -20749.277    31.428     5.80    5.98
 -20462.050    33.492     7.18    6.39
 -20174.814    35.469     6.88    6.52
 -19887.569    37.742     7.91    6.49
 -19600.315    39.264     5.30    6.27
 -19313.052    40.659     4.85    5.24
 -19025.780    41.682     3.56    4.06
 -18738.500    41.445    -0.82    4.13
 -18451.210    40.835    -2.13    4.20
 -18163.911    40.727    -0.38    3.45
 -17876.604    40.077    -2.26    2.98
 -17589.288    39.962    -0.40    2.53
 -17301.962    40.627     2.31    2.37
 -17014.628    41.837     4.21    2.86
 -16727.285    42.498     2.30    2.94
 -16439.933    42.835     1.17    2.85
 -16152.572    43.034     0.69    2.74
 -15865.203    43.268     0.81    2.43
 -15577.824    43.200    -0.24    2.55
 -15290.436    42.708    -1.71    2.31
 -15003.532    42.285    -1.47    1.98
 -14717.957    42.293     0.03    2.07
 -14432.375    42.396     0.36    2.69
 -14146.784    43.211     2.85    3.56
 -13861.186    44.752     5.39    4.46
 -13575.579    46.781     7.11    5.03
 -13289.965    48.668     6.61    4.88
 -13004.342    49.815     4.02    3.98
 -12718.712    50.316     1.76    3.41
 -12433.073    49.977    -1.19    3.72
 -12147.427    48.766    -4.24    4.54
 -11861.772    46.811    -6.85    5.57
 -11576.109    44.175    -9.22    5.72
 -11290.439    41.948    -7.80    4.85
 -11004.760    40.015    -6.77    3.86
 -10719.073    38.298    -6.01    3.13
 -10433.379    36.491    -6.33    2.91
 -10147.676    34.502    -6.96    4.18
  -9861.965    32.291    -7.74    5.25
  -9576.246    29.884    -8.42    5.99
  -9290.520    27.097    -9.75    6.40
  -9004.785    24.484    -9.15    6.07
  -8719.042    21.912    -9.00    4.66
  -8433.291    19.771    -7.49    3.18
  -8147.532    18.214    -5.45    3.06
  -7861.765    16.770    -5.05    3.78
  -7575.990    15.346    -4.98    4.75
  -7290.207    13.487    -6.50    5.39
  -7004.416    11.677    -6.34    5.41
  -6718.617     9.996    -5.88    4.58
  -6432.809     8.803    -4.17    3.45
  -6146.994     8.568    -0.82    3.29
  -5861.171     9.501     3.26    3.87
  -5575.340    11.303     6.31    4.65
  -5289.500    12.779     5.16    4.44
  -5003.653    14.034     4.39    3.72
  -4717.797    14.097     0.22    4.08
  -4431.934    12.738    -4.75    6.14
  -4146.062    10.350    -8.35    7.67
  -3860.183     7.295   -10.69    8.22
  -3574.295     4.784    -8.78    7.42
  -3288.400     2.983    -6.30    5.71
  -3002.496     2.759    -0.78    4.92
  -2716.584     4.112     4.73    5.52
  -2430.664     6.126     7.05    5.50
  -2144.736     9.119    10.47    6.53
  -1858.800    12.413    11.52    7.40
  -1572.856    13.465     3.68    7.83
  -1286.904    12.562    -3.16    9.26
  -1000.944    10.649    -6.69   10.52
   -714.976     8.352    -8.03   11.17
   -429.000     6.321    -7.10   11.45
   -143.016     3.750    -8.99    9.49
    142.977     2.722    -3.59    7.17
    428.977     5.274     8.92    9.58
    714.985     9.149    13.55   10.84
   1001.002    12.565    11.95   10.32
   1287.027    15.564    10.48    8.70
   1573.059    18.206     9.24    6.07
   1859.100    20.693     8.69    5.07
   2145.149    23.205     8.78    8.30
   2431.205    27.406    14.69   12.49
   2717.270    32.900    19.21   14.84
   3003.343    39.770    24.01   15.53
   3289.424    45.805    21.10   14.55
   3575.513    51.776    20.87   11.54
   3861.611    55.940    14.55    8.21
   4147.716    59.505    12.46    5.48
   4433.829    64.266    16.64    9.57
   4719.950    71.680    25.91   17.38
   5006.080    79.412    27.02   21.03
   5292.217    88.032    30.13   22.51
   5578.363    97.000    31.34   22.18
   5864.517   108.362    39.71   20.01
   6150.679   119.732    39.73   16.68
   6436.848   127.386    26.74   13.94
   6723.026   132.686    18.52   13.61
   7009.212   137.656    17.37   12.71
   7295.406   144.258    23.07   10.54
   7581.609   149.450    18.14    9.96
   7867.819   154.251    16.77   10.86
   8154.037   158.312    14.19   10.30
   8440.264   162.282    13.87    8.70
   8726.498   164.393     7.37    6.96
   9012.741   165.098     2.46    5.42
   9298.991   164.626    -1.65    4.94
   9585.250   163.598    -3.59    4.42
   9871.517   162.869    -2.55    4.14
  10157.792   162.410    -1.60    3.67
  10444.075   162.366    -0.15    3.31
  10730.366   162.221    -0.51    3.54
  11016.665   162.532     1.09    3.60
  11302.973   162.715     0.64    3.85
  11589.288   163.428     2.49    4.91
  11875.611   164.924     5.22    5.75
  12161.943   166.509     5.54    6.71
  12448.283   167.937     4.99    7.07
  12734.631   170.786     9.95    7.96
  13020.986   174.105    11.59    7.88
  13307.350   177.760    12.76    6.99
  13593.722   181.016    11.37    6.81
  13880.103   183.869     9.96    6.77
  14166.491   186.007     7.46    6.10
  14452.887   186.127     0.42    6.11
  14739.292   184.368    -6.14    8.06
  15025.704   181.559    -9.81    9.57
  15312.125   178.399   -11.03    9.77
  15598.554   175.712    -9.38    8.43
  15884.991   173.552    -7.54    6.34
  16171.436   171.965    -5.54    4.17
  16457.889   171.760    -0.72    4.19
  16744.350   171.873     0.39    4.48
  17030.820   172.696     2.87    4.67
  17317.297   173.950     4.38    4.91
  17603.783   175.177     4.28    5.43
  17890.277   176.583     4.91    5.39
  18176.778   177.455     3.05    4.71
  18463.288   177.665     0.73    4.38
  18749.806   177.134    -1.85    5.05
  19036.332   175.801    -4.65    5.62
  19322.867   174.148    -5.77    5.15
  19609.409   171.934    -7.73    4.07
  19895.960   169.791    -7.48    3.63
  20182.518   168.559    -4.30    3.39
  20469.085   168.190    -1.29    3.36
  20755.660   169.025     2.92    4.92
  21042.243   170.352     4.63    6.28
  21328.834   171.955     5.59    6.84
  21615.433   173.503     5.40    6.42
  21902.041   174.462     3.35    5.75
  22188.656   174.577     0.40    5.27
  22475.280   173.409    -4.07    6.18
  22761.912   170.569    -9.91    6.95
  23048.552   167.346   -11.24    6.93
  23335.200   164.215   -10.92    6.42
  23621.856   161.569    -9.23    5.56
  23908.520   158.812    -9.62    4.11
  24195.193   157.127    -5.88    3.41
  24481.873   156.714    -1.44    3.54
  24768.562   157.306     2.06    3.90
  25055.259   157.394     0.31    4.02
  25341.964   156.207    -4.14    5.43
  25628.677   153.246   -10.33    8.39
  25915.398   148.915   -15.11   11.30
  26202.127   143.869   -17.60   13.02
  26488.865   137.555   -22.02   13.52
  26775.611   131.536   -20.99   11.62
  27062.364   126.438   -17.78    8.40
  27349.126   122.748   -12.87    6.18
  27635.897   119.041   -12.93    5.79
  27922.675   116.010   -10.57    6.45
  28209.461   112.966   -10.61    7.72
  28496.256   110.126    -9.90    8.26
  28783.058   108.025    -7.33    7.43
  29069.869   107.119    -3.16    6.29
  29356.688   107.538     1.46    6.35
  29643.515   109.048     5.26    6.22
  29930.351   110.674     5.67    5.85
  30217.194   112.020     4.69    4.64
  30504.046   112.595     2.00    3.70
  30790.905   112.243    -1.23    3.01
  31077.773   112.056    -0.65    2.47
  31364.649   112.424     1.28    2.58
  31651.534   112.893     1.63    2.99
  31938.426   113.755     3.00    3.98
  32225.327   115.405     5.75    4.69
  32512.235   117.967     8.93    5.45
  32799.152   121.534    12.43    6.45
  33086.077   125.119    12.50    7.24
  33373.010   129.251    14.40    7.54
  33659.952   132.959    12.92    7.81
  33946.901   136.612    12.73    7.08
  34233.859   139.553    10.25    5.94
  34520.825   141.295     6.07    5.07
  34807.799   142.793     5.22    4.99
  35094.781   143.573     2.72    4.55
  35381.771   143.880     1.07    3.99
  35668.770   144.041     0.56    3.39
  35955.776   144.519     1.67    3.31
  36242.791   144.930     1.43    3.90
  36529.814   145.133     0.71    4.37
  36816.845   145.488     1.24    4.63
  37103.885   146.301     2.83    4.53
  37390.932   147.391     3.80    4.80
  37677.988   148.640     4.35    5.06
  37965.052   150.333     5.89    5.71
  38252.124   153.076     9.56    7.29
  38539.204   157.669    16.00   10.78
  38826.293   164.404    23.46   14.87
  39113.389   172.076    26.72   17.99
  39400.494   180.568    29.58   19.54
  39687.607   189.518    31.17   18.67
  39974.728   198.472    31.19   16.56
  40261.857   205.798    25.51   13.37
  40548.995   210.558    16.58    9.50
  40836.141   213.468    10.13    6.31
  41123.295   214.511     3.63    5.64
  41410.457   214.808     1.03    5.68
  41697.627   216.040     4.29    6.73
  41984.805   218.637     9.04    9.00
  42271.992   222.446    13.26   11.79
  42559.187   228.428    20.83   15.19
  42846.390   235.786    25.62   17.57
  43133.601   243.471    26.76   19.28
  43420.821   252.793    32.46   23.22
  43708.048   266.522    47.80   30.20
  43995.284   279.543    45.33   35.20
  44282.528   292.404    44.77   35.58
  44569.780   301.598    32.01   32.12
  44857.041   308.712    24.77   27.50
  45144.309   308.862     0.52   19.31
  45431.586   308.612    -0.87   14.16
  45718.871   306.650    -6.83    9.44
  46006.164   303.328   -11.56    6.99
  46293.466   300.156   -11.04    6.61
  46580.775   297.941    -7.71    6.89
  46867.537   295.762    -7.60    8.18
  47153.186   292.470   -11.53    8.86
  47438.842   289.415   -10.69    9.41
  47724.505   286.432   -10.44   10.14
  48010.176   283.250   -11.14   10.71
  48295.854   279.525   -13.04   10.84
  48581.539   276.493   -10.62   11.10
  48867.232   273.807    -9.40    9.34
  49152.932   272.303    -5.26    7.41
  49438.639   272.927     2.18    7.66
  49724.354   275.119     7.68    8.62
  50010.076   276.562     5.05    9.21
  50295.805   278.187     5.69    9.09
