-194372.846   122.271     0.00    1.27
-194086.397   122.227    -0.15    1.67
-193799.928   122.130    -0.34    1.83
-193513.438   122.007    -0.43    1.83
-193226.929   121.839    -0.59    1.85
-192940.400   121.807    -0.11    1.86
-192653.851   121.540    -0.93    1.47
-192367.281   121.566     0.09    1.66
-192080.692   121.574     0.03    1.68
-191794.082   121.608     0.12    1.63
-191507.453   121.740     0.46    1.58
-191220.803   121.879     0.49    1.60
-190934.133   121.814    -0.23    1.58
-190647.443   121.837     0.08    1.61
-190360.733   121.740    -0.34    1.54
-190074.003   121.671    -0.24    1.47
-189787.253   121.747     0.26    1.40
-189500.482   121.876     0.45    1.26
-189213.692   122.036     0.56    1.25
-188926.881   122.180     0.50    1.21
-188640.050   122.255     0.26    1.22
-188353.199   122.247    -0.03    1.27
-188066.328   122.350     0.36    1.36
-187779.437   122.356     0.02    1.36
-187492.525   122.349    -0.02    1.31
-187205.594   122.431     0.29    1.37
-186918.642   122.506     0.26    1.31
-186631.670   122.644     0.48    1.20
-186344.678   122.768     0.43    1.18
-186057.666   122.904     0.48    1.14
-185770.633   123.155     0.87    1.14
-185483.580   123.522     1.28    1.24
-185196.507   123.724     0.70    1.30
-184909.414   124.011     1.00    1.31
-184622.301   124.181     0.59    1.33
-184335.167   124.434     0.88    1.29
-184048.014   124.409    -0.08    1.25
-183760.840   124.299    -0.39    1.40
-183473.645   124.269    -0.10    1.44
-183186.431   124.318     0.17    1.59
-182899.196   124.127    -0.66    1.69
-182611.941   123.893    -0.81    1.79
-182324.666   123.633    -0.91    1.82
-182037.371   123.284    -1.21    1.81
-181750.055   122.843    -1.53    1.66
-181462.719   122.343    -1.74    1.42
-181175.363   122.120    -0.78    1.44
-180887.986   121.928    -0.67    1.51
-180600.589   121.706    -0.77    1.52
-180313.172   121.292    -1.44    1.49
-180025.735   121.142    -0.52    1.44
-179738.277   120.919    -0.77    1.51
-179450.799   120.679    -0.84    1.41
-179163.301   120.382    -1.03    1.31
-178875.783   120.224    -0.55    1.38
-178588.244   120.120    -0.36    1.47
-178300.685   119.908    -0.74    1.36
-178013.105   119.636    -0.95    1.39
-177725.505   119.448    -0.66    1.49
-177437.885   119.065    -1.33    1.59
-177150.245   118.891    -0.61    1.56
-176862.584   118.914     0.08    1.81
-176574.902   118.865    -0.17    2.06
-176287.201   119.145     0.97    2.41
-175999.479   119.204     0.20    2.43
-175711.737   118.899    -1.06    2.34
-175423.974   118.911     0.04    2.25
-175136.191   118.719    -0.66    2.11
-174848.388   118.514    -0.71    2.00
-174560.564   118.198    -1.10    1.64
-174272.720   117.911    -0.99    1.34
-173984.855   117.913     0.01    1.35
-173696.970   117.885    -0.10    1.32
-173409.065   117.856    -0.10    1.34
-173121.139   117.820    -0.12    1.27
-172833.193   117.913     0.32    1.31
-172545.226   117.837    -0.26    1.33
-172257.239   117.715    -0.42    1.32
-171969.232   117.679    -0.13    1.32
-171681.204   117.497    -0.63    1.37
-171393.156   117.313    -0.64    1.36
-171105.087   117.070    -0.84    1.31
-170816.998   116.794    -0.96    1.34
-170528.888   116.505    -1.00    1.34
-170240.758   116.326    -0.62    1.41
-169952.607   116.014    -1.08    1.42
-169664.436   115.706    -1.07    1.37
-169376.245   115.540    -0.58    1.40
-169088.033   115.371    -0.59    1.27
-168799.800   115.232    -0.48    1.26
-168511.547   115.218    -0.05    1.30
-168223.274   115.168    -0.17    1.23
-167934.980   115.260     0.32    1.18
-167646.666   115.271     0.04    1.12
-167358.331   115.356     0.29    1.10
-167069.975   115.136    -0.76    1.18
-166781.599   114.685    -1.56    1.29
-166493.203   114.311    -1.30    1.57
-166204.786   113.844    -1.62    1.67
-165916.348   113.636    -0.72    1.78
-165627.890   113.138    -1.72    1.76
-165339.411   112.747    -1.36    1.87
-165050.912   112.395    -1.22    1.92
-164762.393   112.057    -1.17    1.88
-164473.852   111.809    -0.86    1.85
-164185.291   111.599    -0.73    1.75
-163896.710   111.328    -0.94    1.56
-163608.108   111.057    -0.94    1.36
-163319.485   110.938    -0.41    1.47
-163030.842   110.760    -0.61    1.62
-162742.178   110.397    -1.26    1.67
-162453.494   110.018    -1.31    1.57
-162164.789   109.847    -0.59    1.49
-161876.064   109.582    -0.92    1.46
-161587.318   109.176    -1.41    1.43
-161298.551   108.712    -1.60    1.54
-161009.763   108.724     0.04    1.86
-160720.955   108.820     0.33    2.11
-160432.127   108.607    -0.74    2.21
-160143.278   108.299    -1.07    2.13
-159856.102   107.952    -1.21    2.06
-159571.519   107.627    -1.14    2.16
-159286.916   107.259    -1.29    2.18
-159002.295   106.531    -2.56    1.81
-158717.654   106.285    -0.86    2.22
-158432.994   105.850    -1.53    2.12
-158148.314   105.397    -1.59    1.94
-157863.615   104.896    -1.76    1.82
-157578.897   104.680    -0.76    1.79
-157294.160   104.379    -1.06    1.54
-157009.403   104.150    -0.80    1.55
-156724.627   104.053    -0.34    1.65
-156439.832   103.853    -0.70    1.66
-156155.017   103.523    -1.16    1.78
-155870.183   103.044    -1.68    1.75
-155585.329   102.592    -1.59    1.72
-155300.457   102.154    -1.54    1.81
-155015.564   101.918    -0.83    2.11
-154730.653   101.684    -0.82    2.43
-154445.722   101.689     0.02    2.66
-154160.772   101.403    -1.00    3.14
-153875.802   101.162    -0.85    3.91
-153590.813   100.839    -1.13    4.11
-153305.805    99.838    -3.51    4.55
-153020.777    98.361    -5.18    4.64
-152735.730    96.896    -5.14    4.71
-152450.664    95.644    -4.39    4.13
-152165.578    95.152    -1.73    3.82
-151880.473    94.574    -2.03    3.10
-151595.348    94.447    -0.45    3.03
-151310.204    94.452     0.02    2.91
-151025.040    95.268     2.86    3.12
-150739.858    95.324     0.20    3.43
-150454.655    95.024    -1.05    3.83
-150169.433    95.053     0.10    4.13
-149884.192    95.154     0.35    4.44
-149598.932    94.840    -1.10    4.67
-149313.651    94.865     0.09    4.77
-149028.352    94.850    -0.05    5.00
-148743.033    95.022     0.60    5.10
-148457.695    95.347     1.14    5.29
-148172.337    95.269    -0.27    4.97
-147886.959    94.742    -1.85    4.79
-147601.562    94.373    -1.29    4.61
-147316.146    94.463     0.32    4.60
-147030.710    94.669     0.72    4.81
-146745.255    94.803     0.47    4.87
-146459.780    95.361     1.95    5.29
-146174.286    95.901     1.89    5.46
-145888.772    97.118     4.26    6.07
-145603.239    98.368     4.38    6.86
-145317.686    99.232     3.03    7.20
-145032.114    99.288     0.20    7.42
-144746.522    99.610     1.13    7.43
-144460.911    99.096    -1.80    7.56
-144175.280    98.343    -2.64    7.36
-143889.630    96.710    -5.72    6.64
-143603.960    95.296    -4.95    5.39
-143318.270    94.005    -4.52    4.66
-143032.561    93.981    -0.08    4.47
-142746.833    94.049     0.24    5.09
-142461.085    94.373     1.14    5.35
-142175.317    94.206    -0.58    5.52
-141889.530    94.023    -0.64    5.88
-141603.723    94.011    -0.04    6.17
-141317.897    93.966    -0.16    6.14
-141032.051    93.171    -2.78    5.54
-140746.186    92.845    -1.14    5.31
-140460.300    92.371    -1.66    5.43
-140174.396    92.505     0.47    5.69
-139888.472    92.916     1.44    6.40
-139602.528    94.112     4.18    6.72
-139316.564    94.870     2.65    6.21
-139030.581    95.671     2.80    5.93
-138744.578    96.324     2.28    5.22
-138458.556    96.828     1.76    4.79
-138172.514    96.247    -2.03    5.12
-137886.453    94.961    -4.50    5.39
-137600.372    94.608    -1.23    6.20
-137314.271    93.742    -3.03    7.45
-137028.150    92.566    -4.11    7.71
-136742.010    90.462    -7.35    8.11
-136455.850    89.113    -4.72    8.19
-136169.671    87.498    -5.64    8.09
-135883.472    86.206    -4.51    7.50
-135597.253    85.036    -4.09    6.23
-135311.015    84.361    -2.36    5.88
-135024.757    84.557     0.69    6.26
-134738.479    85.592     3.62    6.84
-134452.182    86.296     2.46    7.57
-134165.864    87.243     3.31    7.88
-133879.528    87.801     1.95    8.03
-133593.171    88.408     2.12    7.63
-133306.795    87.383    -3.58    7.74
-133020.399    86.893    -1.71    7.72
-132733.983    85.910    -3.43    7.99
-132447.548    84.820    -3.80    7.66
-132161.093    83.285    -5.36    7.79
-131874.618    82.940    -1.20    8.15
-131588.124    83.212     0.95    8.52
-131301.609    84.044     2.90    9.12
-131015.075    85.019     3.40    9.97
-130728.522    85.904     3.09   10.04
-130441.948    86.607     2.45   10.34
-130155.355    87.307     2.44   10.36
-129868.742    87.369     0.22   10.86
-129582.109    87.735     1.28   10.95
-129295.457    87.814     0.27   11.07
-129008.784    87.829     0.05   10.98
-128722.092    88.925     3.82   10.99
-128435.381    90.210     4.48   10.87
-128148.649    91.591     4.82    9.95
-127861.897    92.829     4.32    9.47
-127575.126    93.775     3.30    9.41
-127288.335    94.792     3.55    8.89
-127001.524    95.566     2.70    8.71
-126714.694    96.224     2.29    7.77
-126427.843    96.625     1.40    7.13
-126140.973    96.817     0.67    6.94
-125854.083    96.453    -1.27    7.11
-125567.173    95.100    -4.71    7.48
-125280.243    94.345    -2.63    8.68
-124993.294    94.862     1.80    9.69
-124706.324    96.392     5.33   10.83
-124419.335    97.566     4.09   11.39
-124132.326    98.925     4.73   11.21
-123845.297   100.523     5.57   10.55
-123558.248   101.957     5.00    9.37
-123271.179   103.296     4.66    7.24
-122984.091   103.967     2.34    5.57
-122696.982   103.108    -2.99    5.77
-122409.854   102.566    -1.89    5.14
-122122.706   102.392    -0.61    5.13
-121835.537   102.260    -0.46    4.95
-121548.349   101.727    -1.86    5.07
-121261.141   101.247    -1.67    4.76
-120973.914   100.299    -3.30    5.01
-120686.666    99.921    -1.31    5.38
-120399.398    99.207    -2.49    5.82
-120112.111    98.557    -2.26    5.35
-119824.803    97.592    -3.36    5.03
-119537.476    97.565    -0.09    4.66
-119250.128    97.717     0.53    3.99
-118962.761    97.470    -0.86    3.41
-118675.374    96.715    -2.62    3.17
-118387.967    96.441    -0.95    4.03
-118100.540    96.154    -1.00    5.21
-117813.092    95.088    -3.71    6.44
-117525.625    92.566    -8.77    7.98
-117238.138    89.282   -11.42    8.47
-116950.631    85.826   -12.02    8.16
-116663.104    84.204    -5.64    7.70
-116375.557    83.824    -1.32    8.89
-116087.990    85.735     6.64   12.05
-115800.404    90.882    17.90   15.52
-115512.797    97.169    21.86   17.35
-115225.170   103.497    22.00   16.88
-114937.523   109.591    21.18   13.55
-114649.856   113.792    14.60    9.57
-114362.169   116.264     8.59    5.02
-114074.462   116.138    -0.44    5.05
-113786.735   114.801    -4.65    5.82
-113498.988   113.204    -5.55    5.53
-113211.221   111.812    -4.84    4.73
-112923.434   110.738    -3.73    4.74
-112635.627   110.591    -0.51    4.74
-112347.799   110.972     1.33    4.82
-112059.952   112.724     6.09    4.82
-111772.085   114.754     7.05    4.95
-111484.197   117.095     8.13    4.82
-111196.290   119.210     7.34    5.05
-110908.363   121.338     7.39    4.87
-110620.415   122.796     5.06    3.76
-110332.447   123.345     1.91    2.76
-110044.460   123.104    -0.84    2.74
-109756.452   122.470    -2.20    2.98
-109468.424   122.181    -1.00    3.35
-109180.376   122.465     0.98    3.88
-108892.308   122.677     0.74    4.06
-108604.219   122.908     0.80    3.88
-108316.111   122.583    -1.13    4.30
-108027.982   121.040    -5.35    5.62
-107739.834   118.591    -8.50    7.62
-107451.665   115.785    -9.74    8.51
-107163.476   114.260    -5.29    8.77
-106875.267   112.599    -5.77    8.90
-106587.038   110.998    -5.55    9.13
-106298.789   108.975    -7.02    9.45
-106010.519   107.582    -4.83    9.30
-105722.229   106.367    -4.22    8.91
-105433.920   105.396    -3.37    8.55
-105145.590   103.773    -5.63    8.60
-104857.240   103.260    -1.78    9.03
-104568.869   102.970    -1.01   10.61
-104280.479   100.950    -7.00   12.73
-103992.068    98.540    -8.36   14.37
-103703.637    95.710    -9.81   15.24
-103415.186    93.978    -6.00   15.68
-103126.715    92.258    -5.96   15.14
-102838.223    89.803    -8.51   14.06
-102549.711    87.668    -7.40   14.30
-102261.180    86.168    -5.20   14.74
-101972.627    84.677    -5.17   14.92
-101684.055    83.061    -5.60   15.76
-101395.462    81.583    -5.12   16.95
-101106.849    80.863    -2.50   17.87
-100818.216    79.719    -3.96   18.04
-100529.563    79.150    -1.97   16.68
-100240.889    79.018    -0.46   15.41
 -99952.196    79.152     0.46   14.87
 -99663.481    78.207    -3.27   12.79
 -99374.747    76.828    -4.77   11.25
 -99085.992    75.644    -4.10   10.56
 -98797.217    72.565   -10.66   12.98
 -98508.422    67.856   -16.31   14.50
 -98219.607    61.651   -21.48   14.19
 -97932.995    56.522   -17.89   13.09
 -97648.387    51.755   -16.75   12.60
 -97363.761    46.704   -17.75   10.35
 -97079.115    43.737   -10.42    8.57
 -96794.450    42.027    -6.00    7.48
 -96509.767    40.794    -4.33    5.93
 -96225.064    39.618    -4.13    3.82
 -95940.343    40.192     2.02    3.83
 -95655.603    41.414     4.29    3.31
 -95370.843    41.890     1.67    3.22
 -95086.065    42.340     1.58    3.22
 -94801.267    42.549     0.73    3.11
 -94516.451    42.683     0.47    3.24
 -94231.616    42.540    -0.50    3.32
 -93946.762    42.652     0.39    3.74
 -93661.888    43.294     2.25    3.95
 -93376.996    44.890     5.60    4.43
 -93092.085    46.224     4.68    4.54
 -92807.154    46.636     1.44    5.04
 -92522.205    47.458     2.89    4.89
 -92237.237    48.335     3.08    4.39
 -91952.249    48.574     0.84    3.92
 -91667.243    48.854     0.98    3.77
 -91382.218    49.120     0.93    3.76
 -91097.173    49.393     0.96    3.51
 -90812.110    49.574     0.64    3.04
 -90527.027    50.473     3.15    3.14
 -90241.926    51.446     3.41    2.73
 -89956.805    51.865     1.47    2.62
 -89671.665    52.147     0.99    2.51
 -89386.506    52.400     0.89    2.51
 -89101.329    52.470     0.25    2.55
 -88816.132    52.350    -0.42    2.73
 -88530.916    52.266    -0.29    3.35
 -88245.681    52.352     0.30    4.33
 -87960.427    51.730    -2.18    5.28
 -87675.153    49.940    -6.27    5.57
 -87389.861    48.830    -3.89    5.96
 -87104.550    47.865    -3.38    5.89
 -86819.219    48.112     0.86    5.74
 -86533.870    48.625     1.80    5.33
 -86248.501    48.633     0.02    4.59
 -85963.113    48.749     0.41    4.48
 -85677.706    48.636    -0.40    4.26
 -85392.280    49.362     2.55    3.77
 -85106.835    50.379     3.56    3.25
 -84821.370    51.133     2.64    3.30
 -84535.887    51.890     2.65    3.48
 -84250.384    53.325     5.03    3.67
 -83964.862    54.591     4.43    3.91
 -83679.321    56.091     5.25    3.63
 -83393.761    57.767     5.87    3.22
 -83108.182    59.269     5.26    3.50
 -82822.584    60.859     5.57    3.75
 -82536.966    62.471     5.64    3.91
 -82251.329    63.760     4.51    4.00
 -81965.673    65.252     5.22    3.92
 -81679.998    66.201     3.32    3.80
 -81394.304    67.040     2.94    3.81
 -81108.590    67.257     0.76    3.52
 -80822.858    67.161    -0.34    3.43
 -80537.106    67.230     0.24    3.13
 -80251.335    67.090    -0.49    2.77
 -79965.544    67.372     0.99    3.19
 -79679.735    68.238     3.03    4.15
 -79393.906    69.928     5.91    5.38
 -79108.058    71.990     7.21    6.07
 -78822.191    73.944     6.83    6.46
 -78536.305    76.136     7.67    6.59
 -78250.399    78.904     9.68    5.90
 -77964.474    81.887    10.43    4.53
 -77678.530    83.833     6.80    3.60
 -77392.566    84.996     4.07    3.29
 -77106.584    85.796     2.80    3.05
 -76820.582    86.383     2.05    3.06
 -76534.561    86.522     0.49    3.66
 -76248.520    86.409    -0.40    4.03
 -75962.460    85.805    -2.11    4.60
 -75676.381    84.382    -4.97    5.21
 -75390.283    83.161    -4.27    4.49
 -75104.166    83.399     0.83    4.48
 -74818.029    83.957     1.95    4.55
 -74531.873    84.882     3.23    4.22
 -74245.697    85.290     1.43    4.22
 -73959.502    86.344     3.68    4.55
 -73673.288    87.920     5.51    5.15
 -73387.055    89.764     6.44    5.54
 -73100.802    91.210     5.05    5.89
 -72814.530    92.499     4.50    6.23
 -72528.239    94.549     7.16    6.33
 -72241.928    96.730     7.62    5.17
 -71955.598    97.790     3.70    4.00
 -71669.249    97.549    -0.84    4.19
 -71382.880    96.862    -2.40    4.74
 -71096.492    95.721    -3.98    5.08
 -70810.085    93.782    -6.77    4.24
 -70523.658    92.309    -5.14    3.15
 -70237.212    91.307    -3.50    2.37
 -69950.746    91.066    -0.84    2.40
 -69664.261    91.350     0.99    2.60
 -69377.757    91.683     1.16    2.85
 -69091.234    92.303     2.16    3.34
 -68804.691    93.608     4.55    3.98
 -68518.128    94.389     2.73    4.10
 -68231.546    94.652     0.92    3.87
 -67944.945    94.976     1.13    3.72
 -67658.325    95.140     0.57    3.80
 -67371.685    94.591    -1.92    3.90
 -67085.025    93.574    -3.55    4.17
 -66798.346    92.349    -4.28    3.95
 -66511.648    91.456    -3.11    3.61
 -66224.930    91.010    -1.56    3.51
 -65938.193    90.608    -1.40    3.05
 -65651.437    89.786    -2.87    2.26
 -65364.661    90.086     1.05    2.38
 -65077.865    90.888     2.80    2.63
 -64791.050    91.896     3.52    3.02
 -64504.216    92.625     2.54    3.08
 -64217.362    93.162     1.87    3.09
 -63930.489    93.357     0.68    3.15
 -63643.596    94.049     2.41    3.87
 -63356.684    95.193     3.99    5.41
 -63069.752    95.765     2.00    6.54
 -62782.801    95.856     0.32    7.43
 -62495.830    96.796     3.28    7.64
 -62208.840    97.498     2.45    7.76
 -61921.831    98.057     1.95    6.96
 -61634.801    97.540    -1.80    6.19
 -61347.753    96.254    -4.48    5.67
 -61060.685    94.648    -5.60    5.53
 -60773.597    93.471    -4.10    5.42
 -60486.490    91.738    -6.04    5.45
 -60199.363    90.549    -4.14    5.21
 -59912.217    89.450    -3.82    5.46
 -59625.051    88.359    -3.80    5.97
 -59337.866    87.472    -3.09    6.03
 -59050.661    86.368    -3.84    6.64
 -58763.436    85.278    -3.80    7.22
 -58476.192    84.480    -2.78    7.26
 -58188.929    83.659    -2.86    7.00
 -57901.646    82.440    -4.24    6.34
 -57614.343    81.607    -2.90    5.24
 -57327.021    81.497    -0.38    3.85
 -57039.679    81.924     1.49    3.50
 -56752.318    81.515    -1.42    3.39
 -56464.937    81.497    -0.06    3.30
 -56177.536    81.386    -0.39    3.12
 -55890.116    81.749     1.26    2.88
 -55602.677    81.840     0.32    2.75
 -55315.217    82.172     1.16    2.65
 -55027.738    82.592     1.46    2.60
 -54740.240    82.915     1.12    2.39
 -54452.722    83.116     0.70    2.42
 -54165.184    83.112    -0.02    2.54
 -53877.626    83.337     0.78    3.31
 -53590.049    83.739     1.40    3.60
 -53302.453    84.155     1.45    3.90
 -53014.836    85.057     3.13    4.05
 -52727.200    86.015     3.33    4.40
 -52439.545    87.243     4.27    3.79
 -52151.870    87.712     1.63    3.35
 -51864.175    87.747     0.12    3.40
 -51576.460    87.574    -0.60    3.48
 -51288.726    87.499    -0.26    3.54
 -51000.972    87.023    -1.65    3.39
 -50713.198    86.678    -1.20    3.05
 -50425.405    87.147     1.63    3.46
 -50137.592    88.415     4.41    4.31
 -49849.759    90.686     7.89    5.34
 -49561.907    92.282     5.54    5.19
 -49274.035    93.640     4.72    4.75
 -48986.143    94.820     4.10    4.21
 -48698.232    94.669    -0.52    3.82
 -48410.301    93.483    -4.12    4.45
 -48122.350    92.231    -4.35    4.56
 -47834.379    91.019    -4.21    4.32
 -47546.389    89.848    -4.07    4.08
 -47258.379    88.598    -4.34    3.46
 -46970.349    87.840    -2.63    3.43
 -46682.299    87.135    -2.45    3.46
 -46394.230    86.255    -3.05    3.66
 -46106.141    85.549    -2.45    3.40
 -45818.032    84.404    -3.97    3.18
 -45529.903    83.186    -4.23    3.09
 -45241.755    82.057    -3.92    3.69
 -44953.587    80.557    -5.21    4.01
 -44665.399    79.147    -4.89    3.69
 -44377.191    78.057    -3.78    3.24
 -44088.964    77.404    -2.26    3.01
 -43800.717    77.162    -0.84    3.04
 -43512.450    77.126    -0.12    3.22
 -43224.163    77.378     0.87    3.24
 -42935.856    77.799     1.46    3.02
 -42647.530    78.240     1.53    2.68
 -42359.183    78.728     1.69    2.37
 -42070.817    79.273     1.89    2.46
 -41782.431    79.317     0.15    2.76
 -41494.026    79.565     0.86    3.26
 -41205.600    79.738     0.60    3.75
 -40917.155    79.349    -1.35    4.25
 -40628.689    78.965    -1.33    4.33
 -40340.204    78.930    -0.12    4.81
 -40051.699    78.574    -1.23    5.59
 -39763.175    78.086    -1.69    6.46
 -39474.630    78.276     0.66    6.83
 -39186.065    78.352     0.26    6.61
 -38897.481    76.557    -6.22    7.14
 -38608.877    74.365    -7.59    8.85
 -38320.253    72.232    -7.39    9.65
 -38031.609    69.868    -8.19    9.60
 -37742.945    66.307   -12.33    8.98
 -37454.261    63.481    -9.79    7.14
 -37165.557    61.249    -7.73    4.81
 -36876.833    60.822    -1.48    4.03
 -36588.090    61.781     3.32    5.08
 -36299.327    63.607     6.32    6.89
 -36013.204    65.735     7.44    7.74
 -35728.557    67.364     5.72    7.62
 -35443.892    68.523     4.07    7.13
 -35159.208    69.372     2.98    6.63
 -34874.506    69.113    -0.91    6.78
 -34589.785    67.326    -6.27    7.29
 -34305.045    65.294    -7.14    6.89
 -34020.287    63.673    -5.70    6.69
 -33735.510    62.609    -3.73    6.35
 -33450.715    62.614     0.02    6.22
 -33165.900    62.762     0.52    5.97
 -32881.068    62.790     0.10    5.45
 -32596.217    62.086    -2.47    5.96
 -32311.347    62.573     1.71    6.26
 -32026.458    64.006     5.03    6.63
 -31741.551    65.311     4.58    7.26
 -31456.625    64.499    -2.85    7.85
 -31171.681    62.986    -5.31    8.58
 -30886.718    60.859    -7.46    9.13
 -30601.736    57.659   -11.23    9.11
 -30316.736    53.313   -15.25    8.29
 -30031.717    49.238   -14.30    6.82
 -29746.679    46.514    -9.56    6.08
 -29461.622    44.415    -7.36    5.55
 -29176.547    42.532    -6.61    4.82
 -28891.454    40.981    -5.44    4.57
 -28606.341    40.070    -3.20    4.60
 -28321.210    39.425    -2.26    4.74
 -28036.060    38.896    -1.85    5.24
 -27750.892    38.345    -1.93    5.85
 -27465.705    38.457     0.39    6.23
 -27180.499    38.749     1.02    6.71
 -26895.274    39.281     1.87    6.68
 -26610.031    39.499     0.76    5.92
 -26324.769    39.475    -0.08    4.91
 -26039.488    39.324    -0.53    4.24
 -25754.189    39.490     0.58    5.15
 -25468.871    39.516     0.09    6.42
 -25183.534    38.899    -2.16    6.99
 -24898.178    38.255    -2.26    7.93
 -24612.804    36.994    -4.42    7.69
 -24327.411    35.095    -6.65    6.51
 -24041.999    33.365    -6.06    4.73
 -23756.568    32.074    -4.52    2.65
 -23471.119    31.759    -1.10    2.31
 -23185.651    32.745     3.46    4.02
 -22900.164    33.911     4.08    4.72
 -22614.658    34.111     0.70    4.75
 -22329.134    33.774    -1.18    4.93
 -22043.591    32.962    -2.84    5.27
 -21758.029    31.857    -3.87    5.48
 -21472.448    30.736    -3.93    5.13
 -21186.849    28.980    -6.15    4.76
 -20901.230    26.150    -9.91    5.34
 -20615.593    24.524    -5.69    5.24
 -20329.937    24.725     0.70    6.62
 -20044.262    26.161     5.03    8.81
 -19758.569    28.157     6.99    9.62
 -19472.856    29.342     4.15    9.20
 -19187.125    30.694     4.73    8.55
 -18901.375    31.152     1.60    7.44
 -18615.606    29.722    -5.00    7.33
 -18329.818    28.634    -3.81    6.87
 -18044.012    26.938    -5.93    5.76
 -17758.186    25.201    -6.08    4.47
 -17472.342    23.657    -5.40    3.27
 -17186.479    22.955    -2.45    2.45
 -16900.597    22.506    -1.57    2.30
 -16614.696    22.155    -1.23    2.18
 -16328.777    21.930    -0.79    2.01
 -16042.838    21.933     0.01    2.33
 -15756.881    22.081     0.52    2.97
 -15470.904    22.024    -0.20    3.20
 -15184.909    22.040     0.06    3.39
 -14898.895    21.863    -0.62    3.37
 -14612.862    21.090    -2.70    2.82
 -14326.810    20.258    -2.91    1.74
 -14040.739    18.942    -4.60    3.48
 -13754.650    17.633    -4.58    4.69
 -13468.541    16.790    -2.94    5.22
 -13182.414    16.349    -1.54    5.03
 -12896.267    16.120    -0.80    4.91
 -12610.102    16.481     1.26    4.15
 -12323.918    17.172     2.42    2.82
 -12037.714    17.566     1.37    2.17
 -11751.492    17.623     0.20    2.17
 -11465.251    17.757     0.47    2.23
 -11178.991    18.066     1.08    1.98
 -10892.712    18.008    -0.20    2.02
 -10606.414    17.847    -0.56    2.19
 -10320.098    17.531    -1.10    2.43
 -10033.762    16.660    -3.04    2.79
  -9747.407    15.999    -2.31    2.68
  -9461.033    15.732    -0.93    2.96
  -9174.640    15.848     0.40    3.03
  -8888.229    15.999     0.53    3.23
  -8601.798    16.280     0.98    3.40
  -8315.348    16.822     1.89    3.64
  -8028.880    17.169     1.21    4.02
  -7742.392    17.690     1.82    3.89
  -7455.885    17.396    -1.03    3.47
  -7169.360    16.642    -2.63    3.07
  -6882.815    15.874    -2.68    3.08
  -6596.251    14.999    -3.05    2.76
  -6309.668    13.952    -3.65    2.80
  -6023.067    12.320    -5.69    3.86
  -5736.446    10.670    -5.75    4.43
  -5449.806     9.648    -3.57    4.02
  -5163.147     9.031    -2.15    3.64
  -4876.469     8.844    -0.65    3.23
  -4589.773     9.036     0.67    3.20
  -4303.057     9.337     1.05    4.93
  -4016.322     9.583     0.86    6.18
  -3729.567    10.390     2.81    6.70
  -3442.794    11.322     3.25    6.80
  -3156.002    13.174     6.46    7.76
  -2869.191    15.232     7.18    9.27
  -2582.360    17.523     7.99   11.22
  -2295.511    20.514    10.43   12.12
  -2008.642    21.719     4.20   11.93
  -1721.755    21.073    -2.25   13.23
  -1434.848    18.714    -8.22   14.88
  -1147.922    15.350   -11.72   16.03
   -860.977    10.768   -15.97   15.81
   -574.013     5.920   -16.90   13.24
   -287.030     1.868   -14.12    7.67
     -0.028     1.925     0.20    6.95
    286.993     5.983    14.14   10.88
    574.034    10.930    17.23   13.56
    861.094    17.347    22.35   15.50
   1148.172    24.431    24.68   15.52
   1435.270    30.994    22.86   13.33
   1722.387    36.668    19.76   11.09
   2009.523    42.316    19.67   10.47
   2296.679    47.606    18.42   11.74
   2583.853    54.160    22.82   13.57
   2871.047    62.368    28.58   14.87
   3158.260    69.841    26.02   15.33
   3445.492    77.565    26.89   13.46
   3732.743    83.138    19.40   11.59
   4020.013    88.095    17.25    9.13
   4307.303    91.549    12.02    6.66
   4594.612    93.640     7.28    4.70
   4881.939    95.364     6.00    5.53
   5169.287    98.125     9.61    6.64
   5456.653   100.044     6.68    7.40
   5744.038   100.241     0.68    8.48
   6031.443    96.660   -12.46   15.52
   6318.867    92.375   -14.91   20.17
   6606.310    89.307   -10.67   22.21
   6893.773    87.186    -7.38   24.70
   7181.254    88.327     3.97   27.97
   7468.755    91.887    12.38   32.45
   7756.275    98.743    23.85   35.76
   8043.814   109.908    38.83   38.34
   8331.373   123.696    47.95   40.37
   8618.951   136.932    46.03   39.03
   8906.548   150.684    47.82   30.67
   9194.164   162.904    42.49   21.03
   9481.800   170.086    24.97   15.09
   9769.455   173.816    12.97   11.94
  10057.129   174.856     3.62   10.84
  10344.822   173.325    -5.32   11.77
  10632.535   169.049   -14.87   15.01
  10920.267   162.212   -23.76   19.69
  11208.018   155.199   -24.37   21.85
  11495.789   148.917   -21.83   20.15
  11783.579   145.226   -12.83   16.50
  12071.388   143.135    -7.27   15.05
  12359.216   147.664    15.74   17.87
  12647.064   153.639    20.76   18.71
  12934.931   157.998    15.14   16.57
  13222.818   160.942    10.23   14.36
  13510.723   158.929    -6.99   18.67
  13798.648   153.549   -18.69   28.53
  14086.593   146.854   -23.25   33.63
  14374.557   138.890   -27.65   34.02
  14662.540   132.065   -23.70   33.99
  14950.542   127.121   -17.17   32.37
  15238.564   121.888   -18.17   29.24
  15526.605   119.801    -7.25   27.38
  15814.666   118.168    -5.67   24.38
  16102.746   118.472     1.05   22.99
  16390.845   122.957    15.57   22.97
  16678.964   126.657    12.84   21.63
  16967.102   131.754    17.69   19.82
  17255.259   136.161    15.29   14.95
  17543.436   138.949     9.67   12.36
  17831.632   144.349    18.74   14.55
  18119.848   152.777    29.25   19.38
  18408.083   161.474    30.17   20.24
  18696.337   167.150    19.69   17.98
  18984.611   171.082    13.64   14.94
  19272.904   173.350     7.87   12.22
  19561.217   172.345    -3.49   12.51
  19849.549   169.815    -8.77   13.68
  20137.900   168.759    -3.66   14.05
  20426.271   168.138    -2.15   15.71
  20714.662   168.722     2.02   15.57
  21003.072   168.420    -1.05   14.82
  21291.501   166.364    -7.13   13.90
  21579.950   164.896    -5.09   13.78
  21868.418   161.309   -12.43   13.71
  22156.906   156.828   -15.53   12.04
  22445.413   152.885   -13.67   11.07
  22733.940   152.917     0.11   12.55
  23022.486   155.292     8.23   15.20
  23311.051   157.092     6.24   15.89
  23599.636   155.515    -5.46   20.41
  23888.241   155.475    -0.14   21.41
  24176.865   158.198     9.44   19.15
  24465.509   157.754    -1.54   16.83
  24754.172   155.265    -8.62   18.60
  25042.854   152.299   -10.28   21.09
  25331.556   151.201    -3.80   20.93
  25620.278   148.319    -9.98   22.75
  25905.938   147.105    -4.25   21.96
  26190.624   145.413    -5.94   20.95
  26475.329   143.432    -6.96   22.02
  26760.052   142.393    -3.65   20.69
  27044.793   138.944   -12.11   20.07
  27329.552   132.760   -21.71   18.49
  27614.330   127.990   -16.75   17.83
  27899.125   126.565    -5.00   17.13
  28183.939   128.120     5.46   17.34
  28468.772   130.838     9.54   19.42
  28753.622   135.631    16.83   23.32
  29038.491   141.100    19.20   26.67
  29323.378   147.631    22.92   29.44
  29608.283   153.445    20.41   29.32
  29893.206   158.893    19.12   27.13
  30178.148   165.235    22.26   27.41
  30463.108   170.121    17.15   28.25
  30748.086   177.582    26.18   26.72
  31033.082   188.557    38.51   22.65
  31318.097   198.254    34.02   24.05
  31603.130   210.691    43.63   24.52
  31888.181   223.382    44.52   24.65
  32173.250   235.912    43.96   23.77
  32458.338   244.963    31.75   19.95
  32743.444   250.238    18.50   15.31
  33028.568   248.524    -6.01   17.45
  33313.711   242.155   -22.34   23.65
  33598.872   232.086   -35.31   29.41
  33884.051   215.388   -58.56   32.91
  34169.248   196.896   -64.84   34.18
  34454.464   177.831   -66.85   36.13
  34739.698   155.959   -76.68   43.74
  35024.951   137.865   -63.43   44.54
  35310.222   128.073   -34.33   40.45
  35595.511   124.212   -13.53   38.96
  35880.818   128.315    14.38   42.40
  36166.144   135.061    23.64   44.55
  36451.488   140.489    19.02   43.98
  36736.850   150.565    35.31   40.74
  37022.231   152.335     6.20   41.25
  37307.630   144.967   -25.82   46.67
  37593.048   135.471   -33.27   45.66
  37878.483   123.549   -41.77   38.47
  38163.938   110.549   -45.54   31.01
  38449.410   104.490   -21.22   24.23
  38734.901   104.008    -1.69   22.87
  39020.410   106.508     8.76   23.34
  39305.938   111.807    18.56   28.79
  39591.484   119.385    26.54   35.21
  39877.049   131.276    41.64   40.29
  40162.632   142.150    38.08   46.16
  40448.233   154.355    42.74   50.15
  40733.852   162.788    29.53   53.59
  41019.490   163.591     2.81   53.44
  41305.147   173.532    34.80   46.54
  41590.822   181.180    26.77   39.53
  41876.515   187.086    20.67   32.42
  42162.227   191.402    15.11   27.85
  42447.957   192.524     3.93   25.92
  42733.705   189.114   -11.93   26.51
  43019.472   187.069    -7.16   25.90
  43305.258   186.103    -3.38   24.90
  43591.062   186.952     2.97   27.20
  43876.884   191.879    17.24   32.46
  44162.725   197.947    21.23   36.99
  44448.584   204.679    23.55   37.82
  44734.462   211.490    23.83   37.26
  45020.358   220.779    32.49   35.55
  45306.272   235.133    50.20   37.18
  45592.206   252.102    59.35   39.37
  45878.157   272.199    70.28   40.21
  46164.127   291.284    66.74   41.67
  46450.116   310.102    65.80   40.03
  46736.123   323.616    47.25   33.46
  47022.148   331.515    27.62   28.81
  47308.192   333.786     7.94   27.81
  47594.255   329.036   -16.61   32.86
  47880.336   317.032   -41.96   39.24
  48166.435   300.303   -58.47   43.37
  48452.553   284.301   -55.93   41.76
  48738.690   271.224   -45.70   38.20
  49024.845   260.199   -38.53   31.83
  49311.018   251.598   -30.05   26.97
  49597.210   245.165   -22.48   25.77
  49883.421   238.606   -22.92   28.84
  50169.650   234.598   -14.01   27.22
  50455.898   236.582     6.93   27.77
  50742.164   246.028    33.00   33.48
  51028.449   260.245    49.66   43.39
  51314.752   272.011    41.10   41.81
  51601.074   280.332    29.06   40.68
  51887.415   279.631    -2.45   39.13
  52173.774   273.918   -19.95   38.54
  52460.152   262.924   -38.39   37.22
  52746.548   250.995   -41.65   33.00
  53032.963   240.631   -36.18   22.80
  53319.396   234.070   -22.91   13.03
  53605.848   233.813    -0.90   12.72
  53892.319   233.823     0.03   14.95
  54178.808   230.221   -12.57   21.66
  54465.316   222.137   -28.22   32.06
  54751.842   214.696   -25.97   38.10
  55038.387   209.490   -18.17   41.22
  55324.951   204.927   -15.92   43.91
  55611.533   205.722     2.78   48.74
  55898.134   204.524    -4.18   47.93
  56184.753   204.721     0.69   48.36
  56471.391   204.928     0.72   46.74
  56758.048   205.210     0.98   41.78
  57044.723   198.515   -23.35   40.23
  57331.417   188.930   -33.43   43.54
  57618.130   180.871   -28.11   45.66
  57904.861   175.633   -18.27   45.43
  58191.611   171.397   -14.77   42.18
  58478.380   165.598   -20.22   39.50
  58765.167   163.288    -8.05   37.11
  59051.973   161.618    -5.83   35.70
  59338.798   166.166    15.86   36.82
  59625.641   171.573    18.85   37.95
  59912.503   179.307    26.96   40.50
  60199.384   187.275    27.78   40.12
  60486.283   199.987    44.31   32.74
  60773.201   210.193    35.57   20.71
  61060.138   215.299    17.80   14.33
  61347.094   216.963     5.80   11.67
  61634.068   215.313    -5.75   11.17
  61921.061   211.678   -12.67    8.77
  62208.072   209.093    -9.01   10.07
  62495.103   204.730   -15.20   15.49
  62782.152   201.204   -12.29   17.37
  63069.220   198.660    -8.86   17.61
  63356.306   200.909     7.84   19.30
  63643.412   205.184    14.89   23.78
  63930.536   216.817    40.52   30.09
  64217.678   230.715    48.40   33.98
  64504.840   244.573    48.26   35.62
  64792.020   259.040    50.38   32.15
  65079.219   272.663    47.44   25.61
  65366.437   283.830    38.88   21.41
  65653.674   291.964    28.32   16.58
  65940.929   297.396    18.91   11.44
  66228.203   298.274     3.06   11.21
  66515.496   296.999    -4.44   14.81
  66802.808   289.701   -25.40   21.41
  67090.138   278.144   -40.22   28.44
  67377.487   265.565   -43.78   32.15
  67664.855   252.882   -44.14   31.29
  67952.242   241.011   -41.31   28.46
  68239.648   228.107   -44.90   22.04
  68527.073   219.667   -29.36   18.22
  68814.516   213.201   -22.50   15.90
  69101.978   210.428    -9.65   14.65
  69389.459   207.673    -9.58   12.83
  69676.959   206.172    -5.22   10.38
  69964.477   205.760    -1.43    9.01
  70252.015   205.774     0.05    7.36
  70539.571   204.015    -6.11    8.05
  70827.146   197.885   -21.32   16.98
  71114.740   190.838   -24.50   21.86
  71402.353   188.165    -9.29   21.76
  71689.985   186.910    -4.36   22.09
  71977.635   188.270     4.73   22.33
  72265.305   191.226    10.28   21.52
  72552.993   195.007    13.14   19.34
  72840.700   199.772    16.56   10.04
  73128.427   198.098    -5.82   11.06
  73416.171   192.607   -19.08   15.01
  73703.935   178.945   -47.48   26.65
  73991.718   167.207   -40.79   29.42
  74279.520   162.977   -14.70   29.00
  74567.340   170.074    24.66   38.00
  74855.180   183.057    45.11   48.43
  75143.038   195.681    43.86   53.49
  75430.915   211.007    53.24   52.60
  75718.812   224.251    46.00   43.89
  76006.727   230.557    21.90   39.52
  76294.661   232.031     5.12   38.62
  76582.614   227.976   -14.08   38.87
  76870.586   222.682   -18.38   36.08
  77158.577   221.534    -3.99   30.89
