-105703.165    51.340     0.00    6.48
-105416.643    52.479     3.98    7.19
-105130.118    53.834     4.73    7.49
-104843.591    56.231     8.37    7.16
-104557.062    57.830     5.58    6.67
-104270.530    58.765     3.27    5.64
-103983.996    58.951     0.65    5.16
-103697.459    58.547    -1.41    4.75
-103410.921    59.057     1.78    5.18
-103124.379    61.069     7.02    7.11
-102837.836    63.415     8.19    8.14
-102551.290    66.211     9.76    8.39
-102264.741    69.472    11.38    7.90
-101978.191    72.486    10.52    7.39
-101691.637    74.408     6.71    7.80
-101405.082    75.944     5.36    9.36
-101118.524    76.525     2.03   11.05
-100831.964    76.320    -0.71   12.38
-100545.401    74.709    -5.62   13.89
-100258.836    71.752   -10.32   15.03
 -99972.268    68.457   -11.50   15.43
 -99685.699    64.994   -12.09   15.16
 -99399.126    62.536    -8.58   15.93
 -99112.552    62.122    -1.44   17.92
 -98825.975    62.307     0.64   20.60
 -98539.396    63.450     3.99   23.54
 -98252.814    65.272     6.36   25.70
 -97966.230    66.824     5.42   27.53
 -97679.643    67.211     1.35   28.57
 -97393.054    65.264    -6.79   28.61
 -97106.463    61.877   -11.82   27.32
 -96819.870    58.713   -11.04   25.26
 -96533.274    56.000    -9.47   22.97
 -96246.675    53.676    -8.11   19.75
 -95960.074    52.035    -5.73   17.48
 -95673.471    51.585    -1.57   16.96
 -95386.866    53.346     6.15   18.47
 -95100.258    54.964     5.64   20.50
 -94813.647    56.933     6.87   22.92
 -94527.035    60.740    13.28   25.27
 -94240.420    65.416    16.31   26.72
 -93953.802    71.500    21.23   26.38
 -93667.182    78.288    23.68   24.26
 -93380.560    85.549    25.33   21.08
 -93093.936    92.337    23.68   16.73
 -92807.309    97.075    16.53   12.53
 -92520.679   100.631    12.41    9.13
 -92234.047   103.253     9.15    7.21
 -91947.413   104.838     5.53    5.96
 -91660.777   105.464     2.18    5.13
 -91374.138   104.974    -1.71    4.94
 -91087.497   104.110    -3.01    5.06
 -90800.853   103.782    -1.15    4.92
 -90514.207   102.840    -3.29    4.38
 -90227.558   101.563    -4.45    3.83
 -89940.908   100.571    -3.46    3.74
 -89654.254    99.444    -3.93    4.30
 -89367.599    97.814    -5.68    5.85
 -89080.941    95.505    -8.06    7.46
 -88794.281    92.272   -11.28   10.25
 -88507.618    87.779   -15.67   13.60
 -88220.953    82.961   -16.81   16.61
 -87934.285    79.374   -12.51   17.62
 -87647.615    77.720    -5.77   16.94
 -87360.943    75.113    -9.10   17.37
 -87074.268    69.666   -19.00   20.35
 -86787.591    62.248   -25.88   25.31
 -86500.912    52.786   -33.00   29.73
 -86214.230    41.444   -39.57   30.47
 -85927.546    29.870   -40.37   25.81
 -85640.859    22.809   -24.63   18.52
 -85354.170    21.933    -3.06   16.79
 -85067.479    26.763    16.85   21.15
 -84780.863    35.894    31.86   24.52
 -84494.601    46.621    37.47   24.00
 -84208.338    57.266    37.19   19.84
 -83922.073    66.493    32.23   15.32
 -83635.807    73.706    25.20   12.28
 -83349.539    79.199    19.19    8.45
 -83063.269    80.801     5.60    7.49
 -82776.998    80.306    -1.73    8.22
 -82490.725    79.287    -3.56    9.03
 -82204.450    76.978    -8.07   10.35
 -81918.174    74.750    -7.78   10.82
 -81631.896    73.736    -3.54   10.09
 -81345.617    74.096     1.26    9.69
 -81059.335    75.668     5.49    9.55
 -80773.052    76.569     3.15    9.78
 -80486.768    78.227     5.79    9.51
 -80200.482    80.711     8.68    9.30
 -79914.194    83.585    10.04    9.81
 -79627.904    86.557    10.38    9.83
 -79341.613    89.894    11.66   10.44
 -79055.320    93.003    10.86   10.52
 -78769.026    97.042    14.11    8.62
 -78482.730   100.066    10.56    6.80
 -78196.432   100.988     3.22    6.10
 -77910.132   101.115     0.44    5.57
 -77623.831    99.998    -3.90    5.99
 -77337.529    96.940   -10.68    8.32
 -77051.224    92.586   -15.21   11.03
 -76764.918    88.122   -15.59   11.83
 -76478.610    84.589   -12.34   11.60
 -76192.301    80.199   -15.33   10.97
 -75905.990    75.622   -15.98    9.83
 -75619.677    71.545   -14.24    7.99
 -75333.363    68.751    -9.76    7.06
 -75047.047    66.915    -6.41    7.27
 -74760.729    64.994    -6.71    7.44
 -74474.410    63.058    -6.76    6.85
 -74188.089    62.514    -1.90    7.05
 -73901.767    63.756     4.34    9.09
 -73615.442    66.396     9.22   10.42
 -73329.116    70.153    13.12   11.41
 -73042.789    75.170    17.52   11.71
 -72756.460    80.443    18.42   10.78
 -72470.129    85.354    17.15    8.82
 -72183.796    88.777    11.95    7.37
 -71897.462    91.117     8.17    5.85
 -71611.126    92.275     4.04    4.97
 -71324.789    92.143    -0.46    5.56
 -71038.450    91.166    -3.41    6.11
 -70752.109    90.319    -2.96    6.65
 -70465.766    90.479     0.56    6.93
 -70179.422    90.697     0.76    6.67
 -69893.077    90.606    -0.32    6.71
 -69606.729    89.964    -2.24    7.21
 -69320.380    88.374    -5.55    8.98
 -69034.029    85.144   -11.28   12.19
 -68747.677    80.587   -15.91   14.58
 -68461.323    75.122   -19.09   15.87
 -68174.967    69.505   -19.62   15.38
 -67888.610    64.580   -17.20   14.37
 -67602.251    60.831   -13.09   12.33
 -67315.890    58.563    -7.92    9.61
 -67029.528    56.565    -6.98    7.88
 -66743.164    54.322    -7.84    8.16
 -66456.798    54.218    -0.36    9.02
 -66170.431    54.742     1.83    9.62
 -65884.062    53.787    -3.33   10.07
 -65597.692    51.451    -8.16   11.58
 -65311.319    46.472   -17.39   15.59
 -65024.946    40.701   -20.15   18.37
 -64738.570    36.299   -15.37   19.30
 -64452.193    31.026   -18.41   17.48
 -64165.814    25.533   -19.18   14.13
 -63879.433    22.423   -10.86   11.70
 -63593.051    22.039    -1.34   12.12
 -63306.667    24.742     9.44   13.28
 -63020.282    28.993    14.84   13.34
 -62733.895    33.528    15.83   11.26
 -62447.506    37.451    13.70    7.77
 -62161.116    39.933     8.67    4.36
 -61874.724    40.521     2.05    2.97
 -61588.330    40.577     0.20    2.94
 -61301.934    40.323    -0.89    3.55
 -61015.537    39.814    -1.78    3.94
 -60729.139    39.078    -2.57    4.66
 -60442.738    37.858    -4.26    5.07
 -60156.336    36.083    -6.20    4.54
 -59869.932    34.697    -4.84    3.61
 -59583.527    33.906    -2.76    2.97
 -59297.120    33.450    -1.59    2.47
 -59010.711    33.957     1.77    2.84
 -58724.301    34.742     2.74    3.04
 -58437.889    35.937     4.17    3.48
 -58151.476    36.940     3.50    3.44
 -57865.060    36.912    -0.10    3.90
 -57578.643    36.117    -2.77    5.01
 -57292.225    35.416    -2.45    5.57
 -57005.805    34.232    -4.13    5.96
 -56719.383    32.655    -5.51    6.48
 -56432.959    30.802    -6.47    6.15
 -56146.534    29.813    -3.45    5.56
 -55860.107    30.597     2.74    6.26
 -55573.678    33.019     8.45    8.84
 -55287.248    37.106    14.27   12.38
 -55000.816    42.319    18.20   14.32
 -54714.383    48.624    22.01   14.01
 -54427.948    54.563    20.73   11.73
 -54141.511    59.479    17.16    8.27
 -53855.072    63.007    12.32    4.78
 -53568.632    64.954     6.80    3.69
 -53282.191    65.415     1.61    3.60
 -52995.747    64.665    -2.62    5.07
 -52709.302    61.372   -11.50    9.95
 -52422.855    57.103   -14.90   13.19
 -52136.407    53.007   -14.30   14.85
 -51849.957    48.423   -16.00   15.43
 -51563.505    43.593   -16.86   14.16
 -51277.052    39.156   -15.49   11.66
 -50990.597    35.940   -11.23    8.78
 -50704.140    33.559    -8.31    4.78
 -50417.682    33.395    -0.57    3.88
 -50131.222    36.697    11.53    8.92
 -49844.760    40.944    14.82   11.72
 -49558.297    45.930    17.41   13.31
 -49271.832    50.749    16.82   12.65
 -48985.365    54.535    13.22   10.36
 -48698.897    58.134    12.56    6.73
 -48412.427    60.423     7.99    4.88
 -48125.955    62.157     6.05    5.77
 -47839.482    64.099     6.78    6.85
 -47553.007    65.998     6.63    7.87
 -47266.530    69.312    11.57    7.46
 -46980.052    72.076     9.65    5.59
 -46693.572    74.649     8.98    4.90
 -46407.091    76.314     5.81    3.68
 -46120.607    75.975    -1.19    5.07
 -45834.123    73.416    -8.93    8.49
 -45547.636    69.969   -12.03   11.09
 -45261.148    66.158   -13.30   12.13
 -44974.658    62.185   -13.87   11.73
 -44688.166    58.258   -13.71    9.31
 -44401.673    55.868    -8.34    6.84
 -44115.179    54.206    -5.80    6.17
 -43828.682    52.309    -6.62    7.16
 -43542.184    48.832   -12.13    9.42
 -43255.684    46.209    -9.16    9.83
 -42969.183    45.328    -3.08   10.06
 -42682.680    45.252    -0.27   10.37
 -42396.175    45.784     1.86    9.99
 -42109.668    46.140     1.24    9.56
 -41823.160    48.906     9.65    8.16
 -41536.651    51.361     8.57    5.39
 -41250.139    52.324     3.36    3.56
 -40963.626    52.311    -0.05    3.31
 -40677.111    51.961    -1.22    3.10
 -40390.595    51.754    -0.72    3.17
 -40104.077    52.190     1.52    3.51
 -39817.557    52.789     2.09    3.92
 -39531.036    53.366     2.02    4.19
 -39244.513    54.634     4.42    3.90
 -38957.988    55.981     4.70    3.43
 -38671.462    56.654     2.35    2.83
 -38384.934    56.566    -0.31    2.66
 -38098.404    56.067    -1.74    2.76
 -37811.873    55.682    -1.34    3.25
 -37525.340    55.450    -0.81    3.53
 -37238.805    55.477     0.09    3.75
 -36952.269    55.493     0.05    3.92
 -36665.731    55.451    -0.15    3.79
 -36379.192    55.167    -0.99    4.15
 -36092.650    54.316    -2.97    4.54
 -35806.107    53.337    -3.42    4.81
 -35519.563    52.268    -3.73    4.98
 -35233.017    51.578    -2.40    5.10
 -34946.469    50.604    -3.40    5.58
 -34659.919    49.754    -2.97    6.25
 -34373.368    49.389    -1.27    6.40
 -34086.815    50.207     2.86    6.38
 -33800.261    51.115     3.17    5.83
 -33513.704    51.754     2.23    4.92
 -33227.146    52.216     1.61    4.43
 -32940.587    52.793     2.01    4.84
 -32654.026    52.989     0.68    5.52
 -32367.463    52.770    -0.76    6.28
 -32080.899    52.430    -1.19    6.66
 -31794.332    52.281    -0.52    7.10
 -31507.765    53.266     3.44    7.64
 -31221.195    54.616     4.71    8.23
 -30934.624    56.287     5.83    8.44
 -30648.051    57.437     4.01    8.23
 -30361.477    58.058     2.17    7.72
 -30074.901    58.899     2.93    7.25
 -29788.323    59.940     3.63    6.57
 -29501.743    60.838     3.13    5.66
 -29215.162    61.341     1.76    5.03
 -28928.580    62.340     3.48    4.15
 -28641.995    63.360     3.56    3.60
 -28355.409    63.625     0.93    3.46
 -28068.821    63.231    -1.38    3.70
 -27782.232    62.290    -3.28    4.32
 -27495.641    61.006    -4.48    4.96
 -27209.048    58.659    -8.19    6.80
 -26922.454    54.989   -12.80    9.53
 -26635.858    50.905   -14.25   10.65
 -26349.260    47.556   -11.68    9.95
 -26062.661    45.241    -8.08    8.68
 -25776.060    44.478    -2.66    7.30
 -25489.457    44.957     1.67    7.54
 -25202.853    47.382     8.46    8.18
 -24916.247    50.777    11.84    7.20
 -24629.639    53.355     9.00    5.74
 -24343.030    54.930     5.49    4.30
 -24056.419    55.671     2.59    3.71
 -23769.806    55.787     0.40    3.42
 -23483.192    55.772    -0.05    3.43
 -23196.576    55.451    -1.12    3.41
 -22910.038    54.951    -1.75    3.15
 -22623.699    54.791    -0.56    2.97
 -22337.360    54.880     0.31    2.90
 -22051.019    55.007     0.44    2.98
 -21764.678    55.338     1.16    3.40
 -21478.336    55.692     1.24    3.50
 -21191.992    55.618    -0.26    3.62
 -20905.648    55.002    -2.15    4.06
 -20619.303    53.610    -4.86    5.29
 -20332.957    51.320    -8.00    6.29
 -20046.610    48.388   -10.24    7.35
 -19760.262    44.968   -11.95    9.07
 -19473.913    39.827   -17.95   10.69
 -19187.563    35.103   -16.50   10.65
 -18901.213    30.998   -14.34    9.36
 -18614.861    28.369    -9.18    8.25
 -18328.508    26.592    -6.20    6.66
 -18042.155    25.811    -2.73    6.33
 -17755.801    26.560     2.62    7.32
 -17469.445    28.645     7.28    8.02
 -17183.089    30.781     7.46    7.82
 -16896.732    33.275     8.71    7.88
 -16610.373    36.061     9.73    8.23
 -16324.014    39.851    13.24    8.68
 -16037.654    44.494    16.21    9.10
 -15751.293    49.259    16.64    9.75
 -15464.931    53.380    14.39   10.08
 -15178.569    57.115    13.04    9.94
 -14892.205    60.373    11.38    8.56
 -14605.840    63.268    10.11    6.31
 -14319.475    65.082     6.34    4.48
 -14033.108    66.164     3.78    4.09
 -13746.741    66.869     2.46    4.33
 -13460.372    67.045     0.61    5.10
 -13174.003    67.140     0.33    5.51
 -12887.633    67.657     1.81    5.53
 -12601.261    68.050     1.37    5.35
 -12314.889    67.809    -0.84    5.11
 -12028.516    67.018    -2.76    5.44
 -11742.142    65.519    -5.23    5.78
 -11455.767    63.477    -7.13    5.77
 -11169.391    61.512    -6.86    6.15
 -10883.015    59.362    -7.51    6.27
 -10596.637    56.831    -8.84    6.06
 -10310.258    54.692    -7.47    5.79
 -10023.879    52.327    -8.26    5.30
  -9737.498    50.326    -6.99    5.45
  -9451.117    48.326    -6.98    5.71
  -9164.734    46.634    -5.91    5.28
  -8878.351    46.089    -1.90    4.74
  -8591.967    46.500     1.44    5.44
  -8305.581    47.577     3.76    6.50
  -8019.195    49.070     5.21    7.29
  -7732.808    50.577     5.26    7.40
  -7446.420    52.353     6.20    6.50
  -7160.031    53.374     3.56    6.30
  -6873.642    53.849     1.66    6.44
  -6587.251    53.965     0.40    6.58
  -6300.859    54.195     0.81    6.91
  -6014.467    54.593     1.39    6.66
  -5728.073    54.582    -0.04    6.76
  -5441.678    53.339    -4.34    8.54
  -5155.283    48.464   -17.02   14.75
  -4868.887    40.080   -29.27   20.91
  -4582.489    32.176   -27.60   22.32
  -4296.091    24.593   -26.48   21.25
  -4009.692    17.416   -25.06   18.72
  -3723.292    11.209   -21.67   14.85
  -3436.891     6.484   -16.50    9.80
  -3150.489     3.906    -9.00    7.07
  -2864.086     3.065    -2.94    6.66
  -2577.682     1.403    -5.80    5.30
  -2291.278    -0.265    -5.82    3.45
  -2004.872    -1.277    -3.53    1.50
  -1718.465    -1.563    -1.00    0.00
  -1432.058    -1.563     0.00    0.00
  -1145.649    -1.563     0.00    0.00
   -859.240    -1.563     0.00    0.00
   -572.829    -1.542     0.07    0.19
   -286.418    -0.232     4.57    5.13
     -0.006     1.246     5.16    7.00
    286.407     3.039     6.26    8.34
    572.821     5.451     8.42    9.83
    859.236     8.472    10.55   11.91
   1145.652    12.210    13.05   13.66
   1432.069    15.358    10.99   13.60
   1718.487    17.958     9.08   12.80
   2004.905    20.140     7.62   11.59
   2291.325    22.573     8.49   10.38
   2577.746    24.736     7.55    9.18
   2864.167    25.649     3.19    8.89
   3150.590    26.117     1.63    9.24
   3437.013    28.260     7.48    9.26
   3723.437    30.765     8.75    9.03
   4009.863    32.301     5.36    9.56
   4296.289    31.793    -1.77   10.50
   4582.716    29.083    -9.46   11.43
   4869.144    26.096   -10.43   11.14
   5155.573    23.738    -8.23    9.95
   5442.003    23.050    -2.40    8.74
   5728.434    24.034     3.43    7.98
   6014.865    27.027    10.45    8.91
   6301.298    30.723    12.91    9.45
   6587.732    34.798    14.23    8.40
   6874.166    38.289    12.19    7.07
   7160.602    40.500     7.72    6.32
   7447.038    42.699     7.68    7.01
   7733.476    45.451     9.61    7.99
   8019.914    46.905     5.08    8.32
   8306.353    47.848     3.29    8.43
   8592.793    48.156     1.08    8.41
   8879.234    48.022    -0.47    8.28
   9165.677    47.515    -1.77    7.69
   9452.119    47.444    -0.25    6.98
   9738.563    48.657     4.24    7.54
  10025.008    51.145     8.68    8.06
  10311.454    54.375    11.27    8.62
  10597.901    56.074     5.93    8.46
  10884.348    57.250     4.11    8.66
  11170.797    57.286     0.12    8.60
  11457.246    55.902    -4.83    8.52
  11743.697    54.245    -5.79    8.00
  12030.148    53.505    -2.58    7.22
  12316.600    53.248    -0.90    6.81
  12603.054    53.735     1.70    7.41
  12889.508    53.539    -0.68    7.85
  13175.963    54.277     2.57    7.41
  13462.419    54.528     0.87    6.84
  13748.876    54.261    -0.93    6.42
  14035.334    54.099    -0.57    6.25
  14321.792    53.858    -0.84    6.56
  14608.252    52.708    -4.01    6.57
  14894.713    52.214    -1.73    6.60
  15181.174    52.779     1.98    7.19
  15467.637    53.422     2.24    7.87
  15754.100    55.007     5.53    8.23
  16040.565    56.515     5.26    8.18
  16327.030    58.315     6.29    8.06
  16613.497    59.749     5.00    7.23
  16899.964    59.642    -0.37    7.33
  17186.432    59.873     0.81    6.93
  17472.901    60.045     0.60    6.24
  17759.371    60.013    -0.11    5.77
  18045.842    59.601    -1.44    5.24
  18332.314    58.642    -3.35    4.53
  18618.787    58.457    -0.65    4.28
  18905.260    58.583     0.44    4.29
  19191.735    58.539    -0.15    4.40
  19478.211    58.230    -1.08    4.62
  19764.687    58.103    -0.44    4.84
  20051.165    57.437    -2.33    4.66
  20337.643    57.477     0.14    5.59
  20624.122    58.197     2.51    6.58
  20910.603    59.042     2.95    6.53
  21197.084    60.137     3.82    6.42
  21483.566    60.685     1.91    5.42
  21770.049    60.834     0.52    4.72
  22056.533    60.522    -1.09    4.63
  22343.018    59.192    -4.64    6.25
  22629.504    58.515    -2.36    6.68
  22915.990    57.940    -2.01    6.72
  23202.478    57.316    -2.18    7.22
  23488.967    56.765    -1.92    7.62
  23775.456    56.627    -0.48    8.46
  24061.947    56.493    -0.47    8.87
  24348.438    56.800     1.07    8.50
  24634.931    55.842    -3.34    8.13
  24921.424    55.148    -2.42    7.06
  25207.918    54.333    -2.84    5.74
  25494.414    54.988     2.29    5.92
  25780.910    56.527     5.37    6.05
  26067.407    58.126     5.58    5.93
  26353.905    60.756     9.18    7.24
  26640.404    63.734    10.39    8.06
  26926.904    66.245     8.76    7.69
  27213.404    67.484     4.33    7.46
  27499.906    67.301    -0.64    8.34
  27786.409    65.593    -5.96    9.17
  28072.912    63.797    -6.27    8.75
  28359.417    61.375    -8.45    7.89
  28645.922    58.974    -8.38    7.72
  28932.429    55.305   -12.81    9.25
  29218.936    51.131   -14.57   11.16
  29505.444    48.190   -10.26   11.07
  29791.953    46.777    -4.93   10.14
  30078.464    46.901     0.43   10.20
  30364.975    48.458     5.43   11.21
  30651.487    51.986    12.31   12.55
  30937.999    57.742    20.09   11.93
  31224.513    62.951    18.18    9.25
  31511.028    65.275     8.11    7.51
  31797.544    62.789    -8.68   12.78
  32084.060    58.042   -16.57   17.10
  32370.578    53.063   -17.38   18.43
  32657.097    48.867   -14.65   17.41
  32943.616    46.409    -8.58   15.46
  33230.136    46.895     1.70   14.30
  33516.658    51.382    15.66   15.09
  33803.180    58.765    25.77   13.59
  34089.703    65.865    24.78   11.51
  34376.227    71.940    21.20   10.12
  34662.752    77.457    19.25   11.16
  34949.278    84.080    23.12   13.23
  35235.805    91.586    26.20   14.57
  35522.333    99.403    27.28   14.58
  35808.862   106.185    23.67   13.00
  36095.392   112.230    21.10    9.91
  36381.922   116.009    13.19    6.80
  36668.454   117.871     6.50    4.49
  36954.986   118.031     0.56    4.53
  37241.520   117.281    -2.62    4.92
  37528.054   116.444    -2.92    4.54
  37814.590   115.701    -2.59    3.97
  38101.126   115.739     0.14    3.67
  38387.663   116.317     2.02    3.50
  38674.201   117.708     4.86    4.07
  38960.692   119.557     6.45    4.91
  39247.118   122.075     8.79    5.33
  39533.543   124.685     9.11    5.54
  39819.969   127.366     9.36    5.45
  40106.395   129.437     7.23    4.84
  40392.821   131.065     5.69    4.68
  40679.248   132.251     4.14    4.96
  40965.675   133.142     3.11    4.86
  41252.102   133.387     0.86    4.81
  41538.530   133.685     1.04    4.85
  41824.958   133.990     1.06    5.09
  42111.386   134.288     1.04    4.94
  42397.815   135.148     3.00    5.27
  42684.244   136.295     4.00    5.75
  42970.673   138.563     7.92    6.17
  43257.103   141.576    10.52    7.53
  43543.533   144.213     9.20    8.28
  43829.963   146.062     6.45    7.75
  44116.393   147.506     5.04    7.01
  44402.824   149.228     6.01    6.27
  44689.255   150.185     3.34    5.80
  44975.687   150.556     1.29    5.18
  45262.119   151.499     3.29    4.96
  45548.551   153.423     6.72    5.45
  45834.983   155.628     7.70    6.40
  46121.416   157.690     7.20    6.28
  46407.849   159.595     6.65    6.33
  46694.283   161.802     7.70    6.12
  46980.717   164.135     8.15    5.79
  47267.151   166.997     9.99    6.64
  47553.585   170.092    10.80    9.24
  47840.020   174.173    14.25   12.11
  48126.455   179.376    18.16   14.31
  48412.890   184.117    16.55   15.27
  48699.326   188.334    14.72   15.13
  48985.762   191.560    11.26   14.01
  49272.198   193.204     5.74   12.62
  49558.635   193.498     1.03   10.82
  49845.072   192.649    -2.97    9.15
  50131.509   191.293    -4.73    7.70
  50417.947   190.328    -3.37    6.79
  50704.384   190.015    -1.09    5.98
  50990.823   189.233    -2.73    5.08
  51277.261   189.187    -0.16    4.66
  51563.700   190.280     3.82    5.49
  51850.139   193.022     9.57    7.06
  52136.579   197.491    15.60    9.36
  52423.019   203.124    19.66   12.73
  52709.459   210.257    24.90   15.61
  52995.899   218.443    28.58   16.89
  53282.340   226.567    28.36   17.19
  53568.781   234.199    26.64   15.29
  53855.223   239.016    16.82   11.68
  54141.664   241.346     8.14    9.39
  54428.107   242.353     3.51    8.51
  54714.549   243.603     4.37    9.27
  55000.992   245.230     5.68    9.90
  55287.435   246.292     3.71    9.31
  55573.878   247.845     5.42    7.92
  55860.322   249.926     7.27    6.39
  56146.766   251.087     4.05    5.61
  56433.210   250.704    -1.34    5.64
  56719.655   248.827    -6.55    5.35
  57006.100   246.155    -9.33    5.80
  57292.545   243.146   -10.50    7.91
  57578.991   239.437   -12.95   10.08
  57865.437   234.551   -17.06   11.20
  58151.883   229.350   -18.16   10.70
  58438.329   224.494   -16.95    9.62
  58724.776   220.415   -14.24    8.77
  59011.223   216.710   -12.93    8.05
  59297.671   214.265    -8.53    7.20
  59584.119   212.642    -5.67    6.30
  59870.567   211.274    -4.78    5.46
  60157.015   211.330     0.20    5.52
  60443.464   213.365     7.10    7.48
  60729.913   217.422    14.16   11.40
  61016.363   221.387    13.84   12.75
  61302.813   223.563     7.60   13.18
  61589.263   224.707     3.99   13.12
  61875.713   225.069     1.26   13.27
  62162.164   222.944    -7.42   13.76
  62448.615   218.563   -15.29   13.53
  62735.066   212.782   -20.18   12.72
  63021.518   207.655   -17.90   12.24
  63307.970   203.099   -15.91   11.86
  63594.422   199.649   -12.04   10.32
  63880.875   198.029    -5.66    9.51
  64167.328   198.679     2.27   11.71
  64453.781   199.665     3.44   11.94
  64740.235   201.144     5.16   11.53
  65026.689   202.125     3.42    9.77
  65313.143   204.174     7.16    8.58
  65599.598   207.106    10.23    8.98
  65886.053   210.744    12.70    9.24
  66172.508   214.199    12.06    9.19
  66458.963   218.190    13.93    9.19
  66745.419   222.082    13.59    9.04
  67031.875   225.152    10.72    8.94
  67318.332   226.223     3.74    9.44
  67604.789   225.388    -2.91   11.78
  67891.246   223.235    -7.52   14.32
  68177.703   219.553   -12.85   15.77
  68464.161   214.811   -16.55   15.73
  68750.619   209.202   -19.58   13.67
  69037.077   203.860   -18.65   10.54
  69323.536   199.190   -16.30    7.91
  69609.995   195.049   -14.46    6.86
  69896.455   190.599   -15.53    9.34
  70182.914   183.797   -23.74   16.46
  70469.374   174.328   -33.06   24.19
  70755.835   161.491   -44.81   30.20
  71042.295   146.355   -52.84   33.51
  71328.756   130.892   -53.98   32.46
  71615.218   115.937   -52.21   27.49
  71901.679   101.648   -49.88   22.98
  72188.141    89.593   -42.08   21.12
  72474.604    80.729   -30.94   19.31
  72761.066    74.200   -22.79   17.89
  73047.529    70.376   -13.35   16.28
  73333.992    67.988    -8.33   14.55
  73620.456    69.740     6.12   14.83
  73906.920    75.430    19.86   15.52
  74193.384    81.193    20.12   15.19
  74479.848    85.333    14.45   14.23
  74766.313    87.196     6.50   13.51
