# NaN NaN NaN ;Mean Elev.(m), Avg Gradient(m/km), RMS Gradient(m/km) - SRTM1     
#    7.594  -1.115   4.196 ;Mean Elev.(m), Avg Gradient(m/km), RMS Gradient(m/km) - ASTER GDEM
#    1.832  -1.932   5.940 ;Mean Elev.(m), Avg Gradient(m/km), RMS Gradient(m/km) - GMTED2010 
   1  87.536966  66.096231     6.390     6.241 11 54664.32609819 44.989
   2  87.525290  66.097526    13.601    13.579 28 54674.24174189 21.703
   3  87.512388  66.099294   -11.034   -10.980 26 54684.15738407 17.110
   4  87.505011  66.100315     8.482     6.572 26 54694.07302537 50.118
   5  87.511194  66.099436   -18.144   -19.067 27 54703.98866543 27.137
   6  87.531443  66.096646     5.209     5.223 29 54713.90431773 51.108
   7  87.547708  66.094112    -7.021    -7.846 30 54723.81996984 49.759
   8  87.553703  66.093259    29.772    31.405 29 54733.73561872 24.769
   9  87.544266  66.094680    32.256    32.831 29 54743.65126475 22.571
  10  87.534311  66.096104    14.033    13.613 29 54753.56691040 22.381
  11  87.537561  66.095752     5.286     4.307 29 54763.48255667 26.962
  12  87.552812  66.093509     4.180     4.177 30 54773.39820146 47.093
  13  87.566469  66.091640     4.910     4.882 29 54783.31384336 31.445
  14  87.565451  66.091894     4.211     4.218 30 54793.22948169 26.773
  15  87.547735  66.094340     7.463     7.879 30 54803.14511748 22.883
  16  87.531390  66.096510     8.016     8.435 29 54813.06075313 21.457
  17  87.528225  66.096980     9.001     9.350 28 54822.97639609 18.955
  18  87.535600  66.095926     7.382     8.013 29 54832.89203705 21.654
  19  87.540139  66.095619     5.189     4.656 30 54842.80768758 20.760
  20  87.530024  66.097004    10.329    10.848 29 54852.72333560 19.706
  21  87.510750  66.099277     9.699     9.216 27 54862.63898246 19.299
  22  87.504638  66.100190    11.727    11.933 27 54872.55463046 17.364
  23  87.517940  66.098608    12.073    12.113 27 54882.47027824 17.119
  24  87.542326  66.095264    10.873    11.025 30 54892.38592372 17.383
  25  87.558038  66.092617    11.317    11.735 29 54902.30156562 18.098
  26  87.558081  66.092673    12.935    12.463 29 54912.21720459 16.934
  27  87.546624  66.094657     8.530     8.738 30 54922.13284151 18.621
  28  87.535863  66.096349     7.328     6.552 29 54932.04847779 18.475
  29  87.537805  66.095836    18.416    19.235 30 54941.96411361 11.643
  30  87.553766  66.093596     5.538     5.476 30 54951.87974898 26.552
  31  87.567424  66.091570     8.367     8.367 30 54961.79539231 35.569
  32  87.562205  66.092144    11.766    11.816 29 54971.71104048 27.754
  33  87.546640  66.094420    17.485    17.401 29 54981.62668657 31.154
  34  87.531945  66.096667    28.198    31.915 28 54991.54233242 30.861
  35  87.529701  66.097078    14.482    13.643 28 55001.45797893 24.811
  36  87.533613  66.096588    13.683    13.661 29 55011.37362423 23.296
  37  87.534146  66.096069    17.311    14.918 29 55021.28926774 22.613
  38  87.529448  66.096985     5.189     5.185 28 55031.20490974 54.164
  39  87.517972  66.098644    13.707    13.744 27 55041.12055043 19.762
  40  87.510269  66.099685    10.684    10.836 27 55051.03619001 23.663
  41  87.518475  66.098397     4.153     4.132 28 55060.95182890 55.112
  42  87.541630  66.095242     7.936     8.432 30 55070.86747293 27.991
  43  87.560555  66.092413    12.933    12.912 30 55080.78312371 25.584
  44  87.563210  66.092054    20.084    19.564 29 55090.69877119 27.740
  45  87.551694  66.093913    20.635    20.126 30 55100.61441653 26.346
  46  87.534746  66.096076    19.513    21.275 29 55110.53006091 24.532
  47  87.539045  66.095810    20.614    22.846 29 55120.44570546 24.907
  48  87.554073  66.093473     3.876     3.884 29 55130.36134833 49.381
  49  87.570680  66.091121     4.718     4.391 29 55140.27698937 34.023
  50  87.571185  66.091369    12.175     8.557 29 55150.19262797 25.972
  51  87.550239  66.094137    14.384    10.729 30 55160.10826447 22.873
  52  87.529972  66.096881    15.283    12.819 28 55170.02390065 19.703
  53  87.521778  66.097889    13.248    12.848 28 55179.93953668 18.368
  54  87.528939  66.096930    13.474    12.789 28 55189.85518462 18.141
  55  87.532418  66.096469    12.851    12.567 29 55199.77083539 17.768
  56  87.529438  66.097088    12.461    12.310 29 55209.68648479 17.439
  57  87.517849  66.098442    12.809    12.780 28 55219.60213292 16.385
  58  87.517911  66.098351    12.781    12.745 28 55229.51778122 16.091
  59  87.530673  66.096775    12.165    12.113 28 55239.43342751 16.392
  60  87.547397  66.094198    13.461    12.623 30 55249.34907059 16.111
  61  87.562845  66.092311    15.206    12.627 29 55259.26471122 15.909
  62  87.559080  66.092490    12.855    11.890 29 55269.18034933 15.680
  63  87.549467  66.094042    12.149    12.031 30 55279.09598671 15.799
  64  87.539526  66.095332    11.962    11.928 29 55289.01162279 16.364
  65  87.541619  66.095264    11.468    11.693 30 55298.92725758 16.527
  66  87.552550  66.093549    23.458    25.527 30 55308.84290229  9.186
  67  87.566460  66.091936    17.894    13.452 29 55318.75854963 12.206
  68  87.562333  66.092232     6.521     6.435 30 55328.67419425 25.836
  69  87.547245  66.094327    11.572    11.536 30 55338.58983733 44.372
  70  87.532429  66.096513    17.645    17.625 28 55348.50548005 56.060
  71  87.522091  66.097628    15.867    15.845 28 55358.42112134 55.845
  72  87.525322  66.097438    21.756    22.078 28 55368.33676179 23.299
  73  87.526967  66.097160    32.208    32.238 28 55378.25240063 23.425
  74  87.526961  66.097461     6.499     6.497 28 55388.16803856 56.293
  75  87.520832  66.098086    12.644    12.727 27 55398.08367498 21.928
  76  87.521369  66.097759    25.861    25.359 28 55407.99931954 22.460
  77  87.537582  66.095890    21.443    21.279 30 55417.91497200 23.651
  78  87.553486  66.093617    24.621    26.424 30 55427.83062096 26.249
  79  87.560736  66.092557    37.008    37.462 29 55437.74626643 21.200
  80  87.556744  66.093086     6.437     6.394 30 55447.66190950 54.858
  81  87.548591  66.094214    31.140    31.281 29 55457.57755186 23.830
  82  87.542461  66.094936    24.076    24.834 30 55467.49319372 23.399
  83  87.547152  66.094323     6.856     5.137 29 55477.40883333 30.039
  84  87.555518  66.093174    15.592    15.724 30 55487.32447014 25.875
  85  87.562754  66.092411     4.178     4.155 29 55497.24010461 56.221
  86  87.551604  66.093557     9.675    10.560 29 55507.15574043 32.304
  87  87.543665  66.095052     5.334     5.332 30 55517.07139013 46.637
  88  87.531303  66.096634     4.826     4.812 29 55526.98703851 35.552
  89  87.528308  66.097183     4.294     4.312 29 55536.90268576 31.671
  90  87.526297  66.097240     3.987     3.979 28 55546.81833088 25.578
  91  87.524395  66.097468     4.234     4.205 28 55556.73397419 25.414
  92  87.522002  66.097992     6.059     5.077 27 55566.64961657 23.508
  93  87.522500  66.097867     9.246     8.769 28 55576.56525854 21.365
  94  87.535812  66.096277     8.003     7.639 29 55586.48089980 22.041
  95  87.548183  66.094226     8.794     8.644 29 55596.39653780 21.200
  96  87.555702  66.093009    10.878    11.698 30 55606.31217232 19.978
  97  87.556151  66.093138    11.238    11.913 30 55616.22780412 20.029
  98  87.547243  66.094431    11.345    11.853 30 55626.14344566 18.815
  99  87.543634  66.094948    10.809    11.667 30 55636.05909730 18.652
 100  87.546048  66.094526    16.177    14.680 30 55645.97474741 20.891
 101  87.555251  66.093266    11.104    12.137 29 55655.89039538 17.614
 102  87.559968  66.092541    21.043    22.544 29 55665.80603843  8.072
 103  87.556436  66.092997     5.728     5.437 30 55675.72167777 36.410
 104  87.546098  66.094565    14.511    14.504 29 55685.63731472 39.088
 105  87.535027  66.096189    18.865    16.337 29 55695.55295044 31.833
 106  87.527404  66.097132    16.046    14.788 29 55705.46858522 25.605
 107  87.528054  66.097020    16.147    13.903 28 55715.38423352 22.934
 108  87.529116  66.096951     7.823     7.107 29 55725.29988249 43.764
 109  87.524736  66.097583    20.990    20.735 29 55735.21552909 21.680
 110  87.517231  66.098421    11.098    12.487 27 55745.13117413 23.113
 111  87.519410  66.098059     5.570     5.574 28 55755.04681839 53.022
 112  87.536343  66.095918    17.888    16.455 29 55764.96246167 23.382
 113  87.556028  66.093273    27.018    28.381 29 55774.87810236 22.315
 114  87.564357  66.091927     6.060     5.696 29 55784.79373885 44.176
 115  87.555002  66.093190     5.612     5.591 29 55794.70937146 48.581
 116  87.541657  66.095259     9.383     8.835 29 55804.62500811 26.370
 117  87.536283  66.096053     9.061     9.835 29 55814.54065703 25.478
 118  87.544464  66.094759    23.761    23.345 29 55824.45630494 25.200
 119  87.558061  66.092834    16.642    15.699 29 55834.37194873 24.556
 120  87.564076  66.092038    30.691    33.248 29 55844.28758798 24.651
 121  87.552294  66.093547     9.275     9.568 29 55854.20322262 29.042
 122  87.538218  66.095978     4.228     4.215 29 55864.11885947 50.235
 123  87.526758  66.097547     4.777     4.776 28 55874.03451196 38.720
 124  87.525863  66.097541    11.102    11.502 28 55883.95016008 27.334
 125  87.529532  66.096930    13.280    12.841 28 55893.86580244 23.613
 126  87.533055  66.096600    12.731    12.626 29 55903.78143932 22.613
 127  87.527603  66.097454    12.466    12.192 28 55913.69707746 22.794
 128  87.518426  66.098400    12.012    12.319 27 55923.61273065 22.459
 129  87.518549  66.098166    11.963    12.319 28 55933.52838169 22.902
 130  87.540058  66.095608    11.240    11.689 29 55943.44403024 22.819
 131  87.561516  66.092524    11.227    11.980 29 55953.35967449 23.484
 132  87.569976  66.091235    12.425    12.421 29 55963.27531445 20.905
 133  87.558997  66.092741     8.163     8.506 29 55973.19095077 26.507
 134  87.538972  66.095558     7.756     8.552 30 55983.10658505 29.350
 135  87.531823  66.096725     7.755     8.854 29 55993.02221860 27.973
 136  87.539290  66.095331     8.163     8.452 30 56002.93786835 25.610
 137  87.559187  66.092589     7.984     8.438 29 56012.85351961 24.958
 138  87.569801  66.091522     3.645     3.652 29 56022.76916659 25.423
 139  87.552181  66.093484    10.431    11.080 30 56032.68480828 13.137
 140  87.529700  66.096663    17.177    17.352 29 56042.60044741 10.088
 141  87.514904  66.098708     4.767     4.763 27 56052.51608472 26.631
 142  87.517632  66.098578    11.350    11.339 27 56062.43172065 35.227
 143  87.527722  66.097074    15.437    15.622 28 56072.34736184 29.539
 144  87.532970  66.096246    25.983    26.960 29 56082.26301263 25.845
 145  87.529807  66.096832    10.073    10.054 28 56092.17866011 50.680
 146  87.520743  66.098114     7.315     6.979 28 56102.09430477 35.092
 147  87.521777  66.097859    13.853    13.919 28 56112.00993601 21.226
 148  87.539095  66.095696     8.383     8.578 30 56121.92557680 25.646
 149  87.559036  66.092842    11.430    10.860 29 56131.84121403 25.203
 150  87.567434  66.091618    14.739    15.897 30 56141.75685069 24.768
 151  87.556505  66.092967     8.408     7.904 29 56151.67250055 27.541
 152  87.539374  66.095475    11.081    12.236 30 56161.58814809 28.449
 153  87.533324  66.096665    10.242     9.755 29 56171.50379484 24.254
 154  87.538457  66.095559     5.190     3.502 29 56181.41943820 48.089
 155  87.552896  66.093373     5.235     3.706 29 56191.33507860 31.157
 156  87.562102  66.092306     7.534     3.220 29 56201.25071576 28.533
 157  87.547284  66.094192    14.283    13.667 29 56211.16634854 24.321
 158  87.526394  66.097306     2.422     2.406 28 56221.08197885 44.570
 159  87.510221  66.099451     3.369     3.035 26 56230.99762942 33.105
 160  87.515187  66.099053    11.082    11.801 27 56240.91328276 25.037
 161  87.526416  66.097569    10.717    11.686 28 56250.82893263 24.038
 162  87.533570  66.096330    12.623    11.876 29 56260.74457736 23.391
 163  87.532786  66.096526    15.762    15.692 28 56270.66021899 20.115
 164  87.528520  66.097195    14.020    12.543 28 56280.57585856 19.898
 165  87.525953  66.097297    14.598    12.811 29 56290.49151049 19.055
 166  87.541127  66.095430    12.523    12.752 29 56300.40715988 18.603
 167  87.557793  66.092964    12.358    12.456 30 56310.32280534 19.060
 168  87.567638  66.091727    14.606    12.821 29 56320.23844788 17.361
 169  87.554994  66.093111    14.395    12.348 29 56330.15408759 16.650
 170  87.542026  66.095309    13.157    12.301 29 56340.06972659 16.662
 171  87.530551  66.096710    12.109    12.141 29 56349.98536354 16.741
 172  87.538235  66.095744    16.130    13.162 29 56359.90100128 15.966
 173  87.551838  66.093743    13.902    12.904 30 56369.81665267 16.108
 175  87.542485  66.094963    12.825    12.037 30 56389.64794432 15.489
 176  87.526542  66.097550    10.251     9.505 28 56399.56358613 14.391
 177  87.513637  66.099224    13.617    13.542 27 56409.47922565  7.718
 178  87.510824  66.099111     5.298     5.316 27 56419.39486153 35.297
 179  87.524698  66.097766    18.513    18.524 28 56429.31049760 37.218
 180  87.530156  66.096843    17.334    16.920 29 56439.22615159 30.841
 181  87.530128  66.096700    13.732    12.891 29 56449.14180259 34.583
 182  87.529315  66.096849     9.754     9.723 28 56459.05745133 53.220
 183  87.534498  66.096047     6.471     6.470 29 56468.97309731 56.262
 184  87.543869  66.094807    12.965    12.335 29 56478.88873972 25.823
 185  87.553319  66.093467     5.259     4.753 29 56488.80437820 40.445
 186  87.552834  66.093382    13.071    12.615 30 56498.72001324 25.509
 187  87.547508  66.094215     3.411     3.419 30 56508.63564660 56.786
 188  87.538938  66.095540     5.845     4.057 29 56518.55128537 31.341
 189  87.536143  66.095961     3.245     3.268 29 56528.46693912 43.023
 190  87.540160  66.095538    10.220     9.099 29 56538.38258928 25.549
 191  87.546919  66.094605     6.872     5.098 30 56548.29823564 36.371
 192  87.543277  66.094810    19.511    20.581 30 56558.21387852 26.463
 193  87.537735  66.096019    14.201    13.815 29 56568.12952033 25.009
 194  87.519772  66.098153     6.192     2.966 27 56578.04515970 31.928
 195  87.513719  66.099193     3.398     3.359 27 56587.96079651 51.918
 196  87.514005  66.098898     4.982     4.957 27 56597.87643861 42.601
 197  87.524456  66.097599     5.173     5.153 29 56607.79209099 31.875
 198  87.529893  66.096989     5.096     4.979 28 56617.70773797 20.311
 199  87.529460  66.096940    10.306    10.183 28 56627.62338105 21.093
 200  87.529005  66.096782     6.219     4.402 29 56637.53902132 20.440
 201  87.538610  66.095644     6.684     4.252 30 56647.45466444 21.252
 202  87.548238  66.094139     5.225     3.724 30 56657.37031726 21.560
 203  87.555239  66.093164    13.101    13.072 29 56667.28596554 17.206
 204  87.549336  66.093863    10.554    11.647 30 56677.20161006 16.262
 205  87.543309  66.095092     9.104     8.719 30 56687.11725337 16.046
 206  87.537729  66.095872    10.122    10.135 29 56697.03289466 15.661
 207  87.540140  66.095588    10.747    11.460 30 56706.94853210 16.063
 208  87.543223  66.094916    10.869    10.465 29 56716.86416731 16.087
 209  87.546045  66.094731    37.978    41.497 30 56726.77982063 11.663
 210  87.538800  66.095922    21.139    21.410 29 56736.69546904 15.315
 211  87.523423  66.097950     5.820     4.812 28 56746.61111324 17.473
 212  87.516604  66.098965    17.458    17.339 27 56756.52675389  8.490
 213  87.513566  66.098844     4.331     4.340 27 56766.44238913 25.119
 214  87.522150  66.097718     5.457     5.486 28 56776.35803156 19.245
 215  87.528453  66.097090    11.438    11.984 28 56786.27368860 40.474
 216  87.526469  66.097286    17.733    17.841 28 56796.18934127 37.925
 217  87.524209  66.097514    16.051    15.922 28 56806.10498935 27.327
 218  87.530682  66.096618    21.912    23.146 29 56816.02063173 25.028
 219  87.543845  66.094820    14.052    14.003 30 56825.93627125 56.806
 220  87.553748  66.093328    33.406    35.740 30 56835.85190692 26.095
 221  87.554462  66.093509    18.192    16.519 30 56845.76753850 25.984
 222  87.543312  66.094882    11.341    10.257 30 56855.68318505 26.295
 223  87.532501  66.096293     4.470     4.468 29 56865.59883753 42.679
 224  87.531959  66.096304    14.327    13.146 29 56875.51448998 24.005
 225  87.540391  66.095422     7.313     4.671 30 56885.43014015 36.552
 226  87.544537  66.094552    31.232    30.757 30 56895.34578700 21.703
 227  87.544810  66.094941    27.190    28.362 30 56905.26143039 25.804
 228  87.529643  66.096884    29.496    29.015 28 56915.17707021 22.256
 229  87.513115  66.099033    27.923    26.994 27 56925.09270809 21.327
 230  87.507350  66.099872    15.120    14.795 26 56935.00834402 24.706
 231  87.514329  66.098965     4.880     4.263 27 56944.92397586 34.445
 232  87.527672  66.097035     4.174     4.180 29 56954.83962700 46.144
 233  87.535254  66.096010     5.156     4.769 29 56964.75527737 36.160
 234  87.531672  66.096727    10.253    10.252 28 56974.67092211 24.554
 235  87.521025  66.097959     4.631     4.615 28 56984.58656176 26.643
 236  87.525607  66.097500     5.561     4.482 28 56994.50219771 21.357
 237  87.543196  66.095105     4.290     3.903 29 57004.41783888 21.857
 238  87.559571  66.092626    12.125    12.440 30 57014.33349619 21.940
 239  87.562564  66.092365     4.483     4.505 29 57024.24914743 20.854
 240  87.544261  66.094813    16.532    12.963 29 57034.16479430 16.909
 241  87.529225  66.097084    12.388    12.231 29 57044.08043904 16.638
 242  87.525758  66.097417    12.393    12.273 28 57053.99608217 14.802
 243  87.537849  66.095684    12.397    12.700 30 57063.91172209 16.452
 244  87.548285  66.094427    13.473    13.651 30 57073.82735689 14.101
 245  87.539630  66.095406     8.881     9.428 30 57083.74298633 18.780
 246  87.521614  66.098037     6.046     4.113 28 57093.65863511 19.052
 247  87.504173  66.100332    13.598    13.537 26 57103.57429032 16.363
 248  87.500124  66.100586     8.359     9.464 26 57113.48994284 19.650
 249  87.516987  66.098496    24.065    23.808 27 57123.40559120  8.547
 250  87.535945  66.096172     6.416     5.532 29 57133.32123438  8.760
 251  87.537912  66.095585     5.888     5.089 29 57143.23687137 21.765
 252  87.531643  66.096755    11.051    10.745 29 57153.15250477 26.074
 253  87.520983  66.098030    17.137    17.111 28 57163.06813769 43.375
 254  87.526859  66.097495    17.828    17.197 28 57172.98379530 31.367
 255  87.541413  66.095238    16.519    16.430 29 57182.89945062 42.168
 256  87.558537  66.092840    22.861    24.332 29 57192.81510230 24.196
 257  87.558943  66.092603    24.006    26.079 29 57202.73074987 22.904
 258  87.545425  66.094626    22.538    22.316 29 57212.64638265 25.283
 259  87.529285  66.097087     8.986     9.819 28 57222.56202493 33.849
 260  87.525201  66.097781     4.482     4.496 28 57232.47766678 51.031
 261  87.532011  66.096750     4.340     4.330 29 57242.39330692 43.096
 262  87.539661  66.095329    22.246    22.975 30 57252.30894461 23.128
 263  87.538572  66.095710    22.552    22.028 30 57262.22457977 24.677
 264  87.519660  66.098157    28.241    28.068 28 57272.14021275 20.644
 265  87.500484  66.100532     5.893     5.895 26 57282.05586842 47.271
 266  87.498015  66.100801     4.923     4.923 26 57291.97152317 46.146
 267  87.517042  66.098600    15.194    14.077 27 57301.88717666 21.385
 268  87.536621  66.095829     4.417     4.395 30 57311.80282643 42.542
 269  87.545325  66.094594     4.442     4.421 30 57321.71847189 46.005
 270  87.539988  66.095500     5.770     5.759 30 57331.63411373 36.569
 271  87.527545  66.097256     4.695     4.697 29 57341.54975285 30.764
 272  87.527012  66.097178     3.517     3.508 28 57351.46540408 29.369
 273  87.540346  66.095216     9.229     9.497 29 57361.38104996 21.748
 274  87.559932  66.092710    11.988    11.587 30 57371.29669323 21.721
 275  87.560379  66.092533    10.622    10.702 30 57381.21233268 20.743
 276  87.545720  66.094657    10.731    10.689 30 57391.12796998 20.393
 277  87.529298  66.097168    11.376    11.740 28 57401.04360614 19.271
 278  87.520388  66.098097    11.885    12.300 28 57410.95924610 18.788
 279  87.529384  66.096940    11.966    12.262 28 57420.87489908 18.631
 280  87.537163  66.095929    11.097    11.385 29 57430.79054933 19.457
 281  87.534241  66.096421     8.226     9.134 29 57440.70619657 21.053
 282  87.517448  66.098403    11.304    11.643 28 57450.62184163 19.726
 283  87.508997  66.099811    11.077    11.274 27 57460.53748594 20.057
 284  87.510235  66.099716    15.332    14.272 27 57470.45312785 15.942
 285  87.519124  66.098113    12.348    12.303 28 57480.36876644 15.438
 286  87.535626  66.096118    12.583    12.487 29 57490.28440270 10.793
 287  87.538961  66.095419    17.753    18.597 30 57500.20003574  8.800
 288  87.537262  66.095893     5.741     5.208 29 57510.11568108 23.044
 289  87.531495  66.096513     7.182     6.895 29 57520.03133629 17.012
 290  87.535130  66.096402     8.434     8.414 29 57529.94698971 33.893
 291  87.540674  66.095204    13.253    13.193 29 57539.86264008 56.572
 292  87.551400  66.093709    16.677    15.060 29 57549.77828817 29.319
 293  87.552834  66.093391     9.694     9.690 29 57559.69393403 46.276
 294  87.544323  66.094747     6.872     5.210 29 57569.60957833 36.061
 295  87.532605  66.096533    13.230    12.754 28 57579.52522198 23.204
 296  87.524685  66.097565    11.865    12.506 28 57589.44086438 23.895
 297  87.525814  66.097348     9.031     9.456 28 57599.35650491 24.833
