-141262.755    84.103     0.00    6.83
-140976.079    84.840     2.57    6.82
-140689.391    85.648     2.82    7.18
-140402.692    87.196     5.40    7.31
-140115.982    88.775     5.51    7.25
-139829.260    91.282     8.74    6.42
-139542.526    93.060     6.20    5.22
-139255.781    94.787     6.02    3.70
-138969.025    95.845     3.69    2.59
-138682.256    95.784    -0.21    2.47
-138395.477    95.799     0.05    2.47
-138108.685    95.714    -0.30    2.74
-137821.882    96.047     1.16    3.03
-137535.068    96.163     0.41    3.34
-137248.242    96.145    -0.07    3.64
-136961.405    96.226     0.28    3.92
-136674.556    96.705     1.67    4.55
-136387.695    97.524     2.85    4.78
-136100.823    98.320     2.78    5.11
-135813.939    99.144     2.87    4.85
-135527.044    99.581     1.53    4.88
-135240.137    99.857     0.96    4.34
-134953.218   100.002     0.50    4.03
-134666.288    99.270    -2.55    3.61
-134379.347    98.746    -1.83    3.50
-134092.394    97.509    -4.31    4.10
-133805.429    96.720    -2.75    3.89
-133518.453    96.704    -0.05    3.70
-133231.465    96.972     0.93    3.51
-132944.465    97.491     1.81    3.37
-132657.454    97.819     1.14    3.39
-132370.432    98.228     1.43    3.46
-132083.398    98.890     2.31    3.61
-131796.352    99.972     3.77    3.74
-131509.294   100.922     3.31    4.36
-131222.225   101.987     3.71    4.79
-130935.145   102.685     2.43    5.04
-130648.053   102.904     0.76    5.25
-130360.949   102.542    -1.26    5.27
-130073.834   102.979     1.52    4.72
-129786.707   102.423    -1.94    4.46
-129499.568   102.069    -1.23    4.58
-129212.418   101.698    -1.29    4.41
-128925.256   101.632    -0.23    4.28
-128638.083   101.345    -1.00    4.45
-128350.898   101.458     0.39    4.63
-128063.701   101.002    -1.59    4.80
-127776.493    99.819    -4.12    4.84
-127489.273    98.475    -4.68    4.40
-127202.042    97.693    -2.72    4.15
-126914.799    97.476    -0.75    3.84
-126627.544    98.252     2.70    3.53
-126340.278   100.451     7.65    6.33
-126053.000   103.360    10.13    9.37
-125765.711   106.257    10.08   10.48
-125478.409   109.464    11.16   11.72
-125191.097   111.750     7.95   10.86
-124903.772   113.505     6.11    9.94
-124616.436   113.785     0.97    9.85
-124329.089   112.480    -4.54    9.84
-124041.729   110.830    -5.74    9.23
-123754.358   108.644    -7.61    9.05
-123466.976   106.669    -6.87    7.04
-123179.582   105.922    -2.60    7.02
-122892.176   105.235    -2.39    6.80
-122604.758   105.900     2.31    6.54
-122317.329   106.905     3.50    6.67
-122029.888   107.411     1.76    6.62
-121742.436   106.843    -1.98    6.01
-121454.972   105.972    -3.03    5.66
-121167.496   105.171    -2.79    5.48
-120880.009   103.686    -5.16    5.09
-120592.509   101.820    -6.49    4.51
-120304.999   100.644    -4.09    4.91
-120017.476   100.016    -2.18    5.11
-119729.942   100.094     0.27    5.56
-119442.397   100.046    -0.17    5.68
-119154.839   100.768     2.51    6.19
-118867.270   100.979     0.73    6.29
-118579.690   102.570     5.53    6.44
-118292.097   104.656     7.25    6.09
-118004.493   106.296     5.70    5.60
-117716.877   107.483     4.13    4.45
-117429.250   108.330     2.95    3.56
-117141.611   108.141    -0.66    3.79
-116853.960   106.994    -3.99    4.46
-116566.298   105.819    -4.09    4.25
-116278.624   104.830    -3.44    3.65
-115990.938   104.183    -2.25    2.98
-115703.240   104.069    -0.40    2.67
-115416.059   104.631     1.96    2.99
-115130.754   106.345     6.01    4.34
-114845.439   108.370     7.10    5.23
-114560.113   109.886     5.31    5.38
-114274.776   111.367     5.19    5.47
-113989.429   112.268     3.15    5.17
-113704.071   112.686     1.47    4.92
-113418.702   112.676    -0.04    5.12
-113133.323   111.951    -2.54    5.45
-112847.933   110.166    -6.26    6.15
-112562.533   109.162    -3.52    6.03
-112277.121   109.345     0.64    6.73
-111991.699   110.774     5.00    8.46
-111706.266   113.296     8.84   10.22
-111420.823   117.275    13.94   10.60
-111135.369   121.426    14.54    8.92
-110849.904   124.765    11.70    5.75
-110564.429   126.148     4.84    3.63
-110278.942   125.790    -1.25    3.60
-109993.445   124.651    -3.99    4.85
-109707.938   122.330    -8.13    6.04
-109422.420   119.744    -9.06    6.90
-109136.891   117.081    -9.33    7.82
-108851.351   115.325    -6.15    7.43
-108565.800   114.579    -2.61    6.99
-108280.239   113.894    -2.40    6.89
-107994.667   114.039     0.51    6.12
-107709.085   112.311    -6.05    7.11
-107423.492   109.502    -9.84    8.61
-107137.888   106.224   -11.48    9.60
-106852.273   102.587   -12.73    9.14
-106566.648    99.880    -9.48    8.27
-106281.011    97.675    -7.72    6.53
-105995.365    96.681    -3.48    5.43
-105709.707    97.094     1.45    5.29
-105424.039    98.165     3.75    5.26
-105138.360    98.904     2.59    4.87
-104852.670    99.052     0.52    4.64
-104566.970    99.220     0.59    4.94
-104281.258    99.023    -0.69    5.40
-103995.536    97.402    -5.68    5.55
-103709.804    95.701    -5.95    5.43
-103424.060    93.834    -6.54    5.17
-103138.306    92.666    -4.09    4.65
-102852.541    91.800    -3.03    4.25
-102566.766    91.588    -0.74    4.23
-102280.980    91.615     0.09    4.78
-101995.182    92.127     1.79    5.17
-101709.375    92.742     2.15    5.09
-101423.556    93.622     3.08    4.72
-101137.727    94.390     2.69    4.34
-100851.887    95.755     4.78    4.41
-100566.036    96.890     3.97    4.01
-100280.174    97.181     1.02    3.62
 -99994.302    97.368     0.66    3.65
 -99708.419    97.479     0.39    3.48
 -99422.525    97.480     0.00    3.56
 -99136.621    97.446    -0.12    3.70
 -98850.705    97.280    -0.58    3.75
 -98564.779    97.833     1.93    4.07
 -98278.842    97.942     0.38    4.49
 -97992.895    98.901     3.35    4.83
 -97706.936   100.002     3.85    5.53
 -97420.967   101.746     6.10    7.09
 -97134.987   104.708    10.36    7.89
 -96848.996   107.737    10.59    7.98
 -96562.995   110.777    10.63    7.07
 -96276.983   112.867     7.31    5.94
 -95990.960   113.531     2.32    6.37
 -95704.926   113.330    -0.70    6.37
 -95418.881   112.113    -4.26    7.00
 -95132.826   109.723    -8.35    7.77
 -94846.760   107.573    -7.51    7.92
 -94560.683   105.491    -7.28    7.69
 -94274.595   103.599    -6.61    6.73
 -93988.497   102.573    -3.59    5.50
 -93702.388   102.713     0.49    5.97
 -93416.268   104.105     4.87    7.13
 -93130.137   106.241     7.46    8.15
 -92843.995   107.860     5.66    9.59
 -92557.843   108.899     3.63   11.16
 -92271.680   108.987     0.31   12.66
 -91985.506   106.891    -7.33   13.93
 -91699.321   104.337    -8.92   13.92
 -91413.125   102.047    -8.00   13.00
 -91126.919    99.603    -8.54   11.13
 -90840.702    96.957    -9.24    9.00
 -90554.474    95.293    -5.81    7.61
 -90268.235    94.907    -1.35    7.69
 -89981.985    94.191    -2.50    8.38
 -89695.725    93.053    -3.98    8.83
 -89409.453    92.547    -1.77    9.14
 -89123.171    92.257    -1.01    8.67
 -88836.879    90.846    -4.93    8.42
 -88550.575    89.032    -6.34    7.84
 -88264.260    87.138    -6.61    7.88
 -87977.935    85.293    -6.44    8.31
 -87691.599    82.146   -10.99    9.17
 -87405.252    77.868   -14.94    9.84
 -87118.894    72.866   -17.47    9.38
 -86832.526    67.498   -18.74    9.88
 -86546.146    62.868   -16.17    9.56
 -86259.756    59.894   -10.38    7.88
 -85973.355    58.340    -5.43    6.75
 -85686.943    57.191    -4.01    6.15
 -85400.520    56.194    -3.48    6.37
 -85114.087    55.312    -3.08    6.55
 -84827.642    54.930    -1.34    6.71
 -84541.187    53.831    -3.83    7.03
 -84254.721    50.994    -9.90    6.38
 -83968.244    48.528    -8.61    4.75
 -83681.756    47.200    -4.64    3.89
 -83395.258    45.797    -4.90    3.68
 -83108.748    45.002    -2.78    3.48
 -82822.228    44.842    -0.56    3.83
 -82535.697    45.342     1.75    3.93
 -82249.155    45.151    -0.67    3.56
 -81962.602    45.804     2.28    4.02
 -81676.039    46.024     0.77    3.98
 -81389.464    46.437     1.44    4.25
 -81102.879    45.752    -2.39    4.27
 -80816.282    43.784    -6.87    3.94
 -80529.675    42.498    -4.49    4.10
 -80243.057    41.357    -3.98    4.75
 -79956.429    40.537    -2.86    5.06
 -79669.789    39.631    -3.16    5.02
 -79383.138    38.404    -4.28    5.11
 -79096.477    37.540    -3.02    4.99
 -78809.805    37.402    -0.48    5.14
 -78523.121    37.847     1.55    4.89
 -78236.427    37.513    -1.17    4.92
 -77949.723    36.052    -5.10    4.74
 -77663.007    34.794    -4.39    4.71
 -77376.280    33.921    -3.04    4.69
 -77089.543    32.922    -3.49    4.39
 -76802.794    31.882    -3.62    3.52
 -76516.035    31.132    -2.62    2.93
 -76229.265    31.054    -0.27    3.18
 -75942.484    31.255     0.70    3.53
 -75655.692    31.416     0.56    3.47
 -75368.889    31.663     0.86    3.33
 -75082.075    31.937     0.95    3.06
 -74795.251    32.494     1.94    2.84
 -74508.415    32.680     0.65    3.01
 -74221.569    32.784     0.36    3.21
 -73934.712    33.094     1.08    3.26
 -73647.844    33.377     0.98    3.06
 -73360.964    33.483     0.37    2.55
 -73074.075    32.922    -1.95    2.79
 -72787.174    32.114    -2.82    3.38
 -72500.262    30.751    -4.75    3.90
 -72213.339    29.298    -5.07    4.53
 -71926.406    28.509    -2.75    4.27
 -71639.461    28.325    -0.64    4.15
 -71352.506    28.491     0.58    4.16
 -71065.540    28.451    -0.14    4.16
 -70778.562    28.363    -0.31    4.20
 -70491.574    28.950     2.05    3.93
 -70204.575    29.542     2.06    2.90
 -69917.565    29.631     0.31    2.67
 -69630.544    29.654     0.08    2.59
 -69343.513    30.166     1.78    2.85
 -69056.470    31.189     3.56    3.08
 -68769.416    31.926     2.57    3.12
 -68482.352    32.524     2.08    3.30
 -68195.276    33.487     3.36    3.87
 -67908.190    34.025     1.87    3.93
 -67621.093    34.433     1.42    3.99
 -67333.984    34.629     0.68    3.71
 -67046.865    34.425    -0.71    3.86
 -66759.735    33.980    -1.55    3.32
 -66472.594    33.335    -2.25    3.14
 -66185.442    32.639    -2.42    2.68
 -65898.279    31.793    -2.95    2.54
 -65611.105    30.678    -3.88    2.98
 -65323.920    29.602    -3.75    4.11
 -65036.725    28.208    -4.85    4.90
 -64749.518    26.737    -5.12    5.07
 -64462.300    25.330    -4.90    4.93
 -64175.072    24.199    -3.94    4.16
 -63887.832    24.218     0.07    4.69
 -63600.582    25.682     5.10    6.51
 -63313.320    26.980     4.52    7.29
 -63026.048    28.188     4.21    7.24
 -62738.764    29.649     5.08    6.62
 -62451.470    30.890     4.32    5.43
 -62164.165    31.167     0.96    4.62
 -61876.849    30.750    -1.45    4.38
 -61589.521    29.573    -4.10    4.00
 -61302.183    28.644    -3.23    3.67
 -61014.834    28.695     0.18    3.98
 -60727.474    28.843     0.52    4.37
 -60440.103    29.438     2.07    4.84
 -60152.721    30.651     4.22    5.20
 -59865.328    31.560     3.16    5.20
 -59577.924    32.069     1.77    4.96
 -59290.509    32.246     0.61    4.15
 -59003.083    32.461     0.75    3.39
 -58715.646    32.778     1.10    3.27
 -58428.198    32.540    -0.83    3.38
 -58140.739    32.310    -0.80    3.29
 -57853.269    32.469     0.55    3.61
 -57565.789    32.696     0.79    3.73
 -57278.297    33.009     1.09    3.63
 -56990.794    33.338     1.14    3.74
 -56703.280    34.009     2.33    3.39
 -56415.755    34.394     1.34    3.21
 -56128.220    34.009    -1.34    3.07
 -55840.673    33.629    -1.32    2.76
 -55553.115    33.409    -0.77    2.43
 -55265.546    33.197    -0.74    2.27
 -54977.967    33.263     0.23    2.69
 -54690.376    32.921    -1.19    3.14
 -54402.774    32.661    -0.90    3.77
 -54115.161    32.691     0.11    3.77
 -53827.537    32.501    -0.66    3.87
 -53540.555    32.834     1.16    4.08
 -53255.182    33.095     0.92    4.00
 -52969.798    33.494     1.40    3.33
 -52684.405    33.757     0.92    2.60
 -52399.002    34.131     1.31    2.44
 -52113.588    34.160     0.10    2.33
 -51828.165    33.909    -0.88    2.36
 -51542.732    33.440    -1.64    2.22
 -51257.288    32.830    -2.14    2.18
 -50971.835    31.784    -3.66    2.54
 -50686.371    30.694    -3.82    3.34
 -50400.898    29.068    -5.69    4.49
 -50115.414    27.577    -5.22    4.95
 -49829.920    26.017    -5.46    5.18
 -49544.417    25.088    -3.25    5.12
 -49258.903    25.185     0.34    5.26
 -48973.379    25.846     2.31    5.69
 -48687.846    27.016     4.10    5.83
 -48402.302    28.457     5.05    5.63
 -48116.748    29.972     5.31    4.77
 -47831.184    30.623     2.28    4.38
 -47545.610    30.206    -1.46    5.40
 -47260.026    29.357    -2.98    5.38
 -46974.432    28.505    -2.98    4.99
 -46688.828    28.159    -1.21    4.79
 -46403.214    28.116    -0.15    4.91
 -46117.590    27.757    -1.26    5.20
 -45831.955    26.922    -2.92    5.12
 -45546.311    26.468    -1.59    4.89
 -45260.657    26.726     0.90    5.16
 -44974.992    26.894     0.59    5.23
 -44689.318    26.765    -0.45    4.85
 -44403.633    26.980     0.75    4.25
 -44117.939    26.987     0.02    4.11
 -43832.234    27.031     0.16    3.75
 -43546.519    27.330     1.05    3.67
 -43260.795    27.039    -1.02    3.68
 -42975.060    26.656    -1.34    3.70
 -42689.315    26.812     0.55    4.35
 -42403.560    27.330     1.81    5.22
 -42117.795    29.173     6.45    5.69
 -41832.020    30.942     6.19    5.63
 -41546.234    32.171     4.30    5.60
 -41260.439    33.351     4.13    6.07
 -40974.634    33.614     0.92    6.61
 -40688.818    32.871    -2.60    8.17
 -40402.993    30.557    -8.10    9.50
 -40117.157    27.276   -11.48    9.83
 -39831.312    23.448   -13.39    8.74
 -39545.456    20.557   -10.11    6.86
 -39259.590    18.110    -8.56    4.25
 -38973.714    17.260    -2.97    3.09
 -38687.828    16.876    -1.35    3.06
 -38401.932    17.161     1.00    3.28
 -38116.026    17.479     1.11    3.37
 -37830.109    17.959     1.68    3.40
 -37544.183    18.673     2.50    3.49
 -37258.247    19.337     2.32    3.52
 -36972.300    20.109     2.70    3.53
 -36686.343    21.297     4.16    3.11
 -36400.377    21.713     1.45    3.17
 -36114.400    22.023     1.09    3.08
 -35828.413    22.557     1.87    3.01
 -35542.416    23.009     1.58    2.93
 -35256.409    23.476     1.63    2.62
 -34970.391    23.413    -0.22    2.50
 -34684.364    22.908    -1.77    2.59
 -34398.326    22.270    -2.23    2.70
 -34112.279    21.784    -1.70    2.79
 -33826.221    21.199    -2.05    2.85
 -33540.153    20.691    -1.78    2.77
 -33254.075    20.354    -1.18    2.81
 -32967.987    20.666     1.09    2.92
 -32681.889    20.770     0.36    2.85
 -32395.781    20.280    -1.71    2.79
 -32109.662    19.812    -1.63    2.55
 -31823.534    19.509    -1.06    2.49
 -31537.395    19.298    -0.74    2.55
 -31251.246    19.494     0.69    2.63
 -30965.087    19.244    -0.87    2.56
 -30678.918    18.920    -1.13    2.40
 -30392.739    18.866    -0.19    2.37
 -30106.550    18.333    -1.86    2.40
 -29820.351    18.060    -0.95    2.43
 -29534.141    17.864    -0.69    2.60
 -29247.921    17.691    -0.61    2.61
 -28961.692    17.764     0.26    2.71
 -28675.452    18.215     1.57    2.93
 -28389.202    18.950     2.57    2.71
 -28102.941    19.627     2.37    2.43
 -27816.671    20.315     2.40    2.27
 -27530.390    20.512     0.69    2.21
 -27244.100    20.768     0.89    2.09
 -26957.799    20.920     0.53    1.88
 -26671.488    21.073     0.53    1.93
 -26385.167    21.054    -0.07    2.07
 -26098.836    21.306     0.88    2.19
 -25812.494    21.549     0.85    2.41
 -25526.143    22.047     1.74    2.53
 -25239.781    21.958    -0.31    2.43
 -24953.409    21.928    -0.11    2.39
 -24667.027    21.708    -0.77    2.45
 -24380.635    21.301    -1.42    2.56
 -24094.233    20.800    -1.75    2.55
 -23807.821    20.332    -1.63    2.24
 -23521.398    20.002    -1.15    2.09
 -23234.965    20.091     0.31    2.31
 -22948.522    20.570     1.67    2.98
 -22662.069    21.535     3.37    3.45
 -22375.606    22.168     2.21    3.62
 -22089.132    22.578     1.43    3.62
 -21802.649    22.949     1.29    3.45
 -21516.155    22.737    -0.74    3.35
 -21229.651    22.472    -0.93    3.45
 -20943.137    22.008    -1.62    3.24
 -20656.613    22.109     0.35    3.02
 -20370.078    22.291     0.64    2.93
 -20083.534    22.509     0.76    2.95
 -19796.979    23.024     1.80    2.88
 -19510.414    24.151     3.93    3.33
 -19223.838    25.213     3.71    3.33
 -18937.253    25.713     1.74    3.36
 -18650.658    26.137     1.48    3.36
 -18364.052    26.521     1.34    3.06
 -18077.436    26.980     1.60    2.75
 -17790.810    27.527     1.91    2.98
 -17504.174    28.547     3.56    3.72
 -17217.527    29.318     2.69    3.85
 -16930.870    30.362     3.64    3.55
 -16644.203    31.476     3.89    3.21
 -16357.526    32.282     2.81    2.80
 -16070.839    32.144    -0.48    2.84
 -15784.142    31.505    -2.23    3.04
 -15497.434    30.483    -3.56    3.20
 -15210.716    29.113    -4.78    3.89
 -14923.988    27.570    -5.38    4.22
 -14637.250    25.823    -6.09    4.27
 -14350.501    24.330    -5.21    4.02
 -14063.743    22.786    -5.39    3.66
 -13776.974    21.375    -4.92    3.68
 -13490.195    20.519    -2.98    3.71
 -13203.405    20.125    -1.38    4.37
 -12916.606    20.206     0.28    4.92
 -12629.796    20.868     2.31    5.23
 -12342.976    21.502     2.21    5.37
 -12056.146    22.328     2.88    5.35
 -11769.306    23.305     3.41    4.68
 -11482.455    23.958     2.28    3.72
 -11195.594    24.487     1.84    2.74
 -10908.723    24.891     1.41    2.30
 -10621.842    25.173     0.98    2.81
 -10334.950    25.421     0.86    2.79
 -10048.049    25.330    -0.32    3.09
  -9761.137    24.685    -2.25    3.61
  -9474.215    24.135    -1.92    3.88
  -9187.282    23.223    -3.18    3.99
  -8900.340    22.542    -2.37    4.12
  -8613.387    22.357    -0.64    4.12
  -8326.424    22.597     0.84    4.73
  -8039.450    23.913     4.58    5.84
  -7752.467    26.030     7.38    6.53
  -7465.473    28.296     7.90    6.54
  -7178.469    30.230     6.74    5.94
  -6891.455    31.001     2.69    5.20
  -6604.430    30.385    -2.15    6.69
  -6317.395    27.724    -9.27    9.64
  -6030.350    23.067   -16.22   11.81
  -5743.295    18.166   -17.07   12.43
  -5456.230    12.865   -18.47   10.65
  -5169.154     8.609   -14.82    7.15
  -4882.068     5.730   -10.03    3.76
  -4594.972     4.537    -4.15    1.84
  -4307.865     3.957    -2.02    0.28
  -4020.748     4.001     0.15    0.37
  -3733.621     4.009     0.03    0.42
  -3446.484     3.979    -0.10    0.47
  -3159.337     3.980     0.00    0.51
  -2872.179     4.039     0.21    0.67
  -2585.011     4.087     0.17    0.74
  -2297.832     4.200     0.39    0.94
  -2010.644     4.196    -0.02    1.67
  -1723.445     3.735    -1.60    2.32
  -1436.236     3.039    -2.43    2.71
  -1149.016     2.161    -3.06    2.70
   -861.787     1.340    -2.86    2.39
   -574.547     0.718    -2.16    2.09
   -287.297     0.072    -2.25    0.61
     -0.036    -0.006    -0.27    0.00
    287.235     0.168     0.61    1.02
    574.516     1.930     6.13    5.17
    861.807     5.144    11.19    8.90
   1149.108     9.714    15.91   12.18
   1436.420    16.691    24.28   16.02
   1723.742    24.666    27.76   18.02
   2011.075    34.224    33.27   18.45
   2298.418    42.765    29.72   16.15
   2585.771    49.689    24.10   14.89
   2873.134    57.276    26.40   14.55
   3160.508    63.770    22.60   12.57
   3447.891    68.519    16.53    9.67
   3735.286    70.440     6.68    8.35
   4022.690    70.778     1.18    8.86
   4310.105    68.454    -8.09   13.25
   4597.530    64.763   -12.84   16.96
   4884.965    62.193    -8.94   18.69
   5172.411    59.847    -8.16   19.42
   5459.867    57.859    -6.92   19.82
   5747.333    57.494    -1.27   19.58
   6034.810    57.678     0.64   18.99
   6322.296    59.547     6.50   18.50
   6609.794    60.688     3.97   16.93
   6897.301    60.544    -0.50   15.54
   7184.819    61.288     2.59   13.61
   7472.347    60.333    -3.32   12.13
   7759.885    59.330    -3.49   11.34
   8047.434    57.845    -5.16    9.76
   8334.243    55.892    -6.81    8.29
   8619.689    54.936    -3.35    6.56
   8905.145    54.737    -0.70    5.59
   9190.610    56.498     6.17    6.25
   9476.084    58.177     5.88    6.99
   9761.568    59.825     5.77    7.71
  10047.061    62.241     8.46    8.47
  10332.563    65.046     9.83    9.04
  10618.075    68.128    10.79    9.12
  10903.596    71.344    11.27    9.78
  11189.126    73.755     8.44   10.00
  11474.666    76.137     8.34    9.18
  11760.215    79.269    10.97    7.43
  12045.774    82.142    10.06    5.54
  12331.342    84.138     6.99    5.16
  12616.919    85.177     3.64    5.22
  12902.506    86.651     5.16    5.87
  13188.102    89.325     9.36    6.60
  13473.707    92.524    11.20    7.05
  13759.322    95.746    11.28    7.05
  14044.946    98.764    10.57    6.68
  14330.580   101.772    10.53    5.96
  14616.223   104.678    10.17    5.15
  14901.875   107.388     9.49    5.22
  15187.537   109.728     8.19    5.60
  15473.208   111.951     7.78    5.95
  15758.889   114.045     7.33    5.74
  16044.579   116.031     6.95    4.80
  16330.278   117.938     6.67    4.90
  16615.987   120.654     9.50    6.46
  16901.705   124.432    13.23    9.74
  17187.432   129.651    18.27   12.26
  17473.169   135.719    21.23   14.00
  17758.915   141.814    21.33   13.23
  18044.671   147.889    21.26   11.20
  18330.436   153.046    18.05    9.14
  18616.210   158.159    17.89    8.69
  18901.994   163.016    17.00    9.86
  19187.788   168.379    18.77   11.40
  19473.590   173.251    17.05   11.31
  19759.402   177.950    16.44   10.18
  20045.224   181.362    11.94    8.00
  20331.055   183.886     8.83    5.56
  20616.895   185.629     6.10    4.43
  20902.745   185.894     0.93    4.36
  21188.604   185.335    -1.96    4.58
  21474.472   184.816    -1.81    4.55
  21760.350   183.778    -3.63    4.92
  22046.237   182.204    -5.51    6.03
  22332.134   180.016    -7.65    6.68
  22618.040   177.153   -10.02    7.28
  22903.956   173.461   -12.91    7.87
  23189.881   170.146   -11.59    7.56
  23475.815   166.930   -11.25    6.37
  23761.759   164.204    -9.53    5.36
  24047.712   162.016    -7.65    4.27
  24333.675   161.023    -3.47    3.66
  24619.647   160.218    -2.81    3.63
  24905.629   159.529    -2.41    4.08
  25191.620   158.023    -5.27    5.07
  25477.620   155.128   -10.12    7.29
  25763.630   152.401    -9.53    8.22
  26049.649   150.520    -6.58    8.62
  26335.678   147.731    -9.75    7.83
  26621.716   145.244    -8.70    6.08
  26907.763   143.241    -7.00    4.34
  27193.820   141.803    -5.03    4.23
  27479.887   141.110    -2.42    4.54
  27765.962   139.864    -4.36    4.39
  28052.048   139.294    -1.99    4.57
  28338.142   138.893    -1.40    4.74
  28624.247   139.416     1.83    5.28
  28910.360   140.651     4.32    5.97
  29196.483   142.899     7.85    6.49
  29482.616   145.102     7.70    6.58
  29768.758   147.426     8.12    5.87
  30054.909   148.377     3.32    5.59
  30341.070   147.089    -4.50    7.84
  30627.240   144.111   -10.41   10.69
  30913.420   140.009   -14.33   12.47
  31199.609   135.373   -16.20   12.22
  31485.807   130.605   -16.66   11.33
  31772.016   125.891   -16.47    8.75
  32058.233   122.366   -12.32    5.95
  32344.460   119.778    -9.04    4.33
  32630.697   118.037    -6.08    5.33
  32916.942   115.987    -7.16    6.90
  33203.198   112.766   -11.25    8.30
  33489.463   107.937   -16.87   10.78
  33775.737   101.637   -22.01   13.04
  34062.021    95.861   -20.18   13.27
  34348.314    89.830   -21.07   12.90
  34634.616    84.231   -19.56   11.55
  34920.929    79.668   -15.94    9.13
  35207.250    75.787   -13.56    6.62
  35493.581    73.783    -7.00    5.65
  35779.922    72.556    -4.28    5.34
  36066.272    72.534    -0.08    6.34
  36352.631    72.355    -0.63    6.81
  36639.000    72.444     0.31    6.92
  36925.379    72.454     0.03    6.97
  37211.767    71.298    -4.04    7.17
  37498.164    70.016    -4.48    7.36
  37784.571    67.824    -7.65    6.68
  38070.987    66.328    -5.22    6.40
  38357.413    66.519     0.67    9.24
  38643.848    69.226     9.45   17.21
  38930.293    75.909    23.33   30.88
  39216.748    88.223    42.99   49.01
  39503.211    98.906    37.29   58.26
  39789.685   107.377    29.57   61.77
  40076.167   107.673     1.03   57.21
  40362.660   108.987     4.59   51.98
  40649.161   106.994    -6.95   44.27
  40935.672   100.364   -23.14   33.85
  41222.193    96.096   -14.90   23.68
  41508.723    91.102   -17.43   16.19
  41795.263    89.313    -6.24   13.25
  42081.812    90.237     3.23   12.29
  42368.371    91.433     4.17   11.75
  42654.939    93.420     6.93   11.59
  42941.517    98.383    17.32   13.92
  43228.104   107.224    30.85   17.55
  43514.701   117.461    35.72   20.02
  43801.307   129.001    40.27   22.43
  44087.923   139.187    35.54   21.80
  44374.548   147.309    28.34   18.70
  44661.183   153.759    22.50   14.66
  44947.827   157.574    13.31   11.46
  45234.481   161.332    13.11    9.55
  45521.144   164.866    12.33   10.96
  45807.817   170.188    18.57   15.29
  46094.499   179.201    31.44   20.34
  46381.191   190.200    38.36   22.93
  46667.892   201.605    39.78   23.37
  46954.603   213.259    40.65   23.37
  47241.323   227.054    48.11   26.85
  47528.053   244.344    60.30   34.16
  47814.792   264.552    70.48   45.41
  48101.541   289.678    87.62   57.02
  48388.300   316.109    92.17   60.76
  48675.068   343.332    94.93   55.95
  48961.845   365.683    77.94   45.03
  49248.632   385.285    68.35   32.42
  49535.429   402.105    58.65   21.86
  49822.235   411.393    32.38   18.58
  50109.050   418.894    26.15   16.43
  50395.876   424.883    20.88   13.44
  50682.710   429.545    16.25    9.35
  50969.554   431.894     8.19    5.91
  51256.408   432.002     0.37    4.94
  51543.271   432.037     0.12    5.49
  51830.144   431.425    -2.14    5.93
  52117.027   430.520    -3.16    5.77
  52403.918   430.630     0.38    5.87
  52690.820   430.231    -1.39    5.48
  52977.731   429.498    -2.56    4.91
  53264.651   428.923    -2.00    4.20
  53551.581   428.308    -2.14    4.14
  53838.521   426.873    -5.00    5.74
  54125.470   424.923    -6.80    7.14
  54412.429   423.099    -6.36    8.26
  54699.397   420.332    -9.64   11.33
  54986.375   418.068    -7.89   14.06
  55273.362   417.676    -1.37   15.18
  55560.359   415.335    -8.16   17.60
  55847.366   413.166    -7.56   18.20
  56134.382   409.291   -13.50   19.66
  56421.407   403.246   -21.06   21.49
  56708.442   394.668   -29.88   23.89
  56995.487   383.516   -38.85   26.35
  57282.541   370.436   -45.56   25.88
  57569.605   358.538   -41.45   24.28
  57856.679   346.349   -42.46   22.79
  58143.762   334.899   -39.89   19.73
  58430.854   328.110   -23.65   16.51
  58717.956   322.233   -20.47   14.41
  59005.068   317.983   -14.80   11.41
