-127324.356    56.618     0.00    4.68
-127037.796    57.030     1.44    4.48
-126751.231    57.571     1.89    4.13
-126464.663    58.495     3.23    3.44
-126178.091    58.719     0.78    3.05
-125891.515    58.719     0.00    2.96
-125604.935    58.995     0.96    3.36
-125318.351    60.383     4.84    4.58
-125031.763    62.669     7.98    6.20
-124745.171    65.524     9.96    7.08
-124458.576    68.359     9.89    7.14
-124171.976    71.014     9.26    6.05
-123885.373    73.381     8.26    4.43
-123598.766    75.138     6.13    3.84
-123312.155    76.518     4.82    3.75
-123025.540    78.080     5.45    4.29
-122738.921    80.026     6.79    5.26
-122452.298    82.147     7.40    5.66
-122165.672    84.007     6.49    5.24
-121879.041    85.315     4.56    4.58
-121592.407    86.066     2.62    4.25
-121305.768    86.030    -0.13    4.68
-121019.126    84.829    -4.19    6.23
-120732.480    83.247    -5.52    7.49
-120445.830    80.940    -8.05    8.76
-120159.176    78.812    -7.43    9.55
-119872.518    76.808    -6.99   10.09
-119585.857    75.854    -3.33    9.95
-119299.191    75.827    -0.10   10.30
-119012.521    76.246     1.46   10.84
-118725.848    76.690     1.55   11.24
-118439.171    76.456    -0.82   11.32
-118152.490    76.403    -0.18   11.10
-117865.805    76.186    -0.76   10.82
-117579.116    76.060    -0.44   10.61
-117292.423    75.176    -3.08   10.43
-117005.726    73.789    -4.84   10.08
-116719.025    71.255    -8.84   10.19
-116432.321    69.513    -6.07   10.20
-116145.612    68.745    -2.68   10.34
-115858.900    67.973    -2.70    9.67
-115572.184    65.322    -9.24    9.15
-115285.464    61.331   -13.92   10.58
-114998.740    57.049   -14.93   12.49
-114712.012    52.775   -14.91   12.57
-114425.280    48.465   -15.03   10.66
-114138.544    44.843   -12.63    8.32
-113851.805    42.113    -9.52    5.64
-113565.061    41.907    -0.72    7.22
-113278.314    43.562     5.77   12.06
-112991.563    46.555    10.44   16.42
-112704.807    49.995    12.00   19.86
-112418.048    53.322    11.60   22.90
-112131.285    56.441    10.88   25.51
-111844.518    58.410     6.87   26.32
-111557.748    59.268     2.99   24.77
-111270.973    59.903     2.22   22.82
-110984.194    61.197     4.51   21.79
-110697.412    60.767    -1.50   20.33
-110410.626    59.725    -3.63   19.36
-110123.835    57.607    -7.38   17.87
-109837.041    55.829    -6.20   14.74
-109550.243    55.739    -0.31   12.81
-109263.441    57.176     5.01   11.58
-108976.635    59.901     9.50   11.07
-108689.825    63.435    12.32   10.76
-108403.012    67.421    13.90    9.35
-108116.194    71.676    14.84    7.46
-107829.373    74.486     9.80    6.84
-107542.547    76.147     5.79    7.57
-107255.718    77.697     5.40    8.84
-106968.885    78.082     1.34   10.17
-106682.048    78.009    -0.25   11.12
-106395.317    77.510    -1.74   11.79
-106109.231    76.792    -2.51   11.92
-105823.143    76.647    -0.51   12.67
-105537.051    76.967     1.12   13.71
-105250.956    78.456     5.21   15.16
-104964.858    80.009     5.43   16.37
-104678.757    81.627     5.65   17.05
-104392.653    82.410     2.74   17.08
-104106.545    82.294    -0.41   16.83
-103820.435    81.482    -2.84   16.11
-103534.321    80.873    -2.13   15.22
-103248.204    81.035     0.57   14.26
-102962.084    81.222     0.65   13.19
-102675.961    81.719     1.74   12.30
-102389.835    82.921     4.20   12.26
-102103.705    84.546     5.68   12.40
-101817.573    87.117     8.99   12.27
-101531.437    88.808     5.91   12.38
-101245.298    89.399     2.07   12.19
-100959.156    88.917    -1.69   12.04
-100673.011    87.953    -3.37   11.77
-100386.862    86.069    -6.58   10.69
-100100.711    83.822    -7.85    9.09
 -99814.556    82.009    -6.33    6.89
 -99528.398    80.532    -5.16    4.95
 -99242.237    79.565    -3.38    3.57
 -98956.073    79.328    -0.83    3.18
 -98669.906    79.775     1.56    3.31
 -98383.736    80.023     0.87    3.58
 -98097.562    79.912    -0.39    3.85
 -97811.385    79.841    -0.25    4.10
 -97525.205    79.710    -0.46    4.22
 -97239.022    79.601    -0.38    4.06
 -96952.836    79.505    -0.34    3.76
 -96666.647    79.155    -1.22    3.79
 -96380.454    78.877    -0.97    4.04
 -96094.259    78.312    -1.98    4.54
 -95808.060    77.076    -4.32    5.12
 -95521.858    75.299    -6.21    5.07
 -95235.653    73.043    -7.88    4.88
 -94949.445    70.948    -7.32    4.54
 -94663.233    69.393    -5.43    4.28
 -94377.019    68.133    -4.40    4.40
 -94090.801    66.538    -5.57    4.02
 -93804.580    65.118    -4.96    3.38
 -93518.356    64.205    -3.19    3.08
 -93232.129    63.998    -0.72    3.48
 -92945.899    63.343    -2.29    4.55
 -92659.665    62.683    -2.31    5.34
 -92373.429    62.697     0.05    5.58
 -92087.189    63.519     2.87    5.32
 -91800.946    63.955     1.52    5.44
 -91514.700    64.162     0.72    4.82
 -91228.450    63.983    -0.62    4.19
 -90942.198    63.704    -0.98    4.26
 -90655.942    62.458    -4.35    5.26
 -90369.684    60.764    -5.92    5.88
 -90083.422    59.093    -5.84    6.23
 -89797.157    57.283    -6.32    6.36
 -89510.889    55.052    -7.79    6.59
 -89224.617    52.690    -8.25    6.67
 -88938.343    50.326    -8.26    6.78
 -88652.065    48.641    -5.88    6.73
 -88365.784    46.916    -6.03    6.24
 -88079.500    45.028    -6.59    4.92
 -87793.213    43.565    -5.11    3.36
 -87506.923    42.860    -2.46    2.64
 -87220.630    42.627    -0.82    2.44
 -86934.333    42.542    -0.30    2.84
 -86648.033    42.896     1.24    3.16
 -86361.730    42.780    -0.40    3.91
 -86075.424    42.641    -0.49    4.04
 -85789.115    42.752     0.39    3.64
 -85502.803    42.823     0.25    3.55
 -85216.487    41.463    -4.75    5.35
 -84930.168    39.307    -7.53    6.60
 -84643.847    37.279    -7.08    6.60
 -84357.522    35.162    -7.39    6.77
 -84071.193    33.357    -6.30    7.16
 -83784.862    32.079    -4.46    7.30
 -83498.528    31.641    -1.53    7.49
 -83212.190    32.058     1.46    7.77
 -82925.849    32.449     1.37    8.21
 -82639.505    32.357    -0.32    8.42
 -82353.158    32.165    -0.67    8.90
 -82066.808    31.662    -1.76    9.28
 -81780.454    30.501    -4.05   10.63
 -81494.098    27.398   -10.84   11.49
 -81207.738    23.384   -14.02   11.58
 -80921.375    19.529   -13.46    9.58
 -80635.009    17.683    -6.45    7.86
 -80348.640    17.796     0.39    8.08
 -80062.267    19.584     6.25    8.98
 -79775.892    22.023     8.52    9.28
 -79489.513    24.294     7.93    8.60
 -79203.131    25.806     5.28    7.40
 -78916.746    27.453     5.75    6.78
 -78630.358    29.759     8.05    7.20
 -78343.967    32.719    10.33    8.13
 -78057.572    35.456     9.56    8.27
 -77771.174    37.605     7.50    7.42
 -77484.774    39.272     5.82    5.76
 -77198.370    39.843     1.99    4.71
 -76911.962    39.241    -2.10    5.10
 -76625.552    38.186    -3.68    4.94
 -76339.139    37.593    -2.07    4.61
 -76052.722    37.626     0.11    4.37
 -75766.302    38.083     1.60    4.06
 -75479.879    38.805     2.52    3.42
 -75193.453    39.421     2.15    2.52
 -74907.024    39.497     0.27    1.91
 -74620.591    39.445    -0.18    1.50
 -74334.156    39.560     0.40    1.46
 -74047.717    40.169     2.13    2.11
 -73761.275    41.476     4.56    3.81
 -73474.830    43.733     7.88    6.34
 -73188.382    45.755     7.06    6.73
 -72901.930    47.541     6.24    6.23
 -72615.476    49.053     5.28    5.50
 -72329.018    50.261     4.22    4.99
 -72042.557    50.581     1.12    4.71
 -71756.093    50.377    -0.71    4.65
 -71469.625    49.376    -3.50    5.08
 -71183.155    48.144    -4.30    6.45
 -70896.681    47.520    -2.18    7.52
 -70610.205    47.176    -1.20    7.92
 -70323.725    49.593     8.44   10.07
 -70037.242    52.060     8.61   11.76
 -69750.755    54.436     8.30   12.14
 -69464.266    57.333    10.11   12.08
 -69177.773    61.243    13.65   10.30
 -68891.278    63.449     7.70    8.97
 -68604.779    62.627    -2.87   11.19
 -68318.277    58.986   -12.71   12.98
 -68031.771    54.391   -16.04   13.73
 -67745.263    49.744   -16.22   13.91
 -67458.751    45.984   -13.13   12.19
 -67172.237    43.704    -7.96    9.49
 -66885.719    42.951    -2.63    6.74
 -66599.198    42.816    -0.47    4.57
 -66312.673    43.426     2.13    3.32
 -66026.146    44.253     2.89    2.96
 -65739.616    45.169     3.20    3.05
 -65453.082    46.041     3.04    3.61
 -65166.545    46.704     2.31    3.72
 -64880.005    46.634    -0.24    3.69
 -64593.462    46.562    -0.25    3.85
 -64306.915    46.023    -1.88    4.57
 -64020.366    45.303    -2.52    4.83
 -63733.813    44.852    -1.57    4.63
 -63447.257    44.200    -2.28    4.06
 -63160.698    44.012    -0.66    3.89
 -62874.136    44.510     1.74    4.17
 -62587.570    45.571     3.70    4.01
 -62301.002    46.031     1.60    3.37
 -62014.430    45.527    -1.76    3.51
 -61727.855    44.805    -2.52    3.83
 -61441.277    44.294    -1.78    3.59
 -61154.695    43.628    -2.32    3.16
 -60868.111    43.101    -1.84    3.15
 -60581.523    43.037    -0.22    3.70
 -60294.933    43.484     1.56    3.90
 -60008.339    44.446     3.36    4.14
 -59721.742    45.712     4.42    3.84
 -59435.141    46.590     3.06    3.67
 -59148.538    46.801     0.74    3.58
 -58861.931    46.910     0.38    3.18
 -58575.321    47.073     0.57    2.81
 -58288.708    47.574     1.75    2.98
 -58002.092    48.097     1.82    3.37
 -57715.473    48.539     1.54    3.61
 -57428.851    49.387     2.96    3.91
 -57142.225    50.266     3.07    3.62
 -56855.596    50.405     0.49    3.52
 -56568.964    50.002    -1.40    3.65
 -56282.329    49.479    -1.83    3.64
 -55995.691    49.213    -0.93    3.59
 -55709.049    49.480     0.93    3.42
 -55422.404    49.733     0.88    3.15
 -55135.757    50.433     2.44    3.02
 -54849.106    51.056     2.17    2.81
 -54562.451    51.480     1.48    2.63
 -54275.794    52.148     2.33    2.44
 -53989.133    52.600     1.58    2.73
 -53702.470    52.844     0.85    2.92
 -53415.803    53.079     0.82    2.86
 -53129.133    52.979    -0.35    2.95
 -52842.460    52.514    -1.62    2.88
 -52555.783    52.214    -1.04    2.70
 -52269.104    52.113    -0.35    2.49
 -51982.421    51.854    -0.90    2.56
 -51695.735    51.697    -0.55    2.74
 -51409.046    51.697     0.00    3.09
 -51122.354    51.435    -0.91    3.48
 -50835.658    51.286    -0.52    4.14
 -50548.959    51.422     0.48    4.43
 -50262.258    51.937     1.79    4.69
 -49975.553    52.738     2.80    4.82
 -49688.845    53.579     2.93    4.48
 -49402.133    54.166     2.05    3.56
 -49115.419    54.120    -0.16    3.63
 -48828.701    53.535    -2.04    4.43
 -48541.980    52.165    -4.78    5.20
 -48255.256    50.690    -5.14    5.22
 -47968.529    49.240    -5.06    4.86
 -47681.799    48.359    -3.07    4.78
 -47395.065    47.929    -1.50    4.64
 -47108.328    47.827    -0.36    4.52
 -46821.588    47.812    -0.05    4.17
 -46534.845    47.586    -0.79    4.06
 -46248.099    47.287    -1.04    4.34
 -45961.350    45.997    -4.50    4.80
 -45674.597    44.133    -6.50    5.40
 -45387.841    41.991    -7.47    5.89
 -45101.082    40.390    -5.58    6.18
 -44814.320    39.292    -3.83    6.67
 -44527.689    38.152    -3.98    6.73
 -44241.527    36.421    -6.05    6.52
 -43955.362    34.383    -7.12    7.07
 -43669.195    32.421    -6.86    7.78
 -43383.026    31.584    -2.92    7.82
 -43096.854    32.336     2.63    8.24
 -42810.680    34.324     6.95    9.02
 -42524.503    37.148     9.87    9.91
 -42238.324    40.162    10.53   10.35
 -41952.143    42.950     9.74    9.51
 -41665.959    45.621     9.33    7.50
 -41379.772    47.823     7.69    4.93
 -41093.584    48.739     3.20    3.13
 -40807.392    48.528    -0.74    2.90
 -40521.199    48.035    -1.72    2.75
 -40235.002    47.929    -0.37    2.76
 -39948.804    48.240     1.09    2.83
 -39662.603    48.183    -0.20    3.31
 -39376.400    48.491     1.08    3.52
 -39090.194    48.655     0.57    3.54
 -38803.985    47.970    -2.40    4.38
 -38517.775    45.468    -8.74    6.79
 -38231.562    41.965   -12.24    8.72
 -37945.346    37.972   -13.95    9.40
 -37659.128    34.399   -12.48    8.95
 -37372.908    31.437   -10.35    7.51
 -37086.685    29.605    -6.40    5.55
 -36800.459    29.472    -0.47    5.44
 -36514.232    31.225     6.12    7.03
 -36228.002    33.846     9.16    8.82
 -35941.769    37.361    12.28    9.58
 -35655.534    41.220    13.48    8.56
 -35369.296    44.131    10.17    6.70
 -35083.056    46.612     8.67    5.37
 -34796.814    48.676     7.21    4.95
 -34510.569    49.910     4.31    5.28
 -34224.322    51.397     5.20    5.22
 -33938.072    52.593     4.18    4.97
 -33651.820    53.601     3.52    4.35
 -33365.566    54.254     2.28    3.96
 -33079.309    54.313     0.21    3.98
 -32793.050    53.771    -1.89    3.83
 -32506.788    52.462    -4.57    3.53
 -32220.523    51.165    -4.53    3.77
 -31934.257    49.647    -5.30    4.10
 -31647.988    47.876    -6.19    4.81
 -31361.716    46.606    -4.44    4.70
 -31075.442    45.683    -3.22    4.21
 -30789.166    45.228    -1.59    3.70
 -30502.887    45.014    -0.75    4.03
 -30216.605    44.765    -0.87    4.97
 -29930.322    43.539    -4.28    6.09
 -29644.035    41.572    -6.87    6.78
 -29357.747    38.472   -10.83    7.56
 -29071.456    34.979   -12.20    7.39
 -28785.162    31.746   -11.29    6.55
 -28498.866    29.570    -7.60    5.85
 -28212.568    28.268    -4.55    5.31
 -27926.267    27.482    -2.75    4.79
 -27639.964    27.101    -1.33    4.62
 -27353.658    26.938    -0.57    4.45
 -27067.350    26.850    -0.31    3.61
 -26781.040    25.945    -3.16    4.42
 -26494.727    24.655    -4.50    5.41
 -26208.411    23.225    -4.99    5.66
 -25922.093    22.014    -4.23    5.31
 -25635.773    21.023    -3.46    4.77
 -25349.450    20.456    -1.98    4.44
 -25063.125    19.900    -1.94    3.98
 -24776.798    19.717    -0.64    3.66
 -24490.467    18.928    -2.76    3.70
 -24204.135    18.183    -2.60    3.70
 -23917.800    16.989    -4.17    3.36
 -23631.463    15.566    -4.97    3.07
 -23345.123    14.305    -4.41    3.57
 -23058.781    13.505    -2.79    3.66
 -22772.436    12.983    -1.82    3.71
 -22486.089    12.446    -1.88    3.48
 -22199.739    12.343    -0.36    3.36
 -21913.387    12.464     0.42    3.24
 -21627.033    12.772     1.08    3.34
 -21340.676    12.895     0.43    3.34
 -21054.317    12.737    -0.55    3.20
 -20767.955    12.704    -0.12    2.96
 -20481.591    12.627    -0.27    3.23
 -20195.224    11.789    -2.92    3.63
 -19908.855    11.269    -1.82    3.55
 -19622.484    10.929    -1.18    3.45
 -19336.110    10.414    -1.80    3.41
 -19049.733     9.607    -2.82    2.87
 -18763.355     8.483    -3.92    2.52
 -18476.973     7.929    -1.93    2.74
 -18190.590     7.368    -1.96    2.81
 -17904.203     6.580    -2.75    2.57
 -17617.815     5.982    -2.09    2.32
 -17331.424     5.466    -1.80    1.89
 -17045.030     5.116    -1.22    1.76
 -16758.634     5.364     0.87    2.22
 -16472.236     5.894     1.85    2.93
 -16185.835     6.352     1.60    3.40
 -15899.432     6.857     1.76    3.69
 -15613.027     7.601     2.60    3.63
 -15326.618     8.451     2.97    3.65
 -15040.208     9.231     2.72    3.70
 -14753.795     9.837     2.12    4.04
 -14467.380    10.505     2.33    4.26
 -14180.962    11.269     2.67    4.67
 -13894.541    12.007     2.58    4.89
 -13608.119    12.662     2.29    4.98
 -13321.693    13.063     1.40    4.86
 -13035.266    13.521     1.60    4.76
 -12748.836    14.023     1.75    4.72
 -12462.403    13.993    -0.10    4.64
 -12175.968    13.758    -0.82    4.45
 -11889.531    13.566    -0.67    4.34
 -11603.091    13.550    -0.06    4.57
 -11316.649    12.978    -2.00    5.00
 -11030.204    11.903    -3.75    5.78
 -10743.757    10.988    -3.19    6.43
 -10457.307     9.747    -4.33    7.07
 -10170.855     7.795    -6.82    7.31
  -9884.401     5.947    -6.45    6.96
  -9597.944     4.238    -5.97    6.12
  -9311.485     2.766    -5.14    5.12
  -9025.023     1.648    -3.90    4.16
  -8738.559     0.704    -3.30    3.02
  -8452.092    -0.155    -3.00    0.79
  -8165.623    -0.289    -0.47    0.30
  -7879.151    -0.324    -0.12    0.00
  -7592.677    -0.324     0.00    0.00
  -7306.201    -0.324     0.00    0.00
  -7019.722    -0.324     0.00    0.00
  -6733.241    -0.324     0.00    0.00
  -6446.757    -0.324     0.00    0.00
  -6160.271    -0.324     0.00    0.00
  -5873.782    -0.324     0.00    0.00
  -5587.291    -0.289     0.12    0.30
  -5300.797    -0.247     0.15    0.41
  -5014.301    -0.195     0.18    0.53
  -4727.803    -0.147     0.17    0.60
  -4441.302     0.045     0.67    2.65
  -4154.799     0.766     2.52    5.24
  -3868.293     0.635    -0.46    4.28
  -3581.785     0.159    -1.66    2.25
  -3295.274    -0.072    -0.81    1.53
  -3008.761    -0.263    -0.66    0.43
  -2722.245    -0.317    -0.19    0.08
  -2435.727    -0.324    -0.02    0.00
  -2149.207    -0.324     0.00    0.00
  -1862.684    -0.324     0.00    0.00
  -1576.159    -0.324     0.00    0.00
  -1289.631    -0.324     0.00    0.00
  -1003.101    -0.324     0.00    0.00
   -716.568    -0.324     0.00    0.00
   -430.033    -0.324     0.00    0.00
   -143.496    -0.324     0.00    0.00
    143.044    -0.324     0.00    0.00
    429.587    -0.324     0.00    0.00
    716.132    -0.324     0.00    0.00
   1002.679    -0.324     0.00    0.00
   1289.229    -0.324     0.00    0.00
   1575.781    -0.324     0.00    0.00
   1862.336    -0.324     0.00    0.00
   2148.893    -0.324     0.00    0.00
   2435.452    -0.324     0.00    0.00
   2722.014    -0.324     0.00    0.00
   3008.579    -0.324     0.00    0.00
   3295.146    -0.232     0.32    0.57
   3581.715     0.113     1.20    1.65
   3868.287     0.676     1.97    2.71
   4154.861     1.293     2.15    3.43
   4441.437     1.641     1.21    3.72
   4728.017     1.538    -0.36    3.64
   5014.598     1.261    -0.97    3.38
   5301.182     0.977    -0.99    3.17
   5587.769     0.798    -0.62    2.93
   5874.357     0.960     0.56    3.09
   6160.949     1.463     1.76    3.55
   6447.543     1.819     1.24    3.64
   6734.139     2.113     1.03    3.43
   7020.737     2.467     1.24    3.09
   7307.339     3.012     1.90    3.10
   7593.942     5.627     9.13    7.39
   7880.548     9.363    13.03   11.89
   8167.157    14.203    16.89   15.90
   8453.768    19.203    17.44   18.49
   8740.381    26.502    25.47   19.51
   9026.997    35.176    30.26   18.13
   9313.615    43.099    27.64   14.57
   9600.236    48.449    18.67   11.03
   9886.859    51.364    10.17    8.73
  10173.484    53.914     8.90    6.18
  10460.112    56.259     8.18    4.45
  10746.743    58.279     7.05    4.90
  11033.376    61.094     9.82    7.94
  11320.011    64.799    12.93   10.50
  11606.649    70.710    20.62   12.23
  11893.289    76.857    21.44   12.59
  12179.932    83.732    23.99   11.92
  12466.577    89.753    21.01   10.37
  12753.225    94.676    17.17    8.39
  13039.875    97.818    10.96    6.60
  13326.527   100.120     8.03    4.45
  13613.182   101.071     3.31    3.77
  13899.840   101.588     1.80    3.57
  14186.500   102.470     3.08    3.78
  14473.162   103.411     3.28    4.19
  14759.827   104.361     3.31    4.76
  15046.494   104.569     0.73    5.24
  15333.164   104.424    -0.50    5.59
  15619.836   103.690    -2.56    6.03
  15906.510   102.482    -4.21    5.85
  16193.187   101.019    -5.10    4.69
  16479.867   100.966    -0.19    4.67
  16766.549   102.676     5.97    6.19
  17053.233   105.281     9.09    7.23
  17339.785   108.295    10.52    8.05
  17626.026   111.552    11.38    8.28
  17912.268   114.586    10.60    7.52
  18198.511   117.218     9.20    6.32
  18484.757   119.858     9.22    6.75
  18771.004   122.965    10.85    8.81
  19057.253   126.863    13.62   10.88
  19343.504   131.419    15.91   11.99
  19629.756   136.977    19.42   12.56
  19916.010   143.279    22.02   13.36
  20202.266   150.537    25.36   13.98
  20488.523   158.377    27.39   13.70
  20774.783   165.214    23.88   13.45
  21061.044   172.238    24.54   13.44
  21347.306   179.039    23.76   13.14
  21633.571   185.098    21.16   12.16
  21919.837   190.429    18.62   10.82
  22206.104   194.352    13.70    9.31
  22492.374   196.768     8.44    7.27
  22778.645   197.892     3.93    5.81
  23064.918   196.519    -4.80    7.18
  23351.193   193.333   -11.13    9.25
  23637.469   189.784   -12.40   10.34
  23923.747   188.319    -5.12   11.09
  24210.027   190.005     5.89   15.22
  24496.309   194.041    14.10   19.21
  24782.592   197.955    13.67   19.73
  25068.877   201.554    12.57   18.39
  25355.164   204.492    10.26   14.99
  25641.452   206.302     6.32   11.17
  25927.742   205.759    -1.89   10.20
  26214.034   204.002    -6.14    9.18
  26500.328   203.521    -1.68    7.88
  26786.623   204.599     3.76    7.61
  27072.920   207.151     8.92    6.58
  27359.219   209.558     8.41    5.48
  27645.519   210.788     4.30    5.28
  27931.821   210.424    -1.27    5.46
  28218.125   210.016    -1.42    5.55
  28504.431   209.585    -1.51    5.56
  28790.738   209.176    -1.43    5.56
  29077.047   209.138    -0.13    5.55
  29363.358   210.375     4.32    6.20
  29649.670   212.786     8.42    7.26
  29935.984   215.689    10.14    8.13
  30222.300   218.827    10.96    9.00
  30508.618   221.890    10.70    9.23
  30794.937   225.070    11.11    8.73
  31081.258   227.640     8.98    8.07
  31367.581   229.462     6.36    7.01
  31653.906   230.612     4.02    6.35
  31940.232   231.619     3.52    6.69
  32226.560   232.712     3.82    8.33
  32512.889   233.619     3.17    9.51
  32799.221   234.370     2.62   10.44
  33085.554   233.627    -2.60   11.16
  33371.889   232.588    -3.63   11.11
  33658.225   230.111    -8.65   10.33
  33944.564   226.991   -10.90    8.52
  34230.903   225.370    -5.66    6.55
  34517.245   225.539     0.59    5.73
  34803.589   227.221     5.87    6.03
  35089.934   229.641     8.45    6.28
  35376.281   231.141     5.24    6.39
  35662.629   232.019     3.06    6.58
  35948.979   231.775    -0.85    7.17
  36235.331   230.444    -4.65    8.16
  36521.685   228.662    -6.22    8.75
  36808.041   226.445    -7.74    8.14
  37094.398   223.982    -8.60    7.31
  37380.757   221.690    -8.00    7.65
  37667.117   218.921    -9.67    9.09
  37953.480   215.608   -11.57   10.58
  38239.844   211.622   -13.92   11.17
  38526.209   207.888   -13.04   11.14
  38812.577   204.608   -11.45    9.66
  39098.946   203.218    -4.86    8.43
  39385.317   203.283     0.23    7.98
  39671.690   203.000    -0.99    7.98
  39958.064   203.634     2.21    7.66
  40244.440   204.804     4.09    7.14
  40530.818   205.469     2.32    6.75
  40817.197   205.897     1.50    5.89
  41103.579   205.200    -2.43    5.53
  41389.962   204.523    -2.36    5.02
  41676.346   204.007    -1.80    5.22
  41962.733   201.676    -8.14    6.25
  42249.121   199.279    -8.37    6.87
  42535.511   198.725    -1.93    8.18
  42821.902   198.587    -0.48    9.74
  43108.296   198.065    -1.82   10.04
  43394.691   197.343    -2.52   10.29
  43681.087   197.613     0.94   10.99
  43967.486   198.172     1.95   11.20
  44253.886   197.903    -0.94   11.34
  44540.288   195.507    -8.37   11.06
  44826.691   192.009   -12.21    9.74
  45113.097   188.775   -11.29    9.14
  45399.504   185.690   -10.77    8.95
  45685.913   182.547   -10.97    8.81
  45972.323   180.002    -8.88    8.45
  46258.735   177.786    -7.74    8.06
  46545.149   175.826    -6.84    8.41
  46831.565   172.820   -10.49    9.59
  47117.982   169.656   -11.05    9.73
  47404.401   166.683   -10.38    9.14
  47690.822   164.066    -9.14    9.27
  47977.245   161.064   -10.48    9.66
  48263.669   158.804    -7.89    9.61
  48550.095   159.449     2.25   11.50
  48836.523   161.084     5.71   12.71
  49122.952   162.901     6.34   13.44
  49409.383   163.522     2.17   13.31
  49695.816   162.738    -2.74   13.73
  49982.251   158.131   -16.09   18.12
  50268.687   147.834   -35.95   25.78
  50555.125   130.470   -60.62   35.53
  50841.565   112.530   -62.63   39.22
  51128.006    97.875   -51.16   36.69
  51414.450    88.917   -31.27   32.18
  51700.894    83.592   -18.59   26.84
  51987.341    81.915    -5.85   21.91
  52273.789    82.401     1.70   19.81
  52560.240    83.105     2.45   19.77
  52846.691    79.782   -11.60   21.95
  53133.145    75.250   -15.82   22.10
  53419.600    74.279    -3.39   22.66
  53706.057    73.067    -4.23   23.98
  53992.516    71.381    -5.88   24.91
  54278.976    74.733    11.70   26.84
