# NaN NaN NaN ;Mean Elev.(m), Avg Gradient(m/km), RMS Gradient(m/km) - SRTM1     
#   -2.243 -11.037  13.664 ;Mean Elev.(m), Avg Gradient(m/km), RMS Gradient(m/km) - ASTER GDEM
#   24.000 -11.125  12.974 ;Mean Elev.(m), Avg Gradient(m/km), RMS Gradient(m/km) - GMTED2010 
   2  88.995173  62.302041    95.133    95.623  5 54673.14516210 16.886
   3  88.994224  62.303480   -81.730   -81.708  6 54683.06080566  2.811
   4  88.994723  62.303923    94.871    96.280  5 54692.97644792 28.375
   5  88.994149  62.302061   -73.594   -73.546  5 54702.89208735  2.668
   6  88.997442  62.300854    94.990    95.703  4 54712.80773649  4.603
   7  88.996018  62.299232   -49.440   -49.288  5 54722.72338701 10.377
   8  88.995246  62.299441    82.554    82.679  6 54732.63903539  6.942
   9  88.993797  62.300992    82.736    82.796  6 54742.55468236  6.711
  10  88.993323  62.302079    82.853    82.912  6 54752.47032920  8.697
  11  88.995004  62.302145    82.686    82.683  5 54762.38597582  1.094
  12  88.996114  62.300449    91.652    90.318  5 54772.30161972 18.873
  13  88.995773  62.298739    86.518    86.454  5 54782.21726050 14.566
  14  88.997724  62.298931    75.435    75.936  5 54792.13289917 17.914
  15  88.994598  62.299202    89.683    91.691  5 54802.04853621  4.607
  16  88.995839  62.300385    23.793    23.749  6 54811.96417361 25.432
  17  88.995803  62.300592    23.380    23.400  6 54821.87981528 17.690
  18  88.996054  62.300724    23.741    23.730  5 54831.79546730 16.430
  19  88.993943  62.301036    23.881    23.942  5 54841.71110573 16.721
  20  88.995486  62.303643    24.083    23.755  6 54851.62675511 13.968
  21  88.993758  62.305611    23.761    23.811  5 54861.54240380 14.071
  22  88.994234  62.306828    23.763    23.773  6 54871.45805267 14.591
  23  88.991806  62.304579    23.532    23.548  6 54881.37369926 12.876
  24  88.994353  62.302013    23.270    23.266  6 54891.28934299 12.764
  25  88.994765  62.299781    23.704    23.730  5 54901.20498360 13.650
  26  88.994602  62.300169    23.444    23.481  6 54911.12062260 11.887
  27  88.994022  62.301837    24.326    23.576  6 54921.03626049 10.002
  28  88.994456  62.302544    23.961    23.955  6 54930.95189777 16.530
  29  88.994901  62.300533    24.719    24.745  6 54940.86753339 27.736
  31  88.997526  62.296128    35.346    35.243  5 54960.69880754 32.499
  32  88.996816  62.297431    31.588    31.526  5 54970.61445625 32.672
  33  88.996143  62.299729    82.349    82.311  6 54980.53010396 15.811
  34  88.995132  62.301439    -2.825     3.536  6 54990.44575133 21.348
  35  88.993649  62.301442    79.853    82.238  5 55000.36139830  9.813
  36  88.995687  62.301948    79.714    82.176  5 55010.27704384  9.427
  37  88.994592  62.301517    78.864    78.858  5 55020.19268738 18.184
  38  88.995221  62.302904    75.526    72.714  6 55030.10833002 23.707
  39  88.992313  62.303580    69.781    70.072  6 55040.02397159 17.793
  40  88.993574  62.304106    27.183    26.096  6 55049.93961211 20.263
  41  88.994081  62.302007    74.761    74.481  6 55059.85525015 24.515
  42  88.995631  62.299208    21.508    21.473  5 55069.77089035 42.363
  43  88.995940  62.297620    31.909    29.465  5 55079.68653963 14.043
  44  88.994737  62.298189    93.767    92.219  5 55089.60218712  2.043
  45  88.994512  62.300769    30.282    30.170  6 55099.51783381 18.094
  46  88.994040  62.302684    77.780    79.886  5 55109.43347991  4.929
  47  88.994753  62.302152    29.806    29.975  6 55119.34912448 16.992
  48  88.995524  62.299590    21.372    21.326  5 55129.26476631 51.827
  49  88.997179  62.297814    21.197    21.124  5 55139.18040624 45.499
  50  88.996506  62.297965    23.835    23.763  5 55149.09604483 30.868
  51  88.996936  62.300202    24.672    24.639  5 55159.01168330 22.002
  52  88.995778  62.301529    26.997    26.853  5 55168.92732119 12.796
  53  88.994455  62.301064    26.527    26.536  5 55178.84295791 12.751
  54  88.994333  62.300333    27.386    27.468  5 55188.75860351 10.233
  55  88.995882  62.301415    24.473    24.397  5 55198.67425438 10.007
  56  88.994377  62.302762    25.086    24.823  6 55208.58990417  9.827
  57  88.995542  62.304962    25.062    24.931  6 55218.50555381  9.357
  58  88.992192  62.304392    24.859    24.944  6 55228.42120199  9.516
  59  88.994669  62.303493    24.723    24.715  5 55238.33684762  9.322
  60  88.995689  62.300996    24.680    24.730  5 55248.25248938  9.058
  61  88.995289  62.299155    24.463    24.408  5 55258.16812860  9.140
  62  88.996468  62.299703    26.707    26.773  5 55268.08376738  7.771
  63  88.996109  62.301142    27.549    28.019  6 55277.99940569  8.277
  64  88.994727  62.301199    34.698    36.172  5 55287.91504249  7.348
  65  88.996408  62.300107    32.167    29.999  5 55297.83067708  7.406
  66  88.995576  62.297658    82.642    82.600  5 55307.74631879  0.928
  67  88.996978  62.297160    25.058    25.081  6 55317.66196519 30.629
  68  88.996249  62.297969    29.484    28.762  6 55327.57761050 36.564
  69  88.994436  62.299811    85.008    85.583  6 55337.49325510 15.541
  70  88.994365  62.301744    80.897    82.240  6 55347.40889941 13.751
  71  88.995405  62.302602    77.160    79.283  5 55357.32454210 26.985
  72  88.993688  62.301820    79.651    81.988  5 55367.24018229  9.359
  73  88.994317  62.301475    28.740    28.635  6 55377.15582124 27.435
  74  88.995312  62.301721    23.099    23.017  5 55387.07145939 27.080
  75  88.994634  62.301543    29.384    29.029  6 55396.98709640 23.002
  76  88.995864  62.301389    24.978    25.396  5 55406.90273907 22.886
  77  88.996500  62.300827    30.503    30.449  5 55416.81839014 16.758
  78  88.995316  62.299007    30.507    30.394  5 55426.73403753 14.728
  79  88.997239  62.298789    81.978    82.081  5 55436.64968274  4.342
  80  88.996406  62.299265    82.171    82.149  5 55446.56532654  3.777
  81  88.994782  62.300263    82.416    82.497  6 55456.48096986  3.324
  82  88.994981  62.301171    82.601    82.573  6 55466.39661266  5.798
  83  88.995553  62.300270    82.381    82.340  6 55476.31225215  5.950
  84  89.000426  62.299436    28.696    28.878  4 55486.22788886 20.349
  85  88.997693  62.297018    21.652    21.617  5 55496.14352248 49.960
  86  88.996577  62.297192    20.993    20.917  5 55506.05915751 25.855
  87  88.996214  62.299701    20.738    20.742  6 55515.97480822 44.870
  88  88.993895  62.301151    21.756    21.826  5 55525.89045770 41.694
  89  88.993299  62.301910    22.177    22.274  6 55535.80610525 28.092
  90  88.993796  62.302233    22.761    22.739  6 55545.72175078 21.848
  91  88.993285  62.302543    24.149    24.177  5 55555.63739441 21.572
  92  88.993983  62.303397    24.404    24.457  5 55565.55303738 19.358
  93  88.994530  62.303197    24.306    24.317  6 55575.46867962 17.461
  94  88.995590  62.301724    24.315    24.355  5 55585.38432010 16.210
  95  88.996259  62.299458    24.023    24.011  6 55595.29995713 14.702
  96  88.997262  62.297931    23.888    23.895  6 55605.21559103 13.177
  97  88.996688  62.297088    23.600    23.620  5 55615.13122269 13.143
  98  88.997039  62.297958    23.294    23.285  5 55625.04686288 12.411
  99  88.997328  62.299382    23.039    23.018  5 55634.96251528 11.402
 100  88.996769  62.299542    23.046    23.082  5 55644.87816528 11.070
 101  88.996964  62.299112    27.136    27.992  5 55654.79381250  7.472
 102  88.995862  62.298172    23.347    23.380  5 55664.70945503 35.046
 103  88.995765  62.298325    80.455    81.990  6 55674.62509489 16.880
 104  88.994281  62.298882    82.465    82.526  5 55684.54073311 13.581
 105  89.002874  62.302126    70.008    69.456  3 55694.45637138 14.562
 106  89.000798  62.301673    69.366    68.718  3 55704.37200690 14.644
 107  88.995028  62.300410    72.449    72.399  6 55714.28765270 24.263
 108  88.995823  62.301492    31.145    32.614  5 55724.20330200 18.973
 109  88.994341  62.302254    29.367    29.819  6 55734.11894907 24.462
 110  88.994448  62.303175    30.136    29.128  6 55744.03459498 20.728
 111  88.994969  62.302967    29.801    29.905  5 55753.95023929 17.470
 112  88.994297  62.300619    30.733    30.328  6 55763.86588095 18.160
 113  88.997366  62.298917    22.632    22.698  5 55773.78152024 51.142
 114  88.996308  62.297096    22.212    22.302  5 55783.69715580 41.942
 115  88.996441  62.297519    22.398    22.772  5 55793.61278936 50.249
 116  88.995642  62.298311    83.445    83.524  5 55803.52842541  4.097
 117  88.995231  62.299287    83.300    83.240  6 55813.44407533  5.731
 118  88.997354  62.299136    82.057    82.061  5 55823.35972345  2.675
 119  88.996656  62.297439    21.909    21.902  6 55833.27536639 43.948
 120  88.997563  62.296914    26.750    27.968  5 55843.19100537 21.675
 121  88.998060  62.297775    82.280    82.197  5 55853.10664135  5.376
 122  88.996879  62.299175    20.906    20.769  5 55863.02227723 35.250
 123  88.993871  62.300756    20.366    20.107  5 55872.93793115 51.394
 124  88.995371  62.301538    21.644    21.684  5 55882.85358034 43.464
 125  88.995644  62.301071    24.543    24.370  5 55892.76922288 18.685
 126  88.995147  62.300352    24.108    23.396  6 55902.68485975 16.876
 127  88.994446  62.300606    27.702    28.239  6 55912.60049596 13.881
 128  88.995487  62.302988    25.585    26.006  6 55922.51615067 14.479
 129  88.994968  62.303008    27.859    26.919  5 55932.43180218 12.190
 130  88.996207  62.301184    25.964    26.412  5 55942.34744939 12.728
 131  88.996333  62.298538    27.565    27.628  6 55952.26309204 10.548
 132  88.995429  62.297396    27.890    27.762  5 55962.17873128  9.903
 133  88.996718  62.299007    26.665    27.173  5 55972.09436885 10.462
 134  88.994199  62.299873    26.213    26.332  5 55982.01000470 10.271
 135  88.996482  62.299895    25.902    27.213  5 55991.92563935 10.177
 136  88.995257  62.298355    25.996    25.679  5 56001.84128606 10.235
 137  88.997586  62.297645    24.794    25.036  5 56011.75693604 11.190
 138  88.997640  62.297865    82.604    82.709  4 56021.67258229  0.322
 139  88.995509  62.299355    23.779    23.696  5 56031.58822567 28.635
 140  88.994536  62.301642    24.003    23.934  6 56041.50386726 28.933
 141  88.994406  62.302632    26.133    26.451  5 56051.41950644 31.005
 142  88.995882  62.302121    82.387    82.419  6 56061.33514285 17.401
 143  89.000483  62.301501    75.225    75.013  4 56071.25078159 13.407
 144  88.994272  62.300215    74.926    74.984  6 56081.16643151 25.923
 145  88.994318  62.301693    23.110    23.095  5 56091.08207962 50.224
 146  88.994392  62.303171    21.954    21.900  5 56100.99772531 50.108
 147  88.994860  62.302832    67.669    68.580  5 56110.91335660 21.245
 148  88.994442  62.299984    21.090    21.110  6 56120.82899582 46.683
 149  88.995728  62.296823    74.374    67.636  5 56130.74463146 22.906
 150  88.998931  62.296068    22.611    23.443  5 56140.66026566 20.966
 151  88.995776  62.297837    23.027    23.708  6 56150.57591660 23.010
 152  88.994959  62.300594    22.579    20.617  5 56160.49156604 22.218
 153  88.995985  62.301867    20.335    20.345  6 56170.40721390 34.127
 154  88.996763  62.300416    28.522    29.073  5 56180.32285754 20.633
 155  88.995396  62.297776    22.858    24.357  5 56190.23849682 26.589
 156  88.996689  62.297315    23.896    23.559  5 56200.15413361 24.885
 157  88.995928  62.298451    82.518    82.506  5 56210.06976787  2.485
 158  88.994795  62.299985    19.917    19.891  6 56219.98540025 47.049
 159  88.995050  62.302174    20.390    20.290  5 56229.90104981 45.822
 160  88.993915  62.302047    20.715    20.722  6 56239.81670295 36.688
 161  88.995642  62.301899    21.171    21.188  6 56249.73235245 32.913
 162  88.993954  62.300729    22.106    22.038  5 56259.64799675 23.891
 163  88.995193  62.301603    21.115    21.147  6 56269.56363892 18.776
 164  88.995752  62.302268    21.601    21.561  6 56279.47927932 18.150
 165  88.995180  62.302706    22.035    22.007  5 56289.39493016 14.982
 166  88.994482  62.300955    22.242    22.237  5 56299.31057839 13.919
 167  88.996011  62.299120    21.805    21.778  5 56309.22622281 12.976
 168  88.994949  62.297773    21.774    21.858  5 56319.14186457 12.390
 169  88.994242  62.298949    21.536    21.521  5 56329.05750558 12.428
 170  88.995024  62.300927    21.419    21.412  6 56338.97314590 11.672
 171  88.995334  62.301211    21.318    21.237  5 56348.88878393 11.587
 172  88.994332  62.298797    21.390    21.418  5 56358.80441871 10.949
 173  88.997419  62.298680    21.329    21.358  5 56368.72006956 10.530
 175  88.995078  62.300928    21.488    21.465  6 56388.55136282 12.354
 176  88.993856  62.303058    21.378    21.385  5 56398.46700640 10.710
 177  88.994511  62.304182    22.541    22.568  5 56408.38264761 40.909
 178  88.994078  62.302822    30.939    30.970  5 56418.29828421 38.275
 179  88.994603  62.300517    80.987    82.560  5 56428.21391651 14.319
 180  88.994887  62.301012    80.468    81.845  6 56438.12957049 13.160
 181  88.993536  62.301707    82.052    82.916  6 56448.04522169 23.237
 182  88.993143  62.302529    86.660    86.730  6 56457.96087075 21.053
 183  88.995063  62.302627    23.980    23.800  5 56467.87651666 51.170
 184  88.995407  62.301105    22.861    22.866  5 56477.79215821 48.237
 185  88.993375  62.298306    92.823    78.886  5 56487.70779563 10.404
 186  88.995937  62.297963    21.750    21.689  6 56497.62343124 49.406
 187  88.996426  62.298147    70.507    70.457  6 56507.53906555 21.071
 188  88.995223  62.298620    23.525    23.532  5 56517.45470271 20.156
 189  88.996241  62.300234    65.771    68.179  6 56527.37035742 11.881
 192  88.994072  62.299667    82.436    82.458  5 56557.11729713  4.710
 193  88.995344  62.301474    22.301    21.363  6 56567.03293997 28.226
 194  88.994637  62.302903    20.945    20.927  5 56576.94858123 25.573
 195  88.994006  62.302824    25.524    23.930  5 56586.86421886 20.455
 196  88.993934  62.301792    20.349    20.353  6 56596.77985854 25.042
 197  88.994706  62.301844    21.745    21.736  6 56606.69551050 43.503
 198  88.993448  62.301453    22.110    22.109  6 56616.61115740 47.176
 199  88.994368  62.301700    24.448    24.413  6 56626.52680113 41.098
 200  88.996054  62.301784    25.138    25.128  6 56636.44244221 28.111
 201  88.995908  62.300525    24.009    24.026  6 56646.35808259 18.992
 202  88.994960  62.299869    25.032    24.163  6 56656.27373480 14.471
 203  88.995809  62.299490    27.435    26.580  5 56666.18938284 12.054
 204  88.996746  62.300079    24.482    24.482  5 56676.10502826 16.846
 205  88.995897  62.300797    24.051    23.987  5 56686.02067238 15.921
 206  88.994285  62.300940    26.965    29.123  5 56695.93631436 12.766
 207  88.994942  62.300355    27.471    27.323  6 56705.85195191 11.347
 208  88.995965  62.298942    26.318    26.484  6 56715.76758415 12.146
 209  88.995822  62.299940     4.425     4.850  5 56725.68323771  5.702
 210  88.993649  62.301216    38.244    40.174  5 56735.59888719 10.466
 211  88.994516  62.303632    23.822    23.825  6 56745.51453377 13.003
 212  88.992440  62.303690    24.316    24.310  6 56755.43017556 24.987
 213  88.994584  62.303038    25.580    25.641  6 56765.34581203 33.580
 215  88.994030  62.302325    83.066    83.227  5 56785.17710740  7.993
 216  88.994775  62.303871    80.420    82.313  6 56795.09276073 13.640
 217  88.994665  62.304584    83.955    82.744  5 56805.00840994  9.786
 218  88.995577  62.303611    80.462    82.531  6 56814.92405209 12.114
 219  88.994670  62.301120    88.477    88.412  6 56824.83969044 22.837
 220  88.996032  62.299365     4.791     5.241  5 56834.75532527 12.929
 221  88.997045  62.298581    22.362    22.332  6 56844.67095685 44.125
 222  88.994402  62.298997    30.457    30.308  5 56854.58660158 15.658
 223  88.994785  62.300863    22.243    21.979  5 56864.50225559 23.260
 224  88.994585  62.301502    29.587    29.472  6 56874.41790873 19.641
 225  88.995719  62.301747    22.255    22.333  5 56884.33355879 48.281
 226  88.994444  62.301210    30.949    31.007  6 56894.24920537 16.479
 227  88.994686  62.302064    82.525    82.492  5 56904.16484901  2.647
 228  88.993685  62.303580    86.845    87.394  5 56914.08049050 23.846
 229  88.993339  62.304665    72.423    71.588  6 56923.99613021 17.062
 230  88.993887  62.304401    21.428    21.473  5 56933.91176723 31.289
 231  88.994416  62.302240    21.619    21.575  5 56943.82739874 45.917
 232  88.994448  62.300939    20.898    20.831  5 56953.74304581 43.064
 233  88.995796  62.301526    20.419    20.425  6 56963.65869617 47.159
 234  88.993645  62.302090    23.318    23.356  6 56973.57434152 35.320
 235  88.994662  62.302944    23.610    23.454  5 56983.48998289 24.984
 236  88.994184  62.301265    24.241    23.389  5 56993.40561909 13.123
 237  88.996373  62.298777    26.781    25.043  5 57003.32125594 11.055
 238  88.996060  62.297983    28.467    28.359  6 57013.23691246 12.319
 239  88.994375  62.298282    26.692    26.803  5 57023.15256356 11.120
 240  88.995292  62.300956    25.819    25.448  6 57033.06821247  9.854
 241  88.994393  62.302431    23.870    23.946  5 57042.98385877 12.560
 242  88.995136  62.302484    23.763    23.797  6 57052.89950273 10.616
 243  88.995728  62.300632    24.479    23.742  5 57062.81514202  9.608
 244  88.995358  62.298868    24.102    24.116  5 57072.73077605 13.972
 245  88.996755  62.299231    24.100    23.491  5 57082.64640662  9.195
 246  88.995271  62.301747    24.622    25.061  6 57092.56205387  9.074
 247  88.993925  62.304668    23.981    23.955  6 57102.47771127  9.962
 248  88.992732  62.304916    24.149    24.158  6 57112.39336481 11.790
 250  88.993799  62.301193    24.455    24.402  5 57132.22465427 26.916
 251  88.995948  62.301036    29.734    29.686  6 57142.14029164 32.483
 252  88.994638  62.301255    29.038    29.050  6 57152.05592560 52.666
 253  88.994739  62.301011   100.910    98.014  5 57161.97155635 17.954
 254  88.995497  62.301493    80.042    82.541  5 57171.88721378 13.154
 255  88.995301  62.299885    26.648    26.624  5 57181.80286799 45.833
 256  88.996331  62.298779    23.612    23.591  5 57191.71851851 47.226
 257  88.994901  62.298993    76.949    77.138  6 57201.63416611 17.150
 258  88.993849  62.300801    29.532    29.533  6 57211.54980038 20.902
 259  88.994379  62.302626    21.943    22.006  6 57221.46544454 48.282
 260  88.993580  62.302189    21.389    21.468  6 57231.38108700 48.317
 261  88.994750  62.301094    29.280    29.657  5 57241.29672709 18.975
 262  88.997007  62.300106    21.884    21.789  5 57251.21236462 52.068
 263  88.996304  62.300014    29.216    29.109  5 57261.12799997 16.282
 264  88.995192  62.301134    28.578    29.476  5 57271.04363410 21.294
 265  88.994590  62.303913    82.631    82.705  6 57280.95928968  2.841
 266  88.994835  62.304765    88.021    88.549  6 57290.87494495 25.387
 267  88.993435  62.303040    82.470    82.493  5 57300.79059675  4.765
 268  88.994515  62.301254    21.601    21.595  6 57310.70624510 29.606
 269  88.994508  62.300799    21.115    20.949  5 57320.62189019 51.502
 270  88.995783  62.302433    20.705    20.704  6 57330.53753306 45.640
 271  88.992799  62.302951    20.202    20.166  6 57340.45317331 41.970
 272  88.992947  62.303142    21.279    21.213  6 57350.36882377 38.987
 273  88.995519  62.301492    22.535    22.507  5 57360.28446910 32.724
 274  88.996423  62.299050    23.054    23.075  6 57370.20011099 23.432
 275  88.995768  62.298465    22.636    22.609  6 57380.11575055 23.041
 276  88.995089  62.299884    22.107    22.121  6 57390.03138917 21.947
 277  88.994441  62.301075    22.027    22.048  6 57399.94702678 18.951
 278  88.995436  62.301082    21.842    21.889  6 57409.86266560 16.449
 279  88.994460  62.300397    21.802    21.754  5 57419.77831786 16.040
 280  88.995693  62.300744    21.969    22.006  5 57429.69396790 14.505
 281  88.994552  62.301887    21.847    21.903  6 57439.60961567 14.728
 282  88.993093  62.303708    21.841    21.841  6 57449.52526245 14.692
 283  88.994265  62.305352    21.759    21.782  6 57459.44090811 16.893
 285  88.995532  62.302245    82.565    82.547  5 57479.27218831  1.701
 286  88.995217  62.299675    22.012    22.078  5 57489.18782308 22.041
 287  88.995445  62.298314    23.764    23.405  6 57499.10345596 22.360
 288  88.994295  62.298888    26.527    26.453  5 57509.01909867 31.360
 289  88.995084  62.300995    27.988    27.988  6 57518.93475482 48.984
 290  88.994259  62.301343    84.342    86.760  6 57528.85040779 26.523
 291  88.999369  62.301541    81.665    81.779  4 57538.76605827  7.698
 292  88.995763  62.299291    95.726    95.780  6 57548.68170507 25.483
 293  88.995555  62.299232    23.637    23.599  5 57558.59735112 27.596
 294  88.995855  62.300933    22.038    22.092  6 57568.51299665 33.993
 295  88.994289  62.302124    28.920    29.437  5 57578.42864141 18.150
 296  88.993168  62.302338    21.284    21.296  6 57588.34428465 46.574
 297  88.994612  62.302125    28.998    29.399  5 57598.25992549 17.234
