# NaN NaN NaN ;Mean Elev.(m), Avg Gradient(m/km), RMS Gradient(m/km) - SRTM1     
#   62.263   0.018   6.395 ;Mean Elev.(m), Avg Gradient(m/km), RMS Gradient(m/km) - ASTER GDEM
#   15.030   0.046   3.896 ;Mean Elev.(m), Avg Gradient(m/km), RMS Gradient(m/km) - GMTED2010 
   1  87.446386  63.328500    20.838    20.954  6 54667.21187247 23.189
   2  87.440227  63.328418    16.049    16.074  6 54677.12751636 44.602
   3  87.438710  63.329918   -16.270   -16.219  6 54687.04315946  7.243
   4  87.437443  63.330308    22.762    24.616  7 54696.95880069 26.232
   5  87.439260  63.329224   -12.799   -12.806  7 54706.87444143  8.175
   6  87.443211  63.328017    16.088    16.105  6 54716.79009370 43.306
   7  87.445797  63.326590    11.582    12.484  6 54726.70574335 19.192
   8  87.448605  63.327361    16.534    16.516  6 54736.62139157 48.078
   9  87.443886  63.328430    24.605    24.741  6 54746.53703862 21.634
  10  87.440917  63.329702    19.574    20.052  6 54756.45268544 25.205
  11  87.438539  63.328906    15.918    15.888  6 54766.36833039 34.502
  12  87.443650  63.327574    15.701    15.740  6 54776.28397286 49.958
  13  87.451155  63.326960    16.993    16.891  6 54786.19961316 38.953
  14  87.451755  63.326834    18.602    18.605  6 54796.11525155 38.364
  15  87.444496  63.326890    18.579    18.559  6 54806.03088871 31.606
  16  87.442219  63.327751    21.709    22.176  6 54815.94652578 21.703
  17  87.443027  63.328843    24.206    24.239  6 54825.86217322 19.899
  18  87.443023  63.328845    23.436    23.998  6 54835.77781256 21.226
  19  87.439043  63.328696    23.139    24.231  6 54845.69346180 18.272
  20  87.437546  63.329647    23.992    24.003  6 54855.60911071 19.136
  21  87.433092  63.330375    19.302    18.831  7 54865.52475929 21.506
  22  87.432194  63.330645    22.321    22.999  6 54875.44040776 18.370
  23  87.436234  63.330379    18.639    18.598  7 54885.35605381 22.769
  24  87.438948  63.328615    24.096    24.189  6 54895.27169614 16.195
  25  87.444775  63.328037    19.544    19.836  6 54905.18733617 20.607
  26  87.447286  63.328232    22.701    23.115  6 54915.10297477 16.140
  27  87.442621  63.328038    23.073    22.943  6 54925.01861226 13.224
  28  87.441422  63.328355    18.679    18.764  6 54934.93424938 20.449
  30  87.448719  63.326540    20.686    20.714  6 54954.76551799 27.293
  31  87.452227  63.326068    29.975    29.924  6 54964.68116458 31.614
  32  87.452664  63.326780    26.462    26.450  6 54974.59681285 30.452
  34  87.443878  63.328831    25.545    25.518  6 54994.42810773 23.343
  35  87.440168  63.329017    19.621    19.678  6 55004.34375380 35.654
  36  87.439187  63.328992    21.367    19.943  6 55014.25939797 26.258
  37  87.438134  63.328750    17.554    17.531  6 55024.17504069 54.623
  38  87.438989  63.329732    15.998    16.011  6 55034.09068306 43.176
  39  87.435790  63.329532    23.610    24.551  6 55044.00632420 25.659
  40  87.438256  63.329256    16.375    16.221  7 55053.92196418 49.556
  41  87.442709  63.328004    15.921    15.900  6 55063.83760201 40.625
  42  87.444590  63.326929    19.646    17.531  6 55073.75324789 25.689
  43  87.448782  63.327486    16.715    16.803  6 55083.66889639 28.020
  44  87.447362  63.328026    23.366    24.315  6 55093.58454287 22.020
  45  87.441697  63.327784    17.949    18.473  6 55103.50018878 30.017
  46  87.442063  63.328496    16.207    16.181  7 55113.41583510 49.289
  47  87.442538  63.327944    25.427    25.471  6 55123.33147888 20.301
  48  87.447234  63.327724    15.692    15.671  6 55133.24712017 50.780
  49  87.448555  63.326996    16.170    16.201  6 55143.16275897 42.545
  50  87.446803  63.326922    19.337    19.163  6 55153.07839689 27.524
  51  87.447928  63.328119    24.417    24.401  6 55162.99403551 19.234
  52  87.445675  63.328467    24.491    24.477  6 55172.90967342 17.634
  53  87.444340  63.328146    24.407    24.431  6 55182.82531003 17.849
  54  87.443812  63.328964    24.335    24.316  6 55192.74096128 16.888
  55  87.438682  63.329195    24.288    24.283  6 55202.65661084 16.662
  56  87.435179  63.329738    24.166    24.188  6 55212.57225998 16.470
  57  87.435208  63.330140    24.195    24.167  6 55222.48790901 15.243
  58  87.439431  63.330028    24.000    23.988  6 55232.40355704 15.232
  59  87.440748  63.328269    24.439    24.433  6 55242.31920145 15.579
  60  87.446499  63.328127    24.194    24.247  6 55252.23484302 14.919
  61  87.446695  63.328073    24.074    24.085  6 55262.15048180 14.625
  62  87.445304  63.328616    24.028    24.061  6 55272.06611951 14.145
  63  87.445461  63.328799    25.914    26.086  6 55281.98175715 13.221
  64  87.445693  63.327747    26.405    26.387  6 55291.89739348 13.587
  65  87.449774  63.326761    26.118    26.053  5 55301.81302818 13.374
  66  87.451811  63.326705    19.058    18.007  6 55311.72867608 11.864
  67  87.448547  63.326596    18.782    18.813  6 55321.64432118 33.664
  68  87.448231  63.328044    29.525    29.513  6 55331.55996560 32.123
  69  87.442726  63.328330    28.832    28.783  6 55341.47560943 32.578
  70  87.441849  63.328582    24.412    24.835  7 55351.39125349 29.258
  71  87.443764  63.328902    21.849    21.275  6 55361.30689562 27.499
  72  87.443025  63.328932    19.492    19.455  6 55371.22253536 28.154
  73  87.439912  63.328970    19.545    18.784  6 55381.13817339 28.651
  74  87.439100  63.329497    21.184    20.914  7 55391.05381093 26.469
  75  87.441431  63.329317    24.962    24.816  6 55400.96944743 22.327
  76  87.444947  63.328461    20.556    19.426  6 55410.88509661 24.177
  77  87.446998  63.326836    22.472    22.167  6 55420.80074656 26.803
  78  87.450378  63.326709    23.538    24.709  6 55430.71639379 23.414
  79  87.447796  63.327471    21.668    22.851  6 55440.63203827 23.748
  80  87.444180  63.328557    25.146    25.739  6 55450.54768124 22.722
  81  87.444080  63.329153    16.552    16.521  6 55460.46332393 43.669
  82  87.444531  63.327861    24.366    25.616  6 55470.37896542 24.266
  83  87.449747  63.326898    16.916    16.875  6 55480.29460431 32.415
  84  87.451927  63.326068    24.919    24.862  5 55490.21024033 23.726
  85  87.449415  63.325902    17.307    15.685  6 55500.12587379 28.072
  86  87.446239  63.327242    15.588    15.522  6 55510.04151517 41.864
  87  87.442544  63.328402    15.204    15.235  7 55519.95716473 45.680
  88  87.441823  63.328942    16.912    16.933  7 55529.87281352 30.539
  89  87.440191  63.328364    18.111    16.865  6 55539.78846040 25.840
  90  87.441219  63.328685    24.091    24.055  6 55549.70410543 18.146
  91  87.439526  63.329459    22.884    23.387  7 55559.61974863 20.345
  92  87.437499  63.330309    23.752    23.734  6 55569.53539100 18.375
  93  87.435718  63.329626    23.938    23.951  6 55579.45103231 17.235
  94  87.442974  63.328708    24.146    24.128  6 55589.36667182 16.943
  95  87.449908  63.326664    24.583    24.506  6 55599.28230811 16.471
  96  87.454411  63.325639    26.370    26.484  6 55609.19794182 15.542
  97  87.451127  63.325439    25.910    25.399  6 55619.11357320 15.449
  98  87.446593  63.327491    25.963    25.671  5 55629.02922161 14.692
  99  87.443823  63.328384    26.069    26.088  6 55638.94487243 14.008
 100  87.443213  63.327172    28.664    27.044  6 55648.86052101 10.066
 101  87.450743  63.326606    27.534    27.501  6 55658.77616728 10.825
 102  87.450784  63.325716    17.802    17.810  6 55668.69180901 43.164
 103  87.448812  63.326683    22.273    22.249  5 55678.60744841 36.806
 104  87.443735  63.327849    25.762    25.721  6 55688.52308564 26.814
 105  87.442755  63.328908    22.849    21.790  6 55698.43872188 27.647
 106  87.442283  63.328156    21.485    21.516  6 55708.35435839 37.070
 107  87.445993  63.328546    18.699    18.692  6 55718.27000973 28.944
 108  87.443055  63.328201    24.047    25.233  6 55728.18565778 23.497
 109  87.440724  63.328894    16.067    16.029  7 55738.10130442 53.513
 110  87.438463  63.329681    16.429    16.408  7 55748.01694980 52.201
 111  87.438248  63.329437    24.140    25.002  7 55757.93259302 28.662
 112  87.442682  63.328274    23.113    23.403  6 55767.84823387 21.779
 113  87.447522  63.326328    23.584    24.649  6 55777.76387162 23.756
 114  87.454753  63.326048    21.923    21.603  6 55787.67950720 23.869
 115  87.454227  63.326476    16.982    16.986  6 55797.59514072 49.207
 116  87.447246  63.327094    17.064    17.078  6 55807.51078355 45.899
 117  87.446242  63.328538    17.040    17.016  6 55817.42643269 52.246
 118  87.448658  63.328043    22.708    23.250  6 55827.34207834 21.611
 119  87.448681  63.325919    15.680    15.677  6 55837.25771924 36.357
 120  87.454268  63.325728    24.999    24.930  6 55847.17335766 22.607
 121  87.452299  63.326258    24.827    24.510  5 55857.08899303 23.235
 122  87.443599  63.327124    15.281    15.243  6 55867.00463661 49.518
 123  87.440824  63.329163    15.165    15.154  6 55876.92028870 43.935
 124  87.438581  63.328964    20.700    20.874  6 55886.83593437 28.217
 125  87.441753  63.328560    25.040    24.799  6 55896.75157481 20.457
 126  87.444594  63.327789    25.941    25.913  6 55906.66721009 19.225
 127  87.444970  63.328526    25.466    25.115  6 55916.58285520 17.887
 128  87.439729  63.328943    24.545    24.689  6 55926.49850831 20.770
 129  87.440901  63.329608    24.385    24.361  6 55936.41415871 19.106
 130  87.441430  63.328078    24.796    24.706  6 55946.32980392 17.863
 131  87.449881  63.327529    26.033    25.581  6 55956.24544542 17.062
 132  87.452296  63.326709    24.373    24.379  6 55966.16108372 18.435
 133  87.448855  63.326705    23.851    25.067  5 55976.07672044 19.572
 134  87.444489  63.327124    24.416    24.455  6 55985.99235628 19.287
 135  87.444806  63.327414    25.127    24.593  6 55995.90799227 17.731
 136  87.447845  63.327647    25.473    25.646  6 56005.82364427 17.342
 137  87.448226  63.326357    26.206    26.059  6 56015.73929189 13.950
 138  87.449361  63.326565    17.096    17.113  5 56025.65493681 23.619
 139  87.446576  63.327626    17.455    17.459  6 56035.57057969 23.375
 140  87.442038  63.328649    18.086    18.163  6 56045.48622041 31.728
 141  87.438437  63.328890    20.982    20.955  6 56055.40185834 44.471
 142  87.441346  63.328878    24.852    25.074  6 56065.31749287 25.599
 143  87.444375  63.328960    24.143    25.210  6 56075.23313856 26.056
 144  87.441598  63.328699    20.484    20.416  7 56085.14878769 55.707
 145  87.441850  63.329102    24.401    24.589  6 56095.06443476 21.312
 146  87.441603  63.329132    23.499    25.194  6 56104.98007960 22.289
 147  87.444383  63.328778    24.170    24.969  6 56114.89571017 20.144
 148  87.447435  63.327934    15.013    14.980  6 56124.81134853 42.561
 149  87.448166  63.326140    15.570    15.034  6 56134.72698261 35.671
 150  87.452860  63.326731    14.956    14.952  6 56144.64262382 45.092
 151  87.449451  63.327113    20.042    20.561  6 56154.55827374 24.147
 152  87.446615  63.327988    14.976    14.999  6 56164.47392264 47.618
 153  87.444179  63.328127    20.415    20.627  6 56174.38956938 22.470
 154  87.445514  63.327807    21.627    24.198  6 56184.30521128 22.009
 155  87.446678  63.326793    22.832    24.567  6 56194.22084931 21.459
 156  87.449738  63.327000    26.028    25.750  6 56204.13648473 19.469
 157  87.447196  63.327124    14.325    14.284  6 56214.05211804 44.819
 158  87.447006  63.328418    14.324    14.316  6 56223.96775309 48.203
 159  87.440944  63.328862    15.257    15.223  6 56233.88340850 45.168
 160  87.439000  63.328893    15.507    15.472  6 56243.79906027 31.698
 161  87.439852  63.328834    18.344    16.186  6 56253.71470752 23.157
 162  87.442388  63.329322    21.568    22.692  6 56263.63035069 23.368
 163  87.441793  63.329252    24.595    24.515  6 56273.54599171 17.146
 164  87.440948  63.328672    24.951    24.874  6 56283.46163517 16.904
 165  87.441766  63.328066    24.394    24.552  6 56293.37728679 17.731
 166  87.445621  63.327574    24.371    24.470  6 56303.29293429 16.365
 167  87.445904  63.326986    24.551    24.565  6 56313.20857732 16.289
 168  87.443717  63.327021    25.450    24.793  6 56323.12421801 15.255
 169  87.442227  63.327650    25.316    24.908  6 56333.03985817 15.192
 170  87.444224  63.328078    24.580    24.241  6 56342.95549812 14.833
 171  87.444362  63.327008    25.584    24.960  6 56352.87113544 14.521
 172  87.449242  63.327082    24.466    24.394  6 56362.78677762 14.667
 173  87.447730  63.327284    24.096    24.158  6 56372.70242658 14.510
 175  87.439681  63.329136    45.481    45.486  7 56392.53371679  4.184
 176  87.437706  63.329412    20.521    20.681  6 56402.44935935 17.252
 177  87.440571  63.329694    16.806    16.765  6 56412.36499954 40.230
 178  87.442810  63.328860    28.049    28.002  6 56422.28063457 49.761
 179  87.442177  63.328468    25.394    25.321  6 56432.19627575 27.555
 180  87.440546  63.329335    22.755    22.577  6 56442.11192827 28.589
 181  87.438180  63.329685    20.654    20.665  6 56452.02757811 54.169
 182  87.438423  63.329011    22.135    22.247  6 56461.94322562 24.700
 183  87.444684  63.328593    21.654    21.089  6 56471.85887041 22.433
 184  87.446973  63.327231    21.628    22.248  6 56481.77451125 24.052
 185  87.448196  63.326974    19.789    17.394  5 56491.69014839 27.617
 186  87.447960  63.327441    18.071    17.032  6 56501.60578301 27.968
 187  87.448543  63.328024    20.862    22.081  6 56511.52141624 22.260
 188  87.444197  63.327219    21.531    21.015  6 56521.43706152 22.398
 189  87.445727  63.327293    17.273    17.487  6 56531.35271472 24.196
 191  87.446091  63.327283    16.167    16.053  6 56551.18400906 31.418
 192  87.443253  63.328574    26.982    24.779  6 56561.09965166 20.986
 193  87.438541  63.329493    23.166    23.280  7 56571.01529292 22.712
 194  87.438393  63.330175    22.256    22.191  6 56580.93093304 23.886
 195  87.440851  63.329112    15.115    15.096  6 56590.84656909 42.281
 196  87.444774  63.328793    16.164    16.164  6 56600.76221713 49.522
 197  87.444485  63.328789    18.795    18.779  6 56610.67786721 47.608
 198  87.440692  63.329188    19.740    19.706  6 56620.59351238 33.664
 199  87.437056  63.329282    22.645    23.283  6 56630.50915449 26.795
 200  87.440349  63.328898    25.564    25.681  7 56640.42479359 18.283
 201  87.445783  63.327728    25.933    26.144  6 56650.34044075 17.722
 202  87.447703  63.326425    24.830    24.788  6 56660.25609155 17.713
 203  87.448822  63.326904    24.787    24.806  6 56670.17173887 16.497
 204  87.445314  63.328424    25.976    26.179  6 56680.08738363 16.356
 205  87.441022  63.329231    24.550    24.507  6 56690.00302649 15.886
 206  87.441137  63.328854    24.568    24.657  7 56699.91866650 15.964
 207  87.445827  63.327472    24.678    24.721  6 56709.83430215 15.974
 208  87.449638  63.327000    24.590    24.585  6 56719.74994357 15.613
 209  87.445336  63.327410    25.860    25.881  6 56729.66559540 14.702
 210  87.438811  63.328904    27.438    27.456  6 56739.58124328 11.341
 211  87.434577  63.330374    36.398    34.359  7 56749.49688740 10.504
 212  87.434662  63.330418    18.509    18.563  7 56759.41252701 22.091
 213  87.438393  63.329020    19.775    19.860  6 56769.32816050 28.117
 214  87.440528  63.328214    25.757    25.675  6 56779.24381022 32.170
 215  87.443362  63.329231    25.680    25.666  6 56789.15946615 52.244
 216  87.437165  63.329371    24.335    24.481  6 56799.07511774 30.354
 217  87.435092  63.330193    24.761    25.318  6 56808.99076361 26.923
 218  87.436156  63.329669    21.515    21.547  6 56818.90640410 54.058
 219  87.441437  63.328170    21.236    21.192  6 56828.82204118 43.951
 220  87.450174  63.326901    18.615    18.976  6 56838.73767543 27.683
 221  87.453881  63.326437    16.212    16.220  6 56848.65330708 43.440
 222  87.446362  63.327334    19.182    18.133  6 56858.56896108 24.582
 223  87.440953  63.328977    24.064    25.435  6 56868.48461434 21.970
 224  87.438578  63.329398    26.467    26.409  6 56878.40026571 19.569
 225  87.440855  63.328988    16.286    16.202  7 56888.31591411 52.104
 226  87.443380  63.328195    16.648    16.659  7 56898.23155978 45.605
 227  87.440442  63.328017    24.528    25.658  6 56908.14720245 22.772
 228  87.439184  63.329861    24.960    25.324  6 56918.06284342 20.918
 229  87.433948  63.330591    16.790    16.828  7 56927.97848189 54.325
 230  87.435065  63.330643    25.434    26.148  7 56937.89411681 22.060
 231  87.439832  63.329230    15.880    15.875  7 56947.80974951 44.142
 232  87.440924  63.328058    15.039    15.031  6 56957.72540301 47.245
 233  87.441548  63.327779    17.369    17.458  6 56967.64105123 35.987
 234  87.441955  63.328751    23.560    24.661  7 56977.55669559 22.680
 235  87.438711  63.328855    30.932    30.940  6 56987.47233505 14.228
 236  87.442198  63.328519    26.008    26.248  7 56997.38796911 13.670
 237  87.445309  63.327478    25.002    24.984  6 57007.30361629 14.832
 238  87.447012  63.326527    25.015    25.030  6 57017.21927012 17.275
 239  87.446251  63.326496    34.813    34.679  6 57027.13492023 14.250
 240  87.443427  63.327866    27.763    25.233  6 57037.05056841 13.501
 241  87.439454  63.328774    25.924    25.906  6 57046.96621384 13.389
 242  87.439170  63.329010    25.733    25.640  6 57056.88185592 13.012
 243  87.442366  63.328134    25.461    25.248  6 57066.79749282 14.056
 244  87.446152  63.327609    25.944    25.849  6 57076.71312546 11.578
 245  87.447846  63.327480    25.748    25.704  6 57086.62875552 14.635
 246  87.441288  63.329022    24.648    24.596  6 57096.54441400 14.578
 247  87.435466  63.330239    24.956    24.447  7 57106.46006971 15.319
 248  87.433748  63.330468    27.987    27.875  7 57116.37572096 10.068
 249  87.438078  63.330137    25.232    24.965  7 57126.29136644  7.100
 250  87.441852  63.329189    18.029    18.080  6 57136.20700642 22.212
 251  87.444181  63.328355    27.602    27.621  6 57146.12264208 29.449
 252  87.444374  63.327916    24.109    24.059  6 57156.03827513 44.179
 253  87.445725  63.328528    27.163    27.102  6 57165.95391715 54.021
 254  87.442419  63.328527    26.081    26.031  7 57175.86957334 50.946
 255  87.445881  63.328619    21.059    21.026  6 57185.78522634 55.604
 256  87.444040  63.327118    20.921    19.775  6 57195.70087465 26.634
 257  87.445774  63.327408    20.605    18.621  6 57205.61650985 25.299
 258  87.444761  63.328427    16.085    16.099  6 57215.53215514 43.493
 259  87.441701  63.328969    21.964    22.505  7 57225.44779888 23.395
 260  87.438764  63.328580    15.612    15.609  6 57235.36344058 36.570
 261  87.444440  63.329059    24.720    24.737  6 57245.27907972 20.316
 262  87.443405  63.327960    23.530    24.609  6 57255.19471551 22.204
 263  87.444194  63.328383    17.737    17.663  6 57265.11035028 26.934
 264  87.439032  63.328461    16.538    16.496  6 57275.02599151 42.536
 265  87.438392  63.329961    18.422    17.608  6 57284.94164868 24.275
 266  87.437169  63.329783    26.403    26.400  7 57294.85730277 19.178
 267  87.439708  63.329546    25.465    26.720  6 57304.77295358 21.626
 268  87.439113  63.328668    16.164    16.000  6 57314.68860021 37.571
 269  87.441057  63.329125    15.353    15.226  7 57324.60424402 47.523
 270  87.438661  63.328644    14.871    14.814  6 57334.51988545 37.594
 271  87.440689  63.328645    15.643    15.620  6 57344.43552541 35.541
 272  87.440347  63.328393    16.353    16.348  6 57354.35117938 24.325
 273  87.442510  63.327871    20.020    20.149  6 57364.26682347 24.507
 274  87.445980  63.327744    23.036    24.414  6 57374.18246428 18.505
 275  87.447927  63.328264    25.750    25.937  6 57384.09810315 16.621
 276  87.442514  63.327368    25.269    25.371  6 57394.01374076 17.027
 277  87.445531  63.328143    27.423    25.568  6 57403.92937836 15.862
 279  87.442743  63.328184    25.176    24.860  6 57423.76067557 15.177
 280  87.441527  63.329046    24.439    24.368  6 57433.67632416 15.175
 281  87.439159  63.330123    24.797    24.763  6 57443.59197091 13.640
 282  87.435578  63.330383    25.288    25.442  6 57453.50761683 14.815
 283  87.436430  63.330487    24.882    24.762  7 57463.42326143 14.510
 284  87.438172  63.329055    25.222    24.894  6 57473.33890232 12.151
 285  87.443450  63.328353    26.182    25.974  6 57483.25453985  9.222
 286  87.444169  63.327428    17.217    17.231  6 57493.17017392 18.344
 287  87.446972  63.327997    19.228    18.271  6 57503.08580626 19.710
 288  87.443792  63.328301    21.420    21.403  6 57513.00145809 33.423
 289  87.445000  63.328681    22.027    22.069  6 57522.91711305 30.090
 290  87.444515  63.327614    21.123    21.097  6 57532.83276539 51.814
 291  87.449127  63.327912    22.455    22.566  6 57542.74841513 27.965
 292  87.447546  63.327948    20.745    20.724  6 57552.66406154 42.249
 293  87.442590  63.328155    22.843    22.687  6 57562.57970621 23.370
 294  87.439656  63.328649    18.082    16.996  6 57572.49535070 28.901
 295  87.441008  63.328998    16.042    16.066  7 57582.41099546 52.645
 296  87.442324  63.328622    15.746    15.709  7 57592.32663829 51.031
 297  87.441575  63.328151    15.820    15.514  6 57602.24227835 33.790
