-171986.820   168.093     0.00    7.88
-171700.492   168.449     1.24    7.43
-171414.182   168.559     0.38    7.12
-171127.888   168.413    -0.51    6.70
-170841.610   167.888    -1.83    6.26
-170555.350   167.912     0.08    6.35
-170269.106   168.075     0.57    5.77
-169982.879   167.642    -1.51    6.98
-169696.669   167.784     0.50    8.04
-169410.476   169.251     5.13    8.51
-169124.300   170.169     3.21    8.57
-168838.140   171.243     3.75    7.94
-168551.997   170.674    -1.99    7.66
-168265.871   167.565   -10.86   10.50
-167979.762   163.332   -14.80   11.66
-167693.669   159.160   -14.58   11.72
-167407.593   155.998   -11.06   10.87
-167121.534   153.687    -8.08    9.96
-166835.492   152.352    -4.67    9.52
-166549.467   152.904     1.93   10.44
-166263.458   154.669     6.17   11.23
-165977.466   156.146     5.16   11.06
-165691.490   156.295     0.52    9.94
-165405.532   155.445    -2.97    8.31
-165119.590   156.117     2.35    7.94
-164833.665   156.831     2.50    7.64
-164547.757   156.663    -0.59    7.26
-164261.865   157.357     2.43    7.45
-163975.990   158.703     4.71    7.82
-163690.132   158.928     0.79    8.33
-163404.290   159.165     0.83    8.27
-163118.466   158.987    -0.62    8.57
-162832.657   159.857     3.04    9.06
-162546.866   160.344     1.70    8.59
-162261.091   160.277    -0.23    8.28
-161975.333   160.958     2.38    7.85
-161689.592   162.192     4.32    7.26
-161403.868   162.444     0.88    6.71
-161118.160   161.550    -3.13    6.22
-160832.468   159.700    -6.47    6.29
-160546.794   158.618    -3.79    5.93
-160261.136   158.598    -0.07    5.49
-159975.495   158.144    -1.59    5.41
-159689.870   157.623    -1.83    5.85
-159404.263   156.987    -2.23    6.08
-159118.671   155.499    -5.21    6.09
-158833.097   153.976    -5.34    6.63
-158547.539   153.393    -2.04    7.05
-158261.998   152.793    -2.10    7.20
-157976.473   151.124    -5.85    7.98
-157690.965   149.106    -7.07    7.25
-157405.474   147.865    -4.35    6.79
-157119.999   146.856    -3.53    6.07
-156834.541   146.208    -2.27    5.56
-156549.100   146.082    -0.44    5.64
-156263.675   146.634     1.94    5.66
-155978.267   148.349     6.01    6.13
-155692.875   149.693     4.71    6.33
-155407.501   150.992     4.55    6.89
-155122.142   152.427     5.03    6.61
-154836.801   153.889     5.12    6.64
-154551.476   155.801     6.70    7.12
-154266.167   158.180     8.34    6.86
-153980.875   159.244     3.73    6.10
-153695.600   160.013     2.70    5.72
-153410.341   160.544     1.86    5.77
-153125.099   160.823     0.98    5.58
-152839.874   161.967     4.01    6.43
-152554.665   162.417     1.58    6.96
-152269.472   163.555     3.99    7.72
-151984.297   165.190     5.73    7.21
-151699.137   167.028     6.45    6.74
-151413.995   168.935     6.69    6.35
-151128.869   169.511     2.02    6.35
-150843.759   169.767     0.89    6.61
-150558.666   168.746    -3.58    8.38
-150273.590   167.298    -5.08   11.08
-149988.530   166.021    -4.48   11.16
-149703.487   165.227    -2.79   11.03
-149418.460   165.298     0.25   11.20
-149133.450   165.975     2.37   12.12
-148848.456   168.013     7.15   13.10
-148563.479   171.552    12.42   13.49
-148278.518   176.243    16.46   11.45
-147993.574   180.593    15.27    8.60
-147708.647   181.919     4.65    7.48
-147423.736   182.583     2.33    6.64
-147138.841   183.380     2.80    6.81
-146853.963   182.014    -4.80    7.62
-146569.101   181.290    -2.54    7.44
-146284.256   178.497    -9.81    8.73
-145998.221   176.849    -5.76    9.38
-145709.710   174.487    -8.19    9.98
-145421.216   172.468    -7.00   10.58
-145132.740   171.928    -1.87   10.07
-144844.282   170.316    -5.59   10.19
-144555.842   170.960     2.23   11.27
-144267.419   172.333     4.76   11.45
-143979.014   170.659    -5.80   11.83
-143690.627   168.751    -6.62   11.47
-143402.257   166.642    -7.31   11.08
-143113.906   164.195    -8.49    9.67
-142825.572   162.770    -4.94    7.50
-142537.256   161.759    -3.51    6.65
-142248.957   161.062    -2.42    6.75
-141960.676   160.112    -3.29    7.39
-141672.413   160.360     0.86    7.65
-141384.168   160.905     1.89    7.85
-141095.940   159.353    -5.38    8.07
-140807.730   155.634   -12.90    9.74
-140519.538   152.302   -11.56   11.07
-140231.364   149.101   -11.11   11.94
-139943.207   145.954   -10.92   12.51
-139655.068   142.757   -11.09   11.59
-139366.947   141.285    -5.11   10.31
-139078.843   140.634    -2.26    9.80
-138790.757   141.336     2.43   10.12
-138502.689   141.802     1.62    9.13
-138214.638   140.930    -3.03    7.99
-137926.605   138.848    -7.23    8.15
-137638.590   138.313    -1.86    8.84
-137350.592   137.034    -4.44    7.96
-137062.612   137.408     1.30    8.25
-136774.650   138.095     2.38   11.43
-136486.705   137.475    -2.15   11.38
-136198.778   140.182     9.40   14.77
-135910.869   142.487     8.01   16.47
-135622.977   144.766     7.92   16.70
-135335.103   147.904    10.90   17.63
-135047.246   150.416     8.73   17.28
-134759.408   153.979    12.38   15.15
-134471.586   155.928     6.77   14.14
-134183.783   157.341     4.91   13.01
-133895.997   154.525    -9.78   13.89
-133608.229   150.613   -13.60   13.88
-133320.478   147.360   -11.30   12.68
-133032.745   145.822    -5.34   11.60
-132745.029   145.443    -1.32   11.26
-132457.331   145.782     1.18   12.07
-132169.651   149.555    13.12   14.17
-131881.988   152.793    11.26   14.97
-131594.343   154.814     7.03   13.26
-131306.715   156.591     6.18   12.90
-131019.105   155.555    -3.60   13.90
-130731.513   155.327    -0.79   13.86
-130443.938   152.880    -8.51   15.20
-130156.381   147.872   -17.42   17.49
-129868.841   143.814   -14.11   18.67
-129581.319   139.211   -16.01   17.65
-129293.815   136.046   -11.01   16.21
-129006.327   133.001   -10.59   13.44
-128718.858   130.304    -9.38    8.35
-128431.406   129.993    -1.08    5.67
-128143.972   130.782     2.74    4.20
-127856.555   131.531     2.61    4.18
-127569.156   131.555     0.08    4.87
-127281.774   131.961     1.41    5.16
-126994.409   133.258     4.51    7.55
-126707.063   133.999     2.58    8.29
-126419.734   133.971    -0.10    9.00
-126132.422   133.943    -0.10    8.96
-125845.128   134.446     1.75    8.48
-125557.851   135.282     2.91    7.96
-125270.592   133.864    -4.93    7.64
-124983.350   134.189     1.13    7.79
-124696.126   134.149    -0.14    8.13
-124408.919   132.888    -4.39    7.99
-124121.730   132.599    -1.01    7.59
-123834.558   132.114    -1.69    7.76
-123547.404   131.793    -1.12    7.71
-123260.267   133.266     5.13    8.57
-122973.148   134.095     2.89    9.18
-122686.046   134.880     2.74    9.70
-122398.962   136.085     4.20   11.02
-122111.895   137.841     6.12   13.14
-121824.845   139.579     6.05   15.17
-121537.813   140.103     1.83   16.01
-121250.799   140.706     2.10   16.63
-120963.802   140.096    -2.12   16.15
-120676.822   139.856    -0.84   14.82
-120389.860   142.160     8.03   14.85
-120102.915   144.324     7.54   14.69
-119815.988   147.790    12.08   15.07
-119529.078   153.061    18.37   14.69
-119242.185   158.530    19.06   12.46
-118955.310   163.661    17.89    8.98
-118668.453   165.849     7.63    6.57
-118381.613   166.343     1.72    6.17
-118094.790   166.461     0.41    5.98
-117807.984   166.006    -1.59    5.55
-117521.196   165.980    -0.09    5.39
-117234.426   166.816     2.92    5.76
-116947.672   168.640     6.36    6.94
-116660.937   170.897     7.87    7.40
-116374.218   172.663     6.16    6.92
-116087.517   173.032     1.29    6.28
-115800.833   172.493    -1.88    6.09
-115514.167   172.452    -0.14    6.19
-115227.518   172.203    -0.87    6.80
-114940.886   172.203    -0.00    7.53
-114654.272   171.491    -2.48    8.63
-114367.675   171.490    -0.00    9.07
-114081.096   171.116    -1.31    9.28
-113794.534   169.872    -4.34    9.79
-113507.989   168.525    -4.70   10.22
-113221.462   166.503    -7.06    9.66
-112934.951   165.496    -3.51    8.32
-112648.459   164.832    -2.32    7.16
-112361.983   164.760    -0.25    6.80
-112075.525   164.985     0.78    6.86
-111789.084   164.831    -0.54    6.09
-111502.661   164.598    -0.81    5.48
-111216.255   163.576    -3.57    6.37
-110929.866   162.085    -5.21    7.03
-110643.494   161.484    -2.10    7.15
-110357.140   161.656     0.60    7.03
-110070.803   162.418     2.66    6.45
-109784.484   162.531     0.40    6.04
-109498.181   162.272    -0.90    5.70
-109211.896   161.550    -2.52    5.78
-108925.628   161.269    -0.98    5.45
-108639.378   160.750    -1.81    5.26
-108353.145   159.938    -2.84    4.82
-108066.929   159.542    -1.39    5.15
-107780.730   160.167     2.19    6.28
-107494.549   161.580     4.94    7.52
-107208.385   162.801     4.27    8.13
-106922.238   162.356    -1.55    8.65
-106636.108   162.015    -1.19    9.29
-106349.996   160.945    -3.74    9.50
-106063.901   159.462    -5.18    9.37
-105777.823   157.944    -5.31    9.24
-105491.763   156.928    -3.55    8.49
-105205.719   157.335     1.42    8.89
-104919.693   157.587     0.88    9.00
-104633.684   157.084    -1.76    9.09
-104347.693   156.561    -1.83    9.58
-104061.718   156.128    -1.51    9.66
-103775.761   155.889    -0.84   10.01
-103489.821   154.831    -3.70   10.52
-103203.899   152.802    -7.10   12.21
-102917.993   153.211     1.43   13.16
-102632.105   153.043    -0.59   19.18
-102346.234   153.644     2.10   21.27
-102060.380   156.087     8.55   21.17
-101774.543   153.296    -9.76   25.05
-101488.723   149.616   -12.88   28.93
-101202.921   144.539   -17.77   30.01
-100917.136   136.472   -28.23   29.93
-100631.368   126.171   -36.05   26.89
-100345.617   115.261   -38.18   22.24
-100059.883   114.603    -2.30   19.39
 -99774.167   120.449    20.46   25.71
 -99488.468   133.442    45.48   33.94
 -99202.785   146.222    44.73   37.11
 -98917.120   160.079    48.51   35.97
 -98631.473   172.331    42.90   31.53
 -98345.842   183.752    39.99   21.15
 -98060.228   191.200    26.08   12.10
 -97774.632   195.238    14.14    6.52
 -97489.053   196.428     4.17    4.33
 -97203.491   196.147    -0.98    3.84
 -96917.946   195.432    -2.50    3.83
 -96632.418   194.104    -4.65    3.92
 -96346.907   192.591    -5.30    4.03
 -96061.413   190.452    -7.49    4.91
 -95775.937   188.200    -7.89    5.90
 -95490.478   185.897    -8.07    6.59
 -95205.035   183.424    -8.66    6.62
 -94919.610   181.230    -7.69    6.82
 -94634.202   179.225    -7.03    7.15
 -94348.811   176.817    -8.44    7.09
 -94063.437   174.487    -8.16    6.72
 -93778.081   172.602    -6.61    6.87
 -93492.741   170.610    -6.98    6.05
 -93207.418   169.272    -4.69    4.96
 -92922.113   169.238    -0.12    5.08
 -92636.824   168.648    -2.07    5.32
 -92351.553   167.492    -4.05    6.26
 -92066.299   164.969    -8.84    7.45
 -91781.061   162.063   -10.19    8.62
 -91495.841   157.417   -16.29   10.62
 -91210.638   152.608   -16.86   10.71
 -90925.452   149.458   -11.05    9.94
 -90640.283   147.994    -5.13    9.36
 -90355.131   148.206     0.74    9.44
 -90069.996   150.954     9.64   10.44
 -89784.878   156.005    17.72   10.88
 -89499.778   161.896    20.66   12.69
 -89214.694   169.014    24.97   14.05
 -88929.627   175.214    21.75   14.54
 -88644.577   181.296    21.34   13.72
 -88359.545   186.930    19.77   12.25
 -88074.529   192.985    21.25   10.22
 -87789.530   197.913    17.29    8.77
 -87504.549   202.175    14.96    8.14
 -87219.584   205.227    10.71    7.48
 -86934.636   208.189    10.40    6.08
 -86649.706   210.059     6.56    5.49
 -86364.792   209.920    -0.49    6.78
 -86079.895   208.269    -5.80    8.59
 -85795.016   205.247   -10.61    9.83
 -85510.153   201.626   -12.71   10.63
 -85225.307   196.624   -17.56   10.60
 -84940.479   192.287   -15.23    9.30
 -84655.667   188.563   -13.07    9.23
 -84370.872   186.128    -8.55    9.47
 -84084.423   183.453    -9.34   10.22
 -83795.859   181.384    -7.17   11.89
 -83507.312   178.479   -10.07   14.71
 -83218.784   176.200    -7.90   16.13
 -82930.274   173.408    -9.68   16.68
 -82641.782   171.447    -6.80   16.35
 -82353.308   169.420    -7.03   15.84
 -82064.853   169.114    -1.06   15.14
 -81776.416   170.550     4.98   15.52
 -81487.997   173.122     8.92   13.56
 -81199.596   174.761     5.68   11.65
 -80911.214   176.327     5.43    8.90
 -80622.849   174.636    -5.86    9.70
 -80334.503   170.671   -13.75   11.83
 -80046.175   166.214   -15.46   13.25
 -79757.866   158.993   -25.04   16.70
 -79469.574   151.856   -24.76   18.54
 -79181.301   145.170   -23.20   19.47
 -78893.046   137.624   -26.18   20.10
 -78604.809   132.248   -18.65   20.39
 -78316.591   126.336   -20.52   19.48
 -78028.390   122.614   -12.91   17.09
 -77740.208   122.479    -0.47   15.84
 -77452.044   122.322    -0.54   13.98
 -77163.898   125.790    12.04   14.00
 -76875.770   130.328    15.75   15.82
 -76587.661   135.578    18.22   15.15
 -76299.569   137.723     7.45   17.34
 -76011.496   135.110    -9.07   25.38
 -75723.441   127.577   -26.15   33.49
 -75435.404   118.285   -32.26   39.19
 -75147.385   105.968   -42.77   39.44
 -74859.384    93.766   -42.37   34.70
 -74571.401    88.322   -18.90   27.23
 -74283.437    90.825     8.69   28.38
 -73995.490   100.238    32.69   35.24
 -73707.562   115.418    52.72   38.21
 -73419.652   128.224    44.48   33.13
 -73131.760   137.585    32.52   24.34
 -72843.886   143.552    20.73   17.57
 -72556.030   145.321     6.15   17.28
 -72268.193   145.978     2.28   17.79
 -71980.373   146.261     0.98   17.55
 -71692.572   148.198     6.73   16.49
 -71404.788   150.165     6.84   13.93
 -71117.023   150.997     2.89   11.04
 -70829.276   145.445   -19.30   17.34
 -70541.546   136.582   -30.80   20.69
 -70253.835   130.013   -22.83   18.58
 -69966.142   125.991   -13.98   15.33
 -69678.467   124.648    -4.67   14.07
 -69390.810   125.946     4.51   14.13
 -69103.171   129.319    11.73   13.88
 -68815.551   134.040    16.41    8.78
 -68527.948   136.339     7.99    4.75
 -68240.363   135.584    -2.62    4.97
 -67952.796   133.525    -7.16    6.53
 -67665.248   130.257   -11.37    7.10
 -67377.717   128.504    -6.10    6.01
 -67090.205   127.840    -2.31    5.79
 -66802.710   127.747    -0.32    5.97
 -66515.233   127.800     0.19    6.00
 -66227.775   128.176     1.31    5.90
 -65940.334   127.962    -0.74    6.24
 -65652.912   125.598    -8.23    8.67
 -65365.507   121.759   -13.36   10.80
 -65078.121   117.954   -13.24   10.74
 -64790.752   115.440    -8.75   10.71
 -64503.402   114.392    -3.65   10.63
 -64216.069   114.609     0.75   11.53
 -63928.755   116.517     6.64   11.93
 -63641.458   119.528    10.48   11.11
 -63354.179   122.445    10.15    9.55
 -63066.919   124.568     7.39    8.08
 -62779.676   125.480     3.18    6.65
 -62492.451   126.135     2.28    5.30
 -62205.245   126.517     1.33    4.56
 -61918.056   126.501    -0.06    4.62
 -61630.885   125.766    -2.56    5.07
 -61343.732   125.082    -2.38    5.83
 -61056.597   125.104     0.08    6.77
 -60769.480   125.789     2.39    9.06
 -60482.381   127.839     7.14   11.19
 -60195.300   131.292    12.03   13.04
 -59908.237   136.847    19.35   13.90
 -59621.191   142.993    21.41   13.54
 -59334.164   148.504    19.20   11.71
 -59047.155   153.102    16.02    8.60
 -58760.163   156.285    11.09    5.55
 -58473.189   157.696     4.92    4.42
 -58186.234   158.668     3.39    3.96
 -57899.296   157.921    -2.61    4.80
 -57612.376   155.816    -7.33    6.72
 -57325.474   153.708    -7.35    7.29
 -57038.590   152.074    -5.70    6.73
 -56751.723   151.230    -2.94    5.93
 -56464.875   150.730    -1.74    5.06
 -56178.044   150.517    -0.74    4.97
 -55891.232   151.238     2.51    5.21
 -55604.437   151.971     2.56    5.19
 -55317.660   152.388     1.45    5.78
 -55030.901   152.015    -1.30    6.39
 -54744.160   151.294    -2.52    7.10
 -54457.436   150.458    -2.92    7.43
 -54170.731   150.759     1.05    7.91
 -53884.043   150.335    -1.48    7.31
 -53597.373   150.066    -0.94    7.03
 -53310.721   150.336     0.94    6.79
 -53024.087   151.426     3.80    6.16
 -52737.471   152.520     3.82    6.44
 -52450.872   153.372     2.97    6.88
 -52164.292   154.339     3.37    7.64
 -51877.729   155.808     5.13    8.38
 -51591.184   156.759     3.32    9.22
 -51304.656   159.208     8.55   10.54
 -51018.147   162.555    11.68   12.76
 -50731.655   167.096    15.85   13.68
 -50445.181   171.694    16.05   14.50
 -50158.725   176.558    16.98   14.11
 -49872.287   181.620    17.67   13.61
 -49585.867   185.733    14.36   14.43
 -49299.464   186.267     1.87   18.26
 -49013.079   187.412     4.00   18.95
 -48726.712   188.022     2.13   18.00
 -48440.362   186.864    -4.04   17.24
 -48154.031   183.636   -11.27   16.86
 -47867.717   177.971   -19.79   18.21
 -47581.421   170.638   -25.61   19.27
 -47295.142   163.809   -23.86   16.95
 -47008.882   157.442   -22.24   12.60
 -46722.639   154.356   -10.78    7.71
 -46436.414   153.880    -1.66    6.33
 -46150.207   156.459     9.01    7.45
 -45864.017   160.106    12.74    8.12
 -45577.845   163.208    10.84    8.60
 -45291.691   166.503    11.51    9.82
 -45005.554   170.416    13.68   10.03
 -44719.436   174.945    15.83   10.04
 -44433.335   179.006    14.19    9.61
 -44147.251   182.832    13.37    8.90
 -43861.186   185.727    10.12    7.63
 -43575.138   186.790     3.72    6.95
 -43289.107   185.122    -5.83    8.53
 -43003.095   182.413    -9.47   10.06
 -42717.100   179.533   -10.07   10.59
 -42431.123   176.098   -12.01    9.95
 -42145.163   172.945   -11.03    8.30
 -41859.222   169.963   -10.43    7.02
 -41573.298   167.945    -7.06    7.69
 -41287.391   165.501    -8.55    8.36
 -41001.502   163.228    -7.95    8.90
 -40715.631   161.056    -7.60    9.69
 -40429.778   159.880    -4.11    8.93
 -40143.942   160.093     0.75    8.87
 -39858.124   161.493     4.90    9.25
 -39572.323   162.945     5.08    9.36
 -39286.541   163.084     0.49    9.48
 -39000.775   161.978    -3.87   10.81
 -38715.028   160.791    -4.15   11.72
 -38429.298   159.749    -3.65   12.66
 -38143.586   159.688    -0.21   12.99
 -37857.891   160.171     1.69   13.61
 -37572.214   161.339     4.09   14.41
 -37286.554   165.292    13.84   13.48
 -37000.913   169.019    13.05   11.49
 -36715.288   172.517    12.25    7.83
 -36429.682   174.531     7.05    6.85
 -36144.093   175.880     4.72    6.56
 -35858.521   176.547     2.33    7.19
 -35572.967   176.938     1.37    7.11
 -35287.431   177.285     1.22    6.46
 -35001.913   176.905    -1.33    5.88
 -34716.412   176.928     0.08    5.79
 -34430.928   176.114    -2.85    5.53
 -34145.462   175.397    -2.51    5.10
 -33860.014   174.675    -2.53    4.62
 -33574.583   173.708    -3.39    4.07
 -33289.170   172.730    -3.43    3.29
 -33003.774   172.547    -0.64    3.66
 -32718.396   171.832    -2.51    4.06
 -32433.036   170.480    -4.74    5.65
 -32147.693   168.216    -7.93    7.79
 -31862.367   166.064    -7.54    8.43
 -31577.059   164.072    -6.98    8.29
 -31291.769   162.428    -5.76    8.24
 -31006.496   161.855    -2.01    7.70
 -30721.241   161.180    -2.37    7.86
 -30436.003   162.416     4.33    7.42
 -30150.783   163.586     4.10    6.50
 -29865.580   163.343    -0.85    5.83
 -29580.395   162.987    -1.25    5.56
 -29295.227   162.029    -3.36    4.82
 -29010.077   160.351    -5.89    4.26
 -28724.944   159.640    -2.49    3.96
 -28439.829   158.771    -3.05    4.28
 -28154.731   158.280    -1.72    4.29
 -27869.651   157.509    -2.70    4.53
 -27584.588   155.797    -6.01    5.28
 -27299.543   154.139    -5.82    6.20
 -27014.515   151.520    -9.19    7.44
 -26729.505   148.380   -11.02    9.06
 -26444.512   144.528   -13.52    9.60
 -26159.536   140.436   -14.36    9.55
 -25874.579   135.697   -16.63    9.54
 -25589.638   131.449   -14.91    9.73
 -25304.715   127.069   -15.37   10.61
 -25019.810   123.261   -13.37   11.75
 -24734.921   119.106   -14.58   12.86
 -24450.051   114.349   -16.70   14.17
 -24165.198   108.872   -19.23   16.32
 -23880.362   103.523   -18.78   17.03
 -23595.543    97.528   -21.05   16.61
 -23310.743    92.062   -19.19   15.41
 -23025.959    88.864   -11.23   13.79
 -22741.193    89.816     3.34   15.47
 -22456.444    92.178     8.29   18.59
 -22169.545    98.994    23.76   21.69
 -21880.920   109.241    35.50   22.99
 -21592.315   120.525    39.10   21.86
 -21303.728   132.151    40.29   19.32
 -21015.160   139.264    24.65   17.88
 -20726.610   143.297    13.98   16.18
 -20438.080   144.309     3.51   15.71
 -20149.568   139.952   -15.10   21.79
 -19861.074   131.225   -30.25   27.81
 -19572.600   120.064   -38.69   28.62
 -19284.144   113.357   -23.25   24.02
 -18995.706   109.986   -11.69   19.03
 -18707.288   109.905    -0.28   17.76
 -18418.888   113.296    11.76   18.32
 -18130.507   119.651    22.04   16.35
 -17842.144   125.805    21.34   11.84
 -17553.800   131.725    20.53   10.77
 -17265.475   137.056    18.49   13.77
 -16977.168   143.222    21.39   15.03
 -16688.880   151.704    29.42   16.26
 -16400.611   158.663    24.14   14.98
 -16112.360   164.330    19.66   11.67
 -15824.128   167.964    12.61    9.11
 -15535.915   169.198     4.28    7.48
 -15247.720   168.790    -1.41    7.53
 -14959.544   167.962    -2.87    7.40
 -14671.387   165.612    -8.16    7.46
 -14383.248   163.271    -8.13    7.17
 -14095.127   161.567    -5.91    6.13
 -13807.026   160.380    -4.12    4.82
 -13518.943   159.140    -4.30    4.50
 -13230.878   157.360    -6.18    4.89
 -12942.832   155.707    -5.74    4.75
 -12654.805   154.661    -3.63    4.35
 -12366.796   153.972    -2.39    4.25
 -12078.806   153.192    -2.71    4.36
 -11790.835   153.328     0.47    4.38
 -11502.882   154.310     3.41    4.93
 -11214.947   155.431     3.89    4.89
 -10927.031   155.733     1.05    4.76
 -10639.134   154.364    -4.75    5.90
 -10351.255   152.094    -7.89    6.80
 -10063.395   147.969   -14.33   10.35
  -9775.554   143.360   -16.01   11.55
  -9487.731   140.725    -9.16   10.92
  -9199.926   138.095    -9.14   11.06
  -8912.140   137.184    -3.17   10.64
  -8624.373   136.746    -1.52   11.17
  -8336.624   137.701     3.32   11.04
  -8048.893   140.072     8.24    9.67
  -7761.181   142.704     9.15    8.90
  -7473.488   144.092     4.83    9.46
  -7185.813   145.734     5.71    9.06
  -6898.157   145.814     0.28    9.05
  -6610.519   144.262    -5.40   10.31
  -6322.900   141.944    -8.06   11.95
  -6035.299   138.110   -13.33   12.62
  -5747.716   132.971   -17.87   11.69
  -5460.152   129.376   -12.50   11.40
  -5172.607   127.493    -6.55   12.11
  -4885.080   126.991    -1.75   12.85
  -4597.572   127.179     0.65   13.58
  -4310.082   126.461    -2.50   13.80
  -4022.610   124.269    -7.63   14.70
  -3735.157   119.620   -16.17   17.89
  -3447.722   110.490   -31.76   23.65
  -3160.306    98.771   -40.77   28.92
  -2872.909    81.995   -58.37   34.55
  -2585.529    65.984   -55.71   36.17
  -2298.168    50.360   -54.37   33.13
  -2010.826    33.536   -58.55   26.06
  -1723.502    21.996   -40.16   20.19
  -1436.197    14.093   -27.51   16.14
  -1148.909     9.005   -17.71   13.68
   -861.641     4.928   -14.19   10.71
   -574.391     1.498   -11.94    5.89
   -287.159    -0.087    -5.52    0.36
      0.055    -0.120    -0.11    0.00
    287.250    -0.070     0.17    0.54
    574.427     0.972     3.63    5.06
    861.585     4.558    12.49   13.47
   1148.725     7.944    11.79   17.93
   1435.846    10.172     7.76   19.14
   1722.949    13.998    13.33   20.57
   2010.034    15.980     6.90   20.43
   2297.100    17.368     4.84   19.72
   2584.148    20.639    11.40   18.31
   2871.178    22.920     7.95   17.16
   3158.189    25.348     8.46   15.56
   3445.182    30.264    17.13   14.57
   3732.157    35.781    19.23   16.20
   4019.113    44.153    29.17   19.80
   4306.051    53.872    33.87   24.08
   4592.970    65.501    40.53   27.42
   4879.872    77.461    41.69   27.25
   5166.755    89.346    41.43   23.25
   5453.619    98.571    32.16   19.59
   5740.465   105.715    24.90   16.45
   6027.293   111.174    19.03   13.03
   6314.103   114.197    10.54   11.54
   6600.894   112.243    -6.81   12.83
   6887.667   111.963    -0.98   12.02
   7174.422   111.330    -2.21   12.55
   7461.158   113.009     5.86   13.62
   7747.876   114.389     4.81   15.23
   8034.576   119.443    17.63   18.06
   8321.257   126.401    24.27   17.33
   8607.921   133.856    26.01   11.90
   8894.566   138.346    15.66    9.46
   9181.192   139.325     3.42    8.64
   9467.801   139.336     0.04    9.52
   9754.391   138.103    -4.30   11.53
  10040.963   135.856    -7.84   13.41
  10327.516   134.184    -5.84   14.11
  10614.052   132.838    -4.70   13.46
  10900.569   133.259     1.47   12.65
  11187.068   135.368     7.36   13.32
  11473.548   139.714    15.17   15.96
  11760.011   146.730    24.49   18.12
  12046.455   152.244    19.25   17.76
  12332.881   155.464    11.24   16.63
  12619.288   157.889     8.47   15.22
  12905.678   158.051     0.57   14.22
  13192.049   156.030    -7.06   14.63
  13478.402   151.931   -14.32   14.21
  13764.737   145.896   -21.07   13.33
  14051.054   140.982   -17.16   11.71
  14337.352   137.089   -13.60    9.47
  14623.633   134.132   -10.33    6.72
  14909.895   132.287    -6.45    6.07
  15196.138   128.923   -11.75    8.33
  15482.364   125.726   -11.17   10.46
  15768.572   125.880     0.54   12.60
  16054.761   129.547    12.81   16.47
  16340.932   137.062    26.26   22.29
  16627.085   146.636    33.46   25.95
  16913.220   156.017    32.78   26.62
  17199.337   167.074    38.64   24.88
  17485.435   177.106    35.07   19.67
  17771.516   183.211    21.34   16.46
  18057.578   183.443     0.81   17.66
  18343.622   180.298   -10.99   20.06
  18629.648   176.847   -12.07   19.72
  18915.656   175.469    -4.82   18.32
  19201.645   175.692     0.78   17.26
  19487.617   178.014     8.12   18.45
  19773.570   181.847    13.40   20.10
  20059.506   187.441    19.57   20.06
  20345.423   194.702    25.40   18.36
  20631.322   200.755    21.17   15.26
  20917.203   202.466     5.98   16.53
  21203.066   203.921     5.09   17.14
  21488.911   203.034    -3.10   18.83
  21774.737   202.645    -1.36   20.98
  22060.546   202.360    -1.00   23.47
  22346.337   200.322    -7.13   26.34
  22632.109   199.641    -2.38   28.68
  22917.863   199.151    -1.71   29.31
  23203.600   196.440    -9.49   31.42
  23489.318   192.638   -13.30   31.32
  23775.018   190.680    -6.85   30.82
  24060.700   189.180    -5.25   31.45
  24346.364   188.755    -1.49   31.25
  24632.010   188.128    -2.20   32.18
  24917.638   189.439     4.59   32.87
  25203.248   195.459    21.08   34.74
  25488.840   202.017    22.96   34.97
  25774.414   205.397    11.83   34.25
  26059.969   208.082     9.40   32.06
  26345.507   211.969    13.61   28.87
  26631.027   214.256     8.01   26.54
  26916.529   219.160    17.18   25.57
  27202.012   224.441    18.50   24.60
  27487.478   231.277    23.95   20.39
  27772.926   238.256    24.45   17.92
  28058.355   244.792    22.90   14.80
  28343.767   250.593    20.33   12.00
  28629.161   255.765    18.12   10.28
  28914.536   259.591    13.41    9.42
  29199.894   262.517    10.25    7.58
  29485.234   263.739     4.28    5.96
  29770.555   261.704    -7.13    9.85
  30055.859   257.840   -13.54   15.31
  30341.145   251.101   -23.62   21.06
  30626.413   242.315   -30.80   23.27
  30911.663   234.143   -28.65   22.10
  31196.894   230.505   -12.75   20.33
  31482.108   231.938     5.02   24.40
  31767.304   238.677    23.63   30.33
  32052.482   247.372    30.49   32.81
  32337.642   255.364    28.03   31.06
  32622.785   261.840    22.71   25.56
  32907.909   263.114     4.47   24.10
  33193.015   258.351   -16.70   26.65
  33478.103   251.087   -25.48   29.51
  33763.174   241.779   -32.65   27.31
  34048.226   226.804   -52.53   28.14
  34333.261   211.848   -52.47   33.47
  34618.277   198.897   -45.44   37.89
  34903.276   184.964   -48.89   38.89
  35188.257   175.929   -31.70   36.36
  35473.220   166.662   -32.52   30.48
  35758.165   156.643   -35.16   22.98
  36043.092   153.995    -9.29   20.02
  36328.002   158.520    15.88   23.53
  36612.893   167.474    31.43   25.71
  36897.766   176.595    32.02   29.02
  37182.622   183.539    24.38   31.68
  37467.460   190.022    22.76   35.18
  37752.280   197.741    27.10   35.63
  38037.082   204.897    25.12   35.24
  38321.866   211.085    21.73   37.95
  38606.632   214.170    10.83   40.30
  38891.381   216.677     8.81   41.11
  39176.111   216.708     0.11   41.15
  39460.824   216.319    -1.36   39.48
  39748.237   216.364     0.16   37.34
  40036.907   215.586    -2.69   34.29
  40325.558   213.518    -7.16   31.93
  40614.190   213.929     1.42   32.36
  40902.802   214.467     1.87   33.65
  41191.396   217.309     9.85   33.24
  41479.970   223.488    21.41   33.38
  41768.525   228.784    18.35   33.90
  42057.061   236.172    25.61   35.00
  42345.578   245.558    32.53   32.09
  42634.076   256.511    37.97   23.44
  42922.555   263.385    23.82   21.23
  43211.014   271.847    29.34   19.83
  43499.455   275.646    13.17   17.62
  43787.876   275.043    -2.09   18.13
  44076.278   269.070   -20.71   21.60
  44364.661   262.360   -23.27   22.24
  44653.025   255.054   -25.34   20.96
  44941.370   246.957   -28.08   19.49
  45229.696   240.837   -21.22   17.08
  45518.003   238.066    -9.61   15.39
  45806.291   238.029    -0.13   14.11
  46094.559   237.991    -0.13   13.12
  46382.809   236.009    -6.87   12.89
  46671.039   234.146    -6.46   12.10
  46959.251   232.222    -6.68   12.70
  47247.443   229.748    -8.58   15.04
  47535.616   225.533   -14.63   15.40
  47823.771   221.675   -13.39   14.41
  48111.906   221.855     0.62   14.09
  48400.022   222.417     1.95   14.31
  48688.119   224.116     5.90   14.01
  48976.197   226.286     7.53   14.57
  49264.257   230.002    12.90   15.57
  49552.297   234.823    16.74   16.47
  49840.318   241.032    21.56   16.66
  50128.320   247.311    21.80   14.01
  50416.303   252.222    17.05   12.11
  50704.267   257.326    17.72   11.00
  50992.212   263.200    20.40   11.61
  51280.138   269.808    22.95   14.18
  51568.045   276.921    24.70   16.67
  51855.933   284.692    26.99   19.25
  52143.803   293.438    30.38   21.44
  52431.653   302.725    32.26   21.95
  52719.484   312.084    32.52   22.71
  53007.296   318.547    22.46   22.22
  53295.089   324.206    19.66   20.61
  53582.864   327.996    13.17   20.92
  53870.619   330.122     7.39   21.79
  54158.356   328.913    -4.20   23.68
  54446.073   328.173    -2.57   24.93
  54733.772   328.405     0.81   26.40
  55021.451   326.838    -5.45   27.71
  55309.112   323.880   -10.28   27.81
  55596.754   319.726   -14.44   28.01
  55884.376   316.664   -10.65   28.24
  56171.980   312.227   -15.43   28.92
  56459.565   307.124   -17.74   29.52
  56747.131   301.070   -21.05   28.83
  57034.678   294.872   -21.55   29.05
  57322.207   289.462   -18.81   27.99
  57609.716   284.016   -18.94   25.44
  57897.207   279.376   -16.14   22.78
  58184.678   272.236   -24.84   18.98
  58472.131   266.737   -19.13   16.54
  58759.565   261.447   -18.41   15.89
  59046.980   255.671   -20.10   16.38
  59334.376   248.509   -24.92   18.94
  59621.753   237.923   -36.84   23.03
  59909.111   221.651   -56.63   32.85
  60196.451   203.134   -64.44   43.52
  60483.772   187.103   -55.80   45.52
  60771.073   171.231   -55.24   42.10
  61058.356   163.200   -27.95   35.94
  61345.620   164.839     5.71   36.92
  61632.866   177.043    42.48   41.59
  61920.092   192.937    55.33   39.11
  62207.300   207.671    51.30   26.76
  62494.489   215.779    28.23   17.45
  62781.659   219.856    14.19   12.11
  63068.810   218.544    -4.57   14.31
  63355.942   215.094   -12.02   16.06
  63643.056   208.427   -23.22   21.79
  63930.151   203.734   -16.35   28.17
  64217.227   199.946   -13.19   30.94
  64504.284   194.070   -20.47   33.23
  64791.322   191.114   -10.30   33.10
  65078.342   189.284    -6.38   32.79
  65365.343   187.611    -5.83   32.70
  65652.325   189.595     6.91   33.05
  65939.288   194.360    16.60   35.09
  66226.232   197.053     9.39   36.05
  66513.158   202.128    17.69   35.81
  66800.065   210.011    27.48   36.27
  67086.953   215.175    18.00   35.74
  67373.823   216.260     3.78   33.88
  67660.674   220.969    16.42   33.58
  67947.506   226.401    18.94   32.95
  68234.319   229.355    10.30   28.63
  68521.114   236.948    26.47   29.00
  68807.889   246.360    32.82   33.54
  69094.646   255.682    32.51   37.98
  69381.385   260.504    16.82   40.25
  69668.105   263.684    11.09   39.94
  69954.806   266.290     9.09   38.02
  70241.488   268.191     6.63   35.03
  70528.151   271.211    10.54   31.30
  70814.796   273.327     7.38   27.09
  71101.422   274.704     4.80   23.93
  71388.030   279.355    16.23   20.55
  71674.619   283.541    14.61   15.02
  71961.189   285.113     5.48   10.49
  72247.740   284.368    -2.60    8.61
  72534.273   284.233    -0.47    8.76
  72820.787   283.815    -1.46    8.17
  73107.282   283.673    -0.49    8.38
  73393.759   287.130    12.07   11.48
  73680.217   294.628    26.17   17.78
  73966.657   303.359    30.48   21.54
  74253.078   313.267    34.59   22.09
  74539.480   320.360    24.76   19.67
  74825.863   323.156     9.76   17.04
  75112.228   319.974   -11.11   18.39
  75398.575   315.807   -14.55   21.05
  75684.902   310.143   -19.78   22.67
  75971.211   307.604    -8.86   24.01
  76257.502   307.034    -1.99   26.89
  76543.774   306.929    -0.37   28.31
  76830.027   308.670     6.08   28.81
  77116.261   313.755    17.76   25.86
  77402.477   319.151    18.85   20.97
  77688.675   320.735     5.54   16.28
  77974.854   321.897     4.06   14.32
  78261.014   323.511     5.64   14.66
  78547.156   322.946    -1.97   15.73
  78833.279   318.567   -15.30   18.00
  79119.383   314.499   -14.22   18.86
  79405.469   309.932   -15.96   19.28
  79691.537   304.218   -19.97   16.94
