# NaN NaN NaN ;Mean Elev.(m), Avg Gradient(m/km), RMS Gradient(m/km) - SRTM1     
#  -16.487  -2.838   6.567 ;Mean Elev.(m), Avg Gradient(m/km), RMS Gradient(m/km) - ASTER GDEM
#    4.881  -2.423   5.816 ;Mean Elev.(m), Avg Gradient(m/km), RMS Gradient(m/km) - GMTED2010 
   1  87.949574  65.295055    21.874    22.479  5 54665.26120854 27.414
   2  87.952542  65.296687     8.876     8.862  5 54675.17685359 51.119
   3  87.948490  65.297957   -15.444   -15.283  5 54685.09249655  7.725
   4  87.948950  65.298784    21.272    21.544  5 54695.00813837 31.145
   5  87.948668  65.297504   -34.152   -38.135  5 54704.92377749 28.102
   6  87.950819  65.295423    21.765    22.327  5 54714.83942908 28.361
   7  87.948077  65.293046    12.845    12.898  5 54724.75507897 19.091
   8  87.949768  65.293123    22.771    22.823  5 54734.67072735 29.281
   9  87.949684  65.295029    11.026     8.180  5 54744.58637453 49.580
  10  87.950523  65.296768    21.096    20.845  5 54754.50202139 27.899
  11  87.947872  65.296063    19.388    19.392  5 54764.41766686 22.378
  12  87.951276  65.294095     7.681     7.687  5 54774.33331005 47.784
  13  87.947135  65.291645     9.012     9.079  5 54784.24894992 37.308
  14  87.947742  65.291835     8.690     8.706  6 54794.16458844 35.904
  15  87.951341  65.294211     9.064     9.075  5 54804.08022644 25.175
  16  87.947166  65.295329    14.929    16.579  5 54813.99586325 20.671
  17  87.947468  65.295722    18.826    19.356  5 54823.91150778 15.518
  18  87.951206  65.295509    20.209    20.100  5 54833.82714807 15.405
  19  87.947768  65.295330    19.867    19.997  5 54843.74279769 14.549
  20  87.948054  65.296784    20.178    20.150  5 54853.65844678 13.864
  21  87.951471  65.299188    20.070    19.788  5 54863.57409598 13.448
  22  87.952333  65.300077    19.817    19.561  5 54873.48974471 13.504
  23  87.951091  65.298707    20.066    19.887  5 54883.40539078 13.019
  24  87.948992  65.295697    21.553    21.908  5 54893.32103330 13.262
  25  87.947866  65.293337    20.887    20.880  5 54903.23667320 12.678
  26  87.950546  65.293574    20.340    19.856  5 54913.15231229 12.219
  27  87.949536  65.294979    23.024    22.999  6 54923.06795028 13.358
  28  87.952182  65.296443    22.641    22.623  5 54932.98358783 11.241
  29  87.950014  65.295387    14.803    15.950  5 54942.89922295 15.029
  30  87.947954  65.292767    13.637    11.455  5 54952.81485610 25.582
  31  87.947156  65.290893    14.690    14.652  5 54962.73049935 43.521
  32  87.948943  65.291671    16.947    16.934  5 54972.64614813 30.218
  33  87.946629  65.293505    21.942    22.358  5 54982.56179568 35.164
  34  87.950342  65.296032   126.525   126.610  5 54992.47744353 11.259
  35  87.952806  65.297031    21.255    20.936  5 55002.39309040 29.087
  36  87.948725  65.296355    21.192    21.409  5 55012.30873471 27.664
  37  87.949724  65.295973    18.431    19.924  5 55022.22437806 28.303
  38  87.950688  65.296774    20.195    20.598  5 55032.14002058 25.994
  39  87.951069  65.297992    20.192    20.407  5 55042.05566235 25.708
  40  87.951280  65.298349    19.689    19.591  4 55051.97130251 24.890
  41  87.950327  65.296760     7.807     7.741  4 55061.88694028 51.452
  42  87.948820  65.294233    19.563    19.456  6 55071.80258308 26.691
  43  87.948010  65.292434    21.169    20.864  5 55081.71823154 22.458
  44  87.948970  65.292710    12.570    13.229  6 55091.63387866 40.728
  45  87.949507  65.294378     9.937     7.344  6 55101.54952533 33.887
  46  87.950158  65.296023    21.625    22.124  5 55111.46517163 26.551
  47  87.947333  65.295418    19.917    20.039  5 55121.38081539 27.831
  48  87.949517  65.293808     7.176     7.155  5 55131.29645671 48.327
  49  87.946578  65.291697    10.866     9.155  5 55141.21209554 35.623
  50  87.948628  65.292104     8.345     8.376  6 55151.12773419 28.648
  51  87.949995  65.293966    16.362    18.002  5 55161.04337292 21.956
  52  87.951201  65.295771    18.688    18.947  5 55170.95901123 19.217
  53  87.949336  65.296049    19.291    19.343  5 55180.87464769 17.261
  54  87.951511  65.296160    19.253    19.104  5 55190.79029645 17.735
  55  87.951765  65.296601    19.705    19.533  5 55200.70594677 16.709
  56  87.950503  65.297291    19.565    19.515  4 55210.62159631 16.538
  57  87.950979  65.298164    19.871    19.690  5 55220.53724558 14.100
  58  87.948820  65.297555    19.676    19.581  5 55230.45289351 13.391
  59  87.948614  65.296214    19.620    19.678  5 55240.36853835 13.482
  60  87.949211  65.294519    19.732    19.707  5 55250.28417965 13.624
  61  87.949189  65.293488    19.631    19.605  5 55260.19981860 13.620
  62  87.949154  65.293608    19.564    19.608  6 55270.11545679 12.303
  63  87.951592  65.294601    20.145    20.261  5 55280.03109515 12.601
  64  87.951954  65.294893    22.412    22.155  5 55289.94673203 12.291
  65  87.948361  65.293811    21.567    20.833  5 55299.86236610 12.333
  66  87.949928  65.292908    20.894    20.896  5 55309.77801120  7.833
  67  87.946906  65.291978    14.464    16.948  5 55319.69365662 15.621
  68  87.949154  65.292814    20.672    22.658  5 55329.60930162 32.980
  69  87.946685  65.294125    18.659    18.680  5 55339.52494596 52.333
  70  87.951883  65.296070    19.260    19.286  5 55349.44059074 47.108
  71  87.950001  65.296457    22.203    22.381  5 55359.35623278 31.701
  72  87.949917  65.296511    21.855    22.260  5 55369.27187280 30.686
  73  87.950712  65.296675    22.245    22.330  5 55379.18751140 30.615
  74  87.951921  65.297118     9.607     9.535  5 55389.10314932 47.481
  75  87.950383  65.296812    11.576     8.850  5 55399.01878594 34.362
  76  87.948442  65.295646     8.894     8.888  5 55408.93443166 53.087
  77  87.949006  65.294205    18.676    19.553  6 55418.85008229 27.266
  78  87.948172  65.292902    21.680    22.320  6 55428.76572941 28.062
  79  87.948254  65.293015     9.729     9.800  5 55438.68137409 48.602
  80  87.950040  65.294217    22.040    22.636  5 55448.59701763 28.929
  81  87.949587  65.294798    21.906    22.498  5 55458.51266065 28.539
  82  87.949072  65.294501    17.200    16.837  6 55468.42830287 32.909
  83  87.950162  65.293473    11.224     9.274  5 55478.34394194 41.451
  84  87.946776  65.292090     8.571     8.473  5 55488.25957755 51.845
  85  87.949359  65.292141    19.630    19.668  5 55498.17521149 28.986
  86  87.949925  65.293342    19.685    19.596  5 55508.09084993 31.115
  87  87.946725  65.294467     7.425     7.517  5 55518.00649994 43.609
  88  87.948108  65.295630     8.468     8.531  5 55527.92214946 32.025
  89  87.949379  65.296120     7.951     7.949  5 55537.83779699 28.389
  90  87.950605  65.296534    12.270    13.585  5 55547.75344228 23.194
  91  87.950659  65.297249    13.359    13.332  4 55557.66908571 23.146
  92  87.949456  65.297889    19.002    18.943  5 55567.58472818 19.783
  93  87.948225  65.297355    19.470    19.520  5 55577.50036984 16.766
  94  87.950334  65.295697    19.589    19.565  5 55587.41600964 15.823
  95  87.948195  65.292953    19.474    19.467  6 55597.33164590 16.596
  96  87.949657  65.291824    19.662    19.610  5 55607.24727973 15.314
  97  87.949214  65.292044    19.627    19.607  5 55617.16291140 14.450
  98  87.949366  65.293787    19.726    19.690  6 55627.07855582 13.576
  99  87.948241  65.294453    19.818    19.766  5 55636.99420731 13.850
 100  87.949771  65.294025    23.331    23.390  5 55646.90985694  7.113
 101  87.949861  65.292615    22.394    23.127  5 55656.82550358 11.397
 102  87.948165  65.291838    22.374    22.960  6 55666.74114576  5.035
 103  87.946521  65.292499    20.278    22.474  5 55676.65678519 37.150
 104  87.948101  65.294370    19.001    19.018  5 55686.57242317 51.886
 105  87.951346  65.295897    21.541    22.195  5 55696.48806011 36.000
 106  87.950034  65.295635    22.351    22.479  5 55706.40369528 31.802
 107  87.948274  65.295134    21.727    22.219  5 55716.31934492 25.803
 108  87.949118  65.295500    20.210    19.808  5 55726.23499375 26.293
 109  87.951686  65.296880    17.163    19.359  5 55736.15064098 26.349
 110  87.951477  65.297962     8.361     8.372  5 55746.06628666 52.236
 111  87.950730  65.297595    21.015    21.193  5 55755.98193032 25.880
 112  87.949125  65.295264    18.600    20.627  5 55765.89757134 28.775
 113  87.948941  65.292542    22.196    22.741  5 55775.81320957 25.239
 114  87.948326  65.291094    21.947    21.818  6 55785.72884493 23.215
 115  87.948698  65.292159    21.540    21.418  6 55795.64447857 25.597
 116  87.949617  65.294160    21.741    22.382  5 55805.56011846 24.690
 117  87.949600  65.295161    21.778    22.206  6 55815.47576779 28.717
 118  87.947493  65.293669    21.867    22.481  5 55825.39141414 24.764
 119  87.949036  65.291982    22.258    22.886  5 55835.30705629 22.003
 120  87.946438  65.290791    22.989    23.138  5 55845.22269452 24.410
 121  87.946930  65.292089    19.489    19.272  5 55855.13833034 31.661
 122  87.951271  65.294875     7.297     7.252  5 55865.05397101 47.868
 123  87.952863  65.297021     9.575     9.609  5 55874.96962432 39.552
 124  87.951334  65.296842    12.637    13.570  5 55884.88527156 34.372
 125  87.948040  65.295662    19.343    19.248  5 55894.80091261 22.919
 126  87.946709  65.294724    19.932    19.857  5 55904.71654854 20.198
 127  87.950748  65.295840    20.099    20.037  5 55914.63218971 18.652
 128  87.950375  65.297201    20.016    19.950  4 55924.54784365 18.517
 129  87.949800  65.297379    20.201    20.211  5 55934.46349437 18.159
 130  87.951289  65.295639    19.993    20.146  5 55944.37914053 18.835
 131  87.948252  65.292595    19.787    19.796  6 55954.29478186 16.699
 132  87.947721  65.291219    19.711    19.622  5 55964.21042062 15.791
 133  87.948779  65.292479    19.827    19.728  5 55974.12605806 15.795
 134  87.948695  65.294563    19.863    19.870  5 55984.04169432 16.108
 135  87.948511  65.295129    19.882    19.829  5 55993.95732823 15.726
 136  87.949315  65.294205    19.908    19.922  6 56003.87297889 15.720
 137  87.948078  65.292067    19.558    19.482  6 56013.78862748 15.935
 138  87.949137  65.291639    23.571    23.648  5 56023.70427316  3.845
 139  87.948797  65.293378    21.854    22.599  5 56033.61991650 11.614
 140  87.947954  65.295864    22.406    22.414  5 56043.53555775  8.650
 141  87.949565  65.297537     9.348     9.389  5 56053.45119653 27.427
 142  87.953006  65.297414    19.837    21.713  5 56063.36683206 36.001
 143  87.951889  65.295922    22.454    22.498  5 56073.28247378 32.390
 144  87.950382  65.295503    22.429    22.592  5 56083.19812363 30.273
 145  87.948802  65.295962    13.154    11.872  5 56093.11377108 36.115
 146  87.950708  65.297105    20.722    21.413  5 56103.02941665 25.530
 147  87.947624  65.296367    16.868    16.779  5 56112.94504720 30.186
 148  87.951751  65.295121    19.683    19.354  5 56122.86068627 27.394
 149  87.947535  65.292162     6.533     6.534  6 56132.77632061 35.068
 150  87.947319  65.291048    16.622    18.670  5 56142.69195797 26.765
 151  87.947915  65.292383     8.096     6.074  5 56152.60760884 35.142
 152  87.948917  65.294574    16.786    18.464  5 56162.52325827 31.065
 153  87.947098  65.295445    15.376    19.092  5 56172.43890541 34.440
 154  87.951858  65.295142     8.956     6.648  5 56182.35454828 34.651
 155  87.948457  65.293035    21.102    21.548  5 56192.27018654 26.713
 156  87.947367  65.292019    17.324    16.751  6 56202.18582234 33.554
 157  87.948961  65.293220    16.763    19.614  5 56212.10145658 31.199
 158  87.952148  65.295515     5.405     5.462  5 56222.01708907 43.620
 159  87.952479  65.297592    10.217     7.930  5 56231.93274358 37.141
 160  87.948248  65.297359    19.054    19.032  5 56241.84839570 25.305
 161  87.952580  65.297061    19.484    19.463  5 56251.76404435 21.402
 162  87.949859  65.295916    19.203    19.244  4 56261.67968767 21.820
 163  87.952025  65.296139    19.410    19.430  5 56271.59532939 20.183
 164  87.951985  65.296352    19.485    19.520  5 56281.51097044 19.221
 165  87.949943  65.296215    19.446    19.461  5 56291.42662249 17.869
 166  87.951961  65.295262    19.571    19.562  5 56301.34227038 16.290
 167  87.947236  65.293124    19.428    19.433  5 56311.25791340 16.172
 168  87.950499  65.292852    19.594    19.572  5 56321.17355499 15.420
 169  87.947294  65.293370    19.292    19.283  5 56331.08919539 15.055
 170  87.950065  65.294880    19.723    19.706  5 56341.00483584 14.101
 171  87.950989  65.295309    19.801    19.791  5 56350.92047380 13.784
 172  87.948333  65.294026    19.512    19.423  5 56360.83611200 14.450
 173  87.950340  65.293537    19.192    19.364  5 56370.75176181 14.612
 175  87.950401  65.295562    21.184    22.524  5 56390.58305385 12.571
 176  87.948714  65.296967    22.830    22.831  5 56400.49869698  8.449
 177  87.949974  65.297782    21.606    20.518  5 56410.41433768 15.567
 178  87.948915  65.297062    21.929    21.929  5 56420.32997327 32.534
 179  87.948689  65.296154    21.605    21.858  5 56430.24561006 35.448
 180  87.950551  65.296557    21.086    20.881  5 56440.16126340 31.147
 181  87.951147  65.296847    17.717    18.015  5 56450.07691414 35.216
 182  87.950177  65.296509    21.488    21.428  4 56459.99256245 24.493
 183  87.948784  65.295299    18.812    20.731  5 56469.90820736 28.098
 184  87.950106  65.294353     8.576     8.539  5 56479.82384872 46.670
 185  87.948697  65.293366     8.227     8.262  5 56489.73948589 53.217
 186  87.950562  65.293544     7.413     7.406  5 56499.65512095 31.054
 187  87.948141  65.293492     6.603     6.633  5 56509.57075433 36.665
 188  87.950232  65.294147    19.481    19.440  5 56519.48639623 25.137
 189  87.948150  65.294244    19.500    19.556  5 56529.40204983 25.172
 190  87.946592  65.293943    19.691    19.684  5 56539.31769937 25.203
 191  87.950346  65.294280     8.246     8.204  5 56549.23334518 38.839
 192  87.946800  65.294695    20.912    21.128  5 56559.14898790 26.751
 193  87.950089  65.296321     9.875     7.716  5 56569.06463035 45.322
 194  87.948379  65.297289    16.875    19.084  5 56578.98027100 30.152
 195  87.949221  65.297227     6.981     6.928  5 56588.89590800 49.197
 196  87.950394  65.296684     7.337     7.294  4 56598.81155200 40.805
 197  87.949111  65.296188     9.742     9.754  5 56608.72720282 27.527
 198  87.948035  65.296402    10.493     9.121  5 56618.64284883 19.686
 199  87.949832  65.296859    19.929    20.100  5 56628.55849187 16.782
 200  87.951584  65.296383    19.551    19.521  5 56638.47413190 16.365
 201  87.947986  65.294322    19.586    19.637  5 56648.38977523 16.462
 202  87.946717  65.292936    19.633    19.709  5 56658.30542668 15.478
 203  87.947712  65.292884    19.827    19.837  5 56668.22107423 13.636
 204  87.950986  65.294567    21.032    21.259  5 56678.13671955 13.131
 205  87.947975  65.295534    21.869    22.226  5 56688.05236289 13.805
 206  87.951995  65.296003    20.677    20.275  5 56697.96800455 12.820
 207  87.949703  65.294465    20.951    21.609  5 56707.88364090 13.973
 208  87.947493  65.293105    19.671    19.697  5 56717.79927756 13.600
 209  87.949525  65.294205   126.159   126.160  6 56727.71493053  3.268
 210  87.949273  65.296222    22.888    22.890  5 56737.63057941 12.716
 211  87.951419  65.298454    22.616    22.666  4 56747.54622495 12.492
 212  87.951582  65.298739    22.335    22.182  5 56757.46186574  3.888
 213  87.950518  65.297327    10.506     8.542  5 56767.37750042 32.952
 214  87.951793  65.296270    10.718    10.743  5 56777.29314471 22.776
 215  87.952733  65.296675    21.428    22.247  5 56787.20880102 32.813
 216  87.947958  65.297175    20.763    20.805  5 56797.12445323 52.663
 217  87.948639  65.297971    21.760    21.798  5 56807.04010080 31.925
 218  87.950144  65.297143    15.769    15.798  4 56816.95574215 50.727
 219  87.949954  65.294984    16.777    16.712  5 56826.87137977 48.861
 220  87.949727  65.292847   126.238   126.074  5 56836.78701405  7.236
 221  87.947136  65.292201    22.073    22.527  5 56846.70264517 22.297
 222  87.950847  65.294300    19.925    19.319  5 56856.61829560 25.094
 223  87.947244  65.295804    18.266    19.090  5 56866.53394882 30.104
 224  87.947842  65.296183    20.238    20.143  5 56876.44960106 28.988
 225  87.950117  65.295685     7.903     7.916  5 56886.36525030 50.002
 226  87.948842  65.294542    22.488    22.577  5 56896.28089639 31.992
 227  87.950851  65.295315    22.510    22.528  5 56906.19653992 30.671
 228  87.949669  65.297120    22.107    22.215  5 56916.11218100 31.675
 229  87.951915  65.299212    20.898    21.068  5 56926.02782050 36.068
 230  87.950318  65.299214    21.293    21.751  5 56935.94345624 31.238
 231  87.947884  65.297066    14.220    18.645  5 56945.85908649 36.812
 232  87.947777  65.295401     7.009     7.021  5 56955.77473846 43.686
 233  87.952157  65.295394     8.427     8.414  5 56965.69038806 30.286
 234  87.952442  65.296490    21.530    21.639  5 56975.60603299 19.771
 235  87.948970  65.297206    21.975    22.087  5 56985.52167308 14.565
 236  87.950565  65.296583    20.369    20.330  5 56995.43730813 12.630
 237  87.949631  65.294113    22.109    22.624  5 57005.35294985 13.076
 238  87.947675  65.292111    21.101    21.512  6 57015.26860471 13.724
 239  87.946966  65.292191    22.843    22.780  5 57025.18425541 13.239
 240  87.949762  65.294806    22.329    22.319  5 57035.09990433 12.162
 241  87.950980  65.296940    22.422    22.628  5 57045.01555052 12.397
 242  87.951725  65.297175    20.905    21.083  5 57054.93119353 11.568
 243  87.949459  65.295144    20.698    20.392  5 57064.84683124 12.934
 244  87.948501  65.293685    20.768    20.436  6 57074.76246438 11.675
 245  87.950596  65.294075    23.241    23.213  5 57084.67809463 10.798
 246  87.948983  65.296550    21.847    21.769  5 57094.59374803 12.097
 247  87.950129  65.299085    20.454    20.309  5 57104.50940491 13.690
 248  87.949414  65.299470    22.427    22.364  5 57114.42505727 10.153
 249  87.950796  65.297980    29.371    29.310  5 57124.34070352  0.879
 250  87.948085  65.295749     8.889     8.916  5 57134.25634403 19.025
 251  87.951748  65.295168    10.732    10.739  5 57144.17198074 32.004
 252  87.949230  65.295338    16.013    15.931  5 57154.08761427 51.772
 253  87.949211  65.295978    21.753    22.043  5 57164.00325077 36.240
 254  87.949886  65.296406    21.456    21.422  5 57173.91890765 55.730
 255  87.947664  65.294774    20.670    20.745  5 57183.83456082 29.736
 256  87.949467  65.293240    22.677    22.737  5 57193.75021046 28.572
 257  87.948482  65.292879    21.811    22.642  6 57203.66585762 28.272
 258  87.950348  65.294698     8.395     8.352  5 57213.58149190 54.292
 259  87.950443  65.296607    22.164    22.236  4 57223.49713589 26.347
 260  87.949936  65.297100    21.746    22.157  5 57233.41277803 30.612
 261  87.947569  65.295857    21.675    22.179  5 57243.32841694 29.904
 262  87.947016  65.294426    21.861    22.373  5 57253.24405346 28.555
 263  87.949651  65.294767    22.456    22.559  6 57263.15968881 31.833
 264  87.948581  65.296213     8.531     8.550  5 57273.07532581 52.097
 265  87.950019  65.298543     9.183     9.208  5 57282.99098344 52.219
 266  87.953290  65.299361    21.741    21.798  5 57292.90663850 31.214
 267  87.948121  65.297459    12.088     9.166  5 57302.82228923 29.855
 268  87.948367  65.295685     7.937     7.765  5 57312.73793664 48.996
 269  87.951504  65.295350     9.470     7.112  5 57322.65358119 37.494
 270  87.947138  65.295437    10.082     8.207  5 57332.56922301 40.588
 271  87.949056  65.296525     8.517     8.509  5 57342.48486347 39.483
 272  87.949426  65.296613     7.159     7.206  5 57352.40051573 36.367
 273  87.949822  65.295252    19.460    19.559  5 57362.31616005 23.570
 274  87.947428  65.293192    19.757    19.686  5 57372.23180079 24.444
 275  87.950457  65.293282     8.880     8.887  5 57382.14744022 25.057
 276  87.950686  65.294386     8.474     8.458  5 57392.06307887 24.438
 277  87.947416  65.295278    19.407    19.429  5 57401.97871623 18.949
 278  87.947551  65.295720    19.851    19.919  5 57411.89435869 16.556
 279  87.950533  65.295910    20.095    19.984  5 57421.81001080 15.772
 280  87.949825  65.295877    20.143    20.185  5 57431.72565990 15.528
 281  87.952632  65.297010    20.190    20.112  5 57441.64130753 15.456
 282  87.950689  65.298059    22.176    22.151  5 57451.55695395 15.402
 283  87.952386  65.298977    22.275    22.263  5 57461.47259913 14.718
 284  87.952617  65.298397    22.691    22.690  5 57471.38824066 10.772
 285  87.948283  65.296403    22.750    22.766  5 57481.30387770  9.234
 286  87.949515  65.295032    29.945    29.606  5 57491.21951223  2.756
 287  87.949525  65.294300     9.895     8.690  5 57501.13514462 10.505
 288  87.947562  65.294466    10.561    10.516  5 57511.05079208 23.737
 289  87.947715  65.295102    12.114    12.210  5 57520.96644759 22.231
 290  87.951286  65.295474    22.460    22.524  5 57530.88210087 30.822
 291  87.950183  65.294649    16.283    16.311  5 57540.79775035 54.890
 292  87.949530  65.293916    18.240    17.351  6 57550.71339708 38.001
 293  87.950750  65.294227    12.926    11.571  5 57560.62904266 33.891
 294  87.951815  65.295369    18.050    19.646  5 57570.54468782 27.157
 295  87.952516  65.296402    19.833    19.977  5 57580.46033275 22.907
 296  87.948196  65.296240    19.322    19.419  5 57590.37597545 27.523
 297  87.950059  65.296289    19.379    19.438  5 57600.29161597 29.415
