# NaN NaN NaN ;Mean Elev.(m), Avg Gradient(m/km), RMS Gradient(m/km) - SRTM1     
#  -18.335  -2.092   6.895 ;Mean Elev.(m), Avg Gradient(m/km), RMS Gradient(m/km) - ASTER GDEM
#   10.006  -1.726   5.240 ;Mean Elev.(m), Avg Gradient(m/km), RMS Gradient(m/km) - GMTED2010 
   1  87.801455  64.920998    10.010    10.026  8 54668.22779949 39.253
   2  87.800586  64.921920    10.127    10.208  7 54678.14344379 46.138
   3  87.801368  64.923610   -18.664   -18.700  7 54688.05908701  6.699
   4  87.803331  64.924531     9.963    10.054  8 54697.97472836 52.890
   5  87.800416  64.922943   -14.925   -14.936  8 54707.89037017  6.105
   6  87.801297  64.921145    24.143    25.515  8 54717.80602187 24.192
   7  87.800181  64.919088     6.937     7.097  7 54727.72167084 34.550
   8  87.801804  64.919150    16.917    19.445  7 54737.63731865 22.890
   9  87.800890  64.920484    14.373    14.560  8 54747.55296604 28.965
  10  87.800554  64.921938    19.394    19.134  8 54757.46861313 25.062
  11  87.800251  64.921865    19.297    19.170  7 54767.38425810 19.390
  12  87.801864  64.920242     8.847     8.887  7 54777.29989986 45.386
  13  87.800408  64.918148     9.869     9.899  7 54787.21553888 35.784
  14  87.800169  64.917767    12.553    13.309  7 54797.13117700 29.131
  15  87.802186  64.919497    11.199    10.946  8 54807.04681520 22.428
  16  87.801869  64.920885    13.654    12.859  8 54816.96245254 18.871
  17  87.801074  64.921824    15.565    15.577  7 54826.87810140 16.692
  18  87.802474  64.922110    18.037    18.834  8 54836.79374066 15.514
  19  87.800386  64.922378    16.993    17.460  8 54846.70938994 14.342
  20  87.801547  64.923448    16.820    17.150  8 54856.62503899 14.971
  21  87.803616  64.924986    16.468    16.688  8 54866.54068818 14.591
  22  87.801509  64.924860    17.189    17.274  8 54876.45633635 14.880
  23  87.802793  64.923885    17.274    17.258  7 54886.37198183 13.509
  24  87.801588  64.921703    17.502    17.816  7 54896.28762356 13.099
  25  87.801047  64.920159    17.663    17.705  8 54906.20326271 13.138
  26  87.800542  64.919878    17.808    17.746  8 54916.11890074 12.221
  27  87.802041  64.920728    41.101    41.086  8 54926.03453880  6.059
  28  87.801242  64.920961    18.645    18.659  8 54935.95017594 11.897
  29  87.800464  64.920190    12.275    11.637  7 54945.86581110 20.664
  30  87.802436  64.918648    13.376    12.833  7 54955.78144389 21.115
  31  87.801966  64.917797    16.045    16.025  8 54965.69709170 34.534
  32  87.802934  64.918439    21.174    21.223  7 54975.61273971 44.031
  33  87.800263  64.919689    20.155    20.135  7 54985.52838731 31.679
  34  87.801499  64.921334    20.024    20.009  8 54995.44403531 30.444
  35  87.802022  64.922225    19.643    20.021  8 55005.35968169 23.936
  36  87.800504  64.922314    22.629    20.280  8 55015.27532562 27.293
  37  87.801205  64.922682    11.144    11.096  7 55025.19096834 53.124
  38  87.802142  64.923678    21.133    20.297  8 55035.10661060 24.999
  39  87.801171  64.923852    21.230    19.785  8 55045.02225185 27.183
  40  87.801801  64.922937    22.911    24.524  7 55054.93789143 23.356
  41  87.802047  64.920768     9.100     9.088  7 55064.85352862 42.730
  42  87.801668  64.919452    20.913    19.786  8 55074.76917583 29.797
  43  87.801499  64.919303    23.455    24.563  8 55084.68482372 20.709
  44  87.801879  64.920247    23.796    24.419  8 55094.60047017 21.347
  45  87.800976  64.920802    11.422    12.061  8 55104.51611636 28.583
  46  87.802569  64.921083    26.670    26.533  8 55114.43176254 17.982
  47  87.801556  64.920108    20.008    20.014  8 55124.34740596 21.506
  48  87.802631  64.919345     8.488     8.489  8 55134.26304679 47.116
  49  87.802378  64.918844    10.090    10.086  7 55144.17868535 33.557
  50  87.800916  64.919266    12.554    12.885  7 55154.09432318 24.856
  51  87.802273  64.920319    13.432    13.385  7 55164.00996164 23.131
  52  87.800924  64.920880    15.248    15.164  7 55173.92559957 20.503
  53  87.802556  64.921118    14.398    14.580  7 55183.84123818 19.687
  54  87.802782  64.921869    15.833    15.036  8 55193.75688941 18.875
  55  87.800983  64.922820    15.504    15.308  7 55203.67253923 17.939
  56  87.803267  64.924430    16.354    16.854  7 55213.58818882 17.525
  57  87.803175  64.924697    18.017    17.896  8 55223.50383767 14.434
  58  87.802773  64.923341    17.533    17.725  8 55233.41948484 14.288
  59  87.801974  64.920923    17.750    17.923  7 55243.33512868 14.275
  60  87.802490  64.919474    17.690    17.712  7 55253.25076951 14.443
  61  87.800498  64.919405    19.483    19.217  8 55263.16640807 13.452
  62  87.801120  64.920845    19.194    19.595  7 55273.08204598 13.208
  63  87.801122  64.921282    18.677    18.285  7 55282.99768343 13.288
  64  87.801516  64.920124    18.773    18.353  8 55292.91331954 13.087
  65  87.800170  64.917986    18.335    18.361  8 55302.82895518 12.654
  66  87.802873  64.917679    16.188    18.013  7 55312.74460301 15.668
  67  87.801701  64.918418    11.097    11.027  8 55322.66024835 24.285
  68  87.801935  64.920222    17.426    18.120  7 55332.57589267 30.783
  69  87.800128  64.921411    22.360    22.319  7 55342.49153673 36.911
  70  87.801021  64.921684    19.275    19.280  8 55352.40718071 31.949
  71  87.801973  64.921489    18.647    18.702  8 55362.32282249 25.830
  72  87.802399  64.921687    20.265    20.500  7 55372.23846224 21.513
  73  87.800323  64.922301    12.009    12.010  7 55382.15410037 40.214
  74  87.801909  64.923423    14.924    15.275  8 55392.06973812 26.114
  75  87.802162  64.923062    11.082     9.728  7 55401.98537420 30.209
  76  87.801776  64.921388    22.894    24.142  7 55411.90102457 19.648
  77  87.801268  64.919021    12.264    12.422  8 55421.81667388 31.423
  78  87.800613  64.917685     9.394     9.390  7 55431.73232047 37.552
  79  87.801289  64.918924    22.425    22.419  8 55441.64796527 24.662
  80  87.801270  64.920812    23.286    23.382  7 55451.56360855 20.277
  81  87.802754  64.921968    10.336    10.320  8 55461.47925122 52.408
  82  87.801702  64.920542    21.836    20.509  7 55471.39489207 19.841
  83  87.800076  64.918185    10.475    10.566  7 55481.31052989 53.502
  84  87.801951  64.917025    16.215    17.575  8 55491.22616573 29.040
  85  87.800442  64.917460    12.189    12.420  8 55501.14179937 26.039
  86  87.801989  64.919947     8.542     8.496  7 55511.05744301 49.521
  87  87.800739  64.921763    10.185    10.160  7 55520.97309265 40.029
  88  87.801735  64.922445     9.668     9.685  7 55530.88874131 28.229
  89  87.800528  64.921736     9.308     9.315  8 55540.80438804 24.857
  90  87.802464  64.921765    10.224     9.639  7 55550.72003297 21.787
  91  87.802282  64.922692    11.275    10.735  8 55560.63567623 21.925
  93  87.801104  64.923813    13.822    14.003  8 55580.46696004 18.044
  94  87.803085  64.921847    14.325    14.571  7 55590.38259861 15.711
  95  87.799738  64.918108    15.732    15.405  7 55600.29823343 16.624
  96  87.801014  64.916324    16.620    16.416  7 55610.21386650 16.028
  97  87.801070  64.916968    16.577    16.676  8 55620.12949829 15.189
  98  87.802068  64.919993    19.894    17.796  7 55630.04514957 13.661
  99  87.802102  64.921484    17.941    17.330  8 55639.96080054 13.401
 100  87.801658  64.920396    19.032    18.556  7 55649.87644883 11.333
 101  87.801158  64.917999    20.439    20.204  7 55659.79209366 11.401
 102  87.801724  64.917042    12.339    12.611  8 55669.70773512 31.321
 103  87.802508  64.918427    16.897    17.465  7 55679.62337475 29.695
 104  87.802818  64.920835    19.343    19.212  7 55689.53901251 30.278
 105  87.803071  64.922362    18.814    18.760  7 55699.45464872 28.198
 106  87.801817  64.921984    17.907    17.919  8 55709.37028677 51.965
 107  87.801987  64.921423    13.002    12.970  7 55719.28593728 40.284
 108  87.801595  64.921370    22.245    21.809  8 55729.20158538 25.380
 109  87.802580  64.922263    11.710     9.654  8 55739.11723223 34.842
 110  87.801283  64.923028    24.994    25.480  8 55749.03287762 26.025
 111  87.800259  64.922730    12.143    10.241  8 55758.94852061 30.589
 112  87.801685  64.921280    16.817    19.204  7 55768.86416095 22.751
 113  87.801713  64.918745    21.308    20.046  7 55778.77979789 25.618
 114  87.800488  64.916854    10.779     9.805  7 55788.69543225 33.321
 115  87.801607  64.917335    21.881    22.507  7 55798.61106574 25.476
 116  87.802573  64.919407    22.371    22.841  8 55808.52671122 28.310
 117  87.801661  64.920875    10.906    10.583  7 55818.44236026 53.701
 118  87.802845  64.920386    19.752    20.258  7 55828.35800528 20.624
 119  87.800915  64.918201    23.795    24.785  8 55838.27364551 18.408
 120  87.802462  64.916978     9.078     8.931  7 55848.18928303 46.630
 121  87.801205  64.917614     9.382     9.343  7 55858.10491823 52.286
 122  87.801666  64.920324     8.313     8.316  7 55868.02056495 45.114
 123  87.802387  64.922757    10.474    10.469  8 55877.93621694 39.380
 124  87.801978  64.923100    12.405    12.894  8 55887.85186220 30.575
 125  87.800186  64.921891    16.355    16.878  7 55897.76750151 23.647
 126  87.800992  64.920878    17.996    18.196  7 55907.68313606 21.024
 127  87.800564  64.921311    17.975    17.864  7 55917.59878323 20.397
 128  87.802127  64.922470    18.471    18.519  8 55927.51443674 18.742
 129  87.801952  64.922426    18.551    18.589  7 55937.43008657 18.188
 130  87.800569  64.920705    18.791    18.491  7 55947.34573124 17.225
 131  87.801527  64.918952    19.471    19.487  8 55957.26137156 17.018
 132  87.800235  64.917869    18.939    18.265  8 55967.17700918 16.726
 133  87.800572  64.918585    18.831    18.554  8 55977.09264613 17.276
 134  87.800569  64.919622    18.486    18.210  7 55987.00828237 16.984
 135  87.799941  64.919807    18.637    18.514  7 55996.92392035 16.899
 136  87.802061  64.919705    18.644    18.559  8 56006.83957194 16.238
 137  87.800484  64.918451    18.378    18.375  7 56016.75521902 15.024
 138  87.802039  64.918717    18.713    18.759  7 56026.67086359 13.572
 139  87.800767  64.919849    16.402    16.564  8 56036.58650633 11.399
 140  87.801330  64.921569    10.395    10.490  7 56046.50214732 25.573
 141  87.802700  64.922721    12.148    12.120  8 56056.41778554 31.078
 142  87.803000  64.922470    19.217    19.240  8 56066.33341935 32.524
 143  87.800574  64.921905    18.338    18.352  7 56076.24906640 51.291
 144  87.802941  64.922469    16.717    16.740  7 56086.16471578 41.407
 145  87.801936  64.922459    24.557    24.751  8 56096.08036238 24.055
 146  87.800800  64.922013    22.327    20.279  8 56105.99600681 23.994
 147  87.800921  64.920893    10.875     8.525  8 56115.91163684 30.611
 148  87.800228  64.919445    19.529    19.326  7 56125.82727462 24.955
 149  87.802085  64.918368    11.131    12.284  8 56135.74290871 34.340
 150  87.801669  64.918338     8.898     7.967  8 56145.65855115 46.546
 151  87.801601  64.919271    22.213    22.552  8 56155.57420101 27.786
 152  87.800428  64.920101    20.505    20.352  7 56165.48984979 21.942
 153  87.800158  64.920272     7.791     7.719  7 56175.40549639 41.115
 154  87.801380  64.919849    21.353    20.359  8 56185.32113800 17.964
 155  87.802389  64.919111     9.112     7.055  7 56195.23677576 31.136
 156  87.802002  64.919087    21.817    20.819  7 56205.15241047 19.798
 157  87.800567  64.919863    14.272    12.705  7 56215.06804363 28.710
 158  87.803040  64.921582     7.128     7.090  7 56224.98368150 45.760
 159  87.802374  64.922540    13.867    13.674  8 56234.89933709 28.086
 160  87.800886  64.922397    15.967    16.225  8 56244.81498861 24.800
 161  87.800362  64.922088    16.968    17.381  8 56254.73063522 22.692
 162  87.802211  64.922576    17.086    17.116  7 56264.64627802 21.969
 163  87.801227  64.922709    17.007    17.039  8 56274.56191880 20.391
 164  87.801605  64.922232    17.172    17.064  8 56284.47756360 19.003
 165  87.802462  64.920975    17.162    17.367  8 56294.39321467 17.653
 166  87.801189  64.919138    17.464    17.398  8 56304.30886122 17.670
 167  87.802503  64.918930    17.154    17.376  8 56314.22450423 16.405
 168  87.799971  64.919639    17.584    17.624  7 56324.14014488 15.662
 169  87.800750  64.920967    17.386    17.605  8 56334.05578516 15.688
 170  87.802745  64.921106    17.917    17.857  7 56343.97142476 14.541
 171  87.800797  64.919544    17.814    17.754  8 56353.88706159 14.652
 172  87.802554  64.918776    17.528    17.604  7 56363.80270513 15.026
 173  87.801013  64.919067    17.952    17.981  7 56373.71835396 15.030
 175  87.800558  64.922697    18.735    19.403  8 56393.54964440 14.168
 176  87.802941  64.923667    25.435    24.440  7 56403.46528701 13.115
 177  87.801565  64.923056     9.594     9.609  7 56413.38092628 47.272
 178  87.803001  64.921956    19.387    19.411  7 56423.29656080 37.185
 179  87.801928  64.921677    20.999    21.044  7 56433.21220427 33.558
 180  87.802007  64.922625    18.098    18.051  8 56443.12785670 29.219
 181  87.802120  64.923576    20.112    20.364  8 56453.04350657 26.103
 182  87.802608  64.922989    12.469    12.437  8 56462.95915373 51.293
 183  87.801969  64.921002    22.133    21.048  8 56472.87479737 25.571
 184  87.802393  64.918947    21.996    20.715  7 56482.79043768 17.112
 185  87.801112  64.918252     9.237     9.340  7 56492.70607443 38.341
 186  87.800883  64.919206     8.478     8.395  7 56502.62170899 44.618
 187  87.802381  64.920586    21.253    20.154  8 56512.53734217 21.379
 188  87.800297  64.920703     9.378     8.364  8 56522.45298979 48.477
 189  87.801166  64.920026    10.434     9.495  8 56532.36864235 28.863
 191  87.801625  64.919261    13.775    14.314  8 56552.19993601 26.853
 192  87.800649  64.921135    18.801    18.903  7 56562.11557875 23.751
 193  87.801234  64.923422     8.915     8.873  7 56572.03122046 43.803
 194  87.803160  64.924518     7.879     7.891  8 56581.94686039 32.279
 195  87.802126  64.922919     7.880     7.858  7 56591.86249556 42.005
 196  87.801279  64.921470    11.057    11.011  7 56601.77814503 37.588
 197  87.800800  64.921102    11.392    11.106  8 56611.69379462 26.830
 198  87.800810  64.922184    15.024    15.360  8 56621.60943988 18.035
 199  87.801597  64.923234    14.480    14.816  8 56631.52508225 18.922
 200  87.802628  64.922610    13.894    14.030  7 56641.44072051 18.626
 201  87.801580  64.920305    17.751    17.782  7 56651.35636855 16.792
 202  87.799705  64.918120    16.911    16.933  7 56661.27201842 17.579
 203  87.802180  64.918317    17.029    16.371  7 56671.18766563 16.694
 204  87.802649  64.920525    14.944    15.741  7 56681.10331083 17.333
 205  87.800855  64.922121    14.587    14.389  8 56691.01895385 15.557
 206  87.801051  64.922194    14.177    14.389  8 56700.93459336 16.182
 207  87.801997  64.920270    16.337    16.432  7 56710.85022802 15.996
 208  87.801895  64.919017    18.020    17.925  7 56720.76587121 14.078
 209  87.802505  64.919839    26.693    19.117  8 56730.68152319 12.044
 210  87.803050  64.922459    19.268    16.902  7 56740.59717151 13.486
 211  87.801628  64.924594    19.487    18.567  8 56750.51281545 11.881
 212  87.800919  64.924901    14.975    15.279  8 56760.42845439 10.904
 213  87.802718  64.923429    12.079    10.885  7 56770.34408692 23.171
 214  87.800515  64.921800    13.456    13.439  7 56780.25973897 25.596
 215  87.802495  64.921821    19.534    19.587  8 56790.17539432 34.248
 216  87.801779  64.922711    19.937    19.972  8 56800.09104623 36.094
 217  87.801027  64.923727    17.574    17.584  8 56810.00669152 50.975
 218  87.801454  64.923439    18.129    18.184  7 56819.92233175 24.347
 219  87.802126  64.921362    17.105    17.013  8 56829.83796798 53.547
 220  87.802349  64.918621    21.229    20.139  7 56839.75360093 23.243
 221  87.801190  64.917427    10.159    10.087  8 56849.66923440 51.876
 222  87.801251  64.919491    10.224     9.308  8 56859.58488909 54.557
 223  87.800791  64.921960     9.392     9.404  7 56869.50054288 49.005
 224  87.800443  64.922873    12.352    10.247  8 56879.41619418 35.472
 225  87.800267  64.921973    22.558    20.130  8 56889.33184187 23.729
 226  87.802418  64.920912    24.422    24.523  7 56899.24748700 22.383
 227  87.802382  64.921237    14.254    14.433  7 56909.16312971 30.894
 228  87.801236  64.922903    24.973    25.540  8 56919.07877056 24.814
 229  87.804641  64.925220    13.053    12.329  8 56928.99440979 38.602
 230  87.802300  64.924975     9.310     9.308  7 56938.91004387 53.233
 231  87.801039  64.923138     8.861     8.758  8 56948.82567851 52.269
 232  87.802748  64.921972     8.207     8.188  7 56958.74133142 40.935
 233  87.802566  64.921336    15.241    13.786  7 56968.65697901 22.937
 234  87.803056  64.921821    15.086    15.357  7 56978.57262285 17.410
 235  87.802956  64.922347    17.552    17.079  7 56988.48826220 14.433
 236  87.801128  64.921330    17.405    17.281  8 56998.40389511 14.312
 237  87.802160  64.920352    18.483    18.408  8 57008.31954484 12.679
 238  87.801503  64.919064    18.947    18.918  7 57018.23519779 16.858
 239  87.801840  64.919014    19.524    17.899  8 57028.15084764 13.479
 240  87.802843  64.920548    18.203    18.036  7 57038.06649591 12.446
 241  87.802381  64.921987    18.395    18.584  8 57047.98214155 12.339
 242  87.803070  64.922548    18.266    18.263  7 57057.89778342 12.089
 243  87.801555  64.921354    18.706    18.958  8 57067.81341939 13.934
 244  87.800655  64.920287    25.291    25.779  7 57077.72905115 11.571
 245  87.802068  64.920409    19.902    18.362  8 57087.64468406 12.233
 246  87.801716  64.922555    18.719    18.702  8 57097.56034285 12.362
 247  87.803322  64.924679    19.053    18.964  7 57107.47599892 11.099
 248  87.802270  64.924871    17.758    17.555  7 57117.39164966 13.455
 249  87.802539  64.923815    21.025    20.537  8 57127.30729423  5.619
 250  87.802145  64.922325    10.476    10.486  7 57137.22293325 22.486
 251  87.802321  64.921423    14.181    14.248  7 57147.13856832 27.859
 252  87.800558  64.920807    18.611    18.679  8 57157.05420077 53.772
 253  87.802294  64.921167    22.309    22.293  7 57166.96984561 46.903
 254  87.800889  64.921122    21.719    21.679  7 57176.88550186 41.693
 255  87.800698  64.920406    17.149    17.155  7 57186.80115419 53.064
 256  87.799969  64.919655    13.719    13.666  7 57196.71680234 30.100
 257  87.801238  64.919976    20.139    20.175  7 57206.63243715 20.325
 258  87.799972  64.920785     9.647     9.564  7 57216.54808210 53.027
 259  87.801599  64.921797     9.348     9.369  7 57226.46372618 51.000
 260  87.800293  64.921733    21.684    20.352  7 57236.37936787 23.539
 261  87.801932  64.921495     9.279     9.305  8 57246.29500633 32.733
 262  87.803012  64.921366    24.685    24.703  7 57256.21064215 17.870
 263  87.800472  64.921669    24.935    25.409  8 57266.12627641 23.567
 264  87.802251  64.923074    23.145    24.659  7 57276.04192073 19.974
 265  87.800631  64.923762    21.244    20.212  8 57285.95757749 26.016
 266  87.802635  64.923657    17.384    18.286  8 57295.87323162 26.035
 267  87.802578  64.922770    16.792    18.761  8 57305.78888188 26.945
 268  87.802087  64.922226     9.156     9.123  8 57315.70452829 50.166
 269  87.800409  64.922169     8.569     8.570  7 57325.62017142 46.937
 270  87.801987  64.922473     8.887     8.924  7 57335.53581290 44.429
 271  87.801385  64.922044     9.016     8.996  8 57345.45145935 36.712
 272  87.800794  64.920981     9.339     8.757  8 57355.36710686 29.796
 273  87.800827  64.920033    15.242    14.492  7 57365.28275055 22.890
 274  87.801751  64.919800    13.745    12.140  8 57375.19839095 23.103
 275  87.800488  64.920206    10.689    10.239  7 57385.11402932 23.015
 276  87.800513  64.920739    11.530    12.071  8 57395.02966731 22.370
 277  87.802125  64.921019    15.681    15.310  7 57404.94530448 19.017
 278  87.801188  64.920733    16.879    16.684  7 57414.86095224 17.802
 279  87.801493  64.921035    17.734    17.873  8 57424.77660364 15.995
 280  87.801771  64.922122    18.021    18.224  7 57434.69225216 15.670
 281  87.802201  64.923885    17.136    17.189  8 57444.60789900 16.716
 282  87.804716  64.925349    18.286    18.267  8 57454.52354532 15.952
 283  87.802550  64.924797    18.844    18.816  7 57464.43918924 14.120
 284  87.802687  64.922864    27.078    28.121  8 57474.35482954 12.741
 286  87.802400  64.920270    13.022    13.070  7 57494.18610012 15.048
 287  87.801164  64.920694    10.306    10.291  8 57504.10173203 24.838
 288  87.801371  64.921863    13.204    13.211  8 57514.01738666 22.835
 289  87.802121  64.921594    14.749    14.769  7 57523.93304117 22.821
 290  87.800968  64.919900    19.170    18.877  7 57533.84869311 24.665
 291  87.802855  64.919102    17.772    17.774  7 57543.76434231 54.474
 292  87.801138  64.919445    17.531    17.162  8 57553.67998873 34.281
 293  87.800179  64.921008    15.791    16.322  7 57563.59563381 25.465
 294  87.802179  64.922568     9.468     9.443  7 57573.51127866 52.751
 295  87.801722  64.922396     9.012     9.002  8 57583.42692292 47.452
 296  87.801042  64.921423    19.755    19.506  8 57593.34256519 26.303
 297  87.800618  64.920981    21.190    20.132  7 57603.25820518 22.123
