# NaN NaN NaN ;Mean Elev.(m), Avg Gradient(m/km), RMS Gradient(m/km) - SRTM1     
#   -6.994   0.232   2.943 ;Mean Elev.(m), Avg Gradient(m/km), RMS Gradient(m/km) - ASTER GDEM
#    1.012  -0.883   2.810 ;Mean Elev.(m), Avg Gradient(m/km), RMS Gradient(m/km) - GMTED2010 
   1  87.666750  66.080301     6.739     6.556  8 54663.31034761 31.802
   2  87.631064  66.080089     6.090     6.085 19 54673.22598929 47.698
   3  87.627310  66.081250   -13.440   -13.636 19 54683.14163247 10.511
   4  87.627125  66.081851     6.686     6.695 20 54693.05727468 54.461
   5  87.627774  66.081106   -19.316   -21.241 19 54702.97291446 26.084
   6  87.632090  66.079318    11.801    10.708 18 54712.88856396 24.588
   7  87.637702  66.077832    -9.421    -9.369 17 54722.80421530 14.881
   8  87.635454  66.077210    27.924    31.319 17 54732.71986349 21.727
   9  87.634884  66.078174    26.171    25.919 17 54742.63551032 22.606
  10  87.632911  66.078972    16.720    16.734 18 54752.55115680 23.429
  11  87.631946  66.078727    15.121    15.669 18 54762.46680303 28.832
  12  87.638439  66.077430     4.239     4.248 17 54772.38244743 46.300
  13  87.637920  66.076211     5.231     5.257 16 54782.29808826 30.919
  14  87.640170  66.076248     4.960     4.320 16 54792.21372690 27.557
  15  87.636629  66.077550     8.784     8.230 17 54802.12936394 24.288
  16  87.632692  66.078705    17.028    22.438 18 54812.04500081 22.081
  17  87.629300  66.079081     7.437     6.516 18 54821.96064235 20.552
  18  87.632591  66.078784     8.074     8.209 18 54831.87629469 23.730
  19  87.633263  66.078951     4.543     4.536 18 54841.79193338 22.321
  20  87.629292  66.080067    10.898    12.358 18 54851.70758198 20.651
  21  87.627437  66.081719    11.236    13.254 20 54861.62323043 20.564
  22  87.625551  66.082442    25.217    25.821 20 54871.53887889 18.575
  23  87.627140  66.081229    27.857    28.514 19 54881.45452596 18.036
  24  87.634091  66.078797    28.365    29.389 18 54891.37017023 17.841
  25  87.638796  66.076808    28.979    30.078 16 54901.28581139 17.827
  26  87.636045  66.076905    28.559    30.065 16 54911.20145014 17.650
  27  87.634483  66.078494     6.356     5.887 18 54921.11708788 20.474
  28  87.630458  66.079440     4.745     4.617 18 54931.03272480 20.394
  29  87.632330  66.078569    23.662    24.048 17 54940.94836085 14.346
  30  87.638622  66.076723     6.291     5.459 17 54950.86399564 25.855
  31  87.647396  66.075581     8.222     8.150 14 54960.77963686 24.925
  32  87.637430  66.076046    11.477    11.488 16 54970.69528460 33.302
  33  87.635837  66.077863    17.262    17.289 17 54980.61093196 32.899
  34  87.634083  66.079406    17.848    17.739 18 54990.52657903 33.233
  35  87.631767  66.079510    16.443    16.543 19 55000.44222582 26.164
  36  87.629534  66.079183    28.318    28.886 18 55010.35787084 19.692
  37  87.630534  66.078982     7.039     7.058 18 55020.27351457 35.016
  38  87.630009  66.079960    15.420    16.453 18 55030.18915698 21.510
  39  87.628868  66.081271    22.614    23.831 19 55040.10479870 19.300
  40  87.628243  66.081899    15.729    16.345 20 55050.02043907 21.280
  41  87.625918  66.080486     4.295     4.293 19 55059.93607712 43.808
  42  87.633913  66.078104     4.673     3.925 18 55069.85171834 38.774
  43  87.638976  66.076129     3.983     3.961 15 55079.76736819 45.178
  44  87.641511  66.076219    22.695    23.347 16 55089.68301591 23.445
  45  87.636865  66.077862    21.422    18.252 17 55099.59866185 21.962
  46  87.633610  66.079482    19.922    18.586 18 55109.51430742 21.699
  47  87.634111  66.079138    22.128    23.403 18 55119.42995188 23.138
  48  87.637176  66.077057     4.073     4.098 17 55129.34559404 49.131
  49  87.647147  66.075440     7.619     4.842 14 55139.26123479 36.315
  50  87.639389  66.075549    20.038    23.951 16 55149.17687271 26.056
  51  87.633733  66.077630    32.818    32.537 17 55159.09251049 21.789
  52  87.632560  66.079639    29.340    31.374 18 55169.00814835 19.853
  53  87.629027  66.080017    23.686    25.128 19 55178.92378499 18.896
  54  87.630152  66.079184    21.405    22.672 18 55188.83943094 18.207
  55  87.635108  66.079097    22.855    23.766 18 55198.75508201 17.755
  56  87.631699  66.079894    23.096    24.446 19 55208.67073146 17.442
  57  87.628856  66.081215    28.295    29.771 19 55218.58638046 16.217
  58  87.627931  66.081378    29.012    30.155 20 55228.50202883 15.598
  59  87.630457  66.080076    30.806    30.788 19 55238.41767445 15.645
  60  87.632496  66.077674    30.882    31.006 17 55248.33331644 15.380
  61  87.641767  66.076269    31.562    31.679 16 55258.24895670 15.073
  62  87.637032  66.076291    27.493    28.972 16 55268.16459492 15.207
  63  87.632226  66.077750    29.709    30.168 17 55278.08023280 15.349
  64  87.633347  66.078844    25.978    26.198 18 55287.99586996 16.645
  65  87.634760  66.078474    27.307    29.480 18 55297.91150474 16.639
  66  87.637095  66.076742    13.201    14.815 16 55307.82714719 16.043
  67  87.648414  66.075789    22.257    21.420 14 55317.74279456 13.553
  68  87.639352  66.075928     5.841     5.834 15 55327.65843899 26.749
  69  87.637765  66.077846    10.818    10.857 17 55337.57408338 31.434
  70  87.629091  66.079485    17.560    17.548 18 55347.48972666 54.581
  71  87.628266  66.080149    18.371    16.893 19 55357.40536901 28.739
  72  87.629242  66.079898    30.868    30.420 18 55367.32100947 20.509
  73  87.630192  66.079495    24.791    23.997 18 55377.23664846 19.323
  74  87.631199  66.079766     6.719     6.699 19 55387.15228661 52.280
  75  87.629254  66.080237    28.825    29.414 18 55397.06792358 18.128
  76  87.629069  66.080204    36.386    36.802 19 55406.98356635 17.766
  77  87.632546  66.079190    20.778    21.913 18 55416.89921779 20.728
  78  87.636418  66.077360    12.098    11.344 17 55426.81486584 25.651
  79  87.636241  66.076130    35.249    37.542 16 55436.73051084 22.273
  80  87.636981  66.076416    26.260    26.804 16 55446.64615465 20.494
  81  87.635707  66.077604    11.605    11.962 17 55456.56179780 26.569
  82  87.633565  66.078558    32.945    35.490 17 55466.47744018 18.815
  83  87.633880  66.078160    17.126    16.979 18 55476.39307962 24.498
  84  87.637708  66.076850    15.461    16.947 16 55486.30871618 28.303
  85  87.641885  66.075787    11.547    12.495 16 55496.22435061 44.222
  86  87.637483  66.076261     3.690     3.635 16 55506.13998548 30.547
  87  87.636903  66.078011     4.990     4.954 17 55516.05563597 49.223
  88  87.628961  66.079464     4.902     4.889 18 55525.97128487 36.882
  89  87.629281  66.080121     4.414     4.440 19 55535.88693250 31.156
  90  87.631084  66.080023     5.590     4.911 19 55545.80257813 25.223
  91  87.629777  66.079964     8.116     8.698 19 55555.71822165 24.917
  92  87.627456  66.080294     8.433     8.814 19 55565.63386418 24.063
  93  87.626831  66.080295    10.547    10.760 19 55575.54950625 22.694
  94  87.632627  66.079433     9.768     9.491 18 55585.46514719 22.822
  95  87.633564  66.077820    12.680    13.268 17 55595.38078437 21.929
  96  87.638379  66.076697    14.840    15.867 17 55605.29641871 21.482
  97  87.638228  66.076395    15.265    15.888 17 55615.21205051 21.164
  98  87.638089  66.077090    17.007    15.782 17 55625.12769080 19.176
  99  87.635017  66.077671    13.931    14.078 17 55635.04334283 19.488
 100  87.638037  66.077825     9.643     9.335 17 55644.95899324 20.796
 101  87.638461  66.077274    11.420    13.524 17 55654.87464061 20.342
 102  87.635808  66.076517    12.794    13.042 16 55664.79028316 21.050
 103  87.638429  66.076590     5.099     5.072 17 55674.70592325 44.470
 104  87.634749  66.077349    13.008    12.996 17 55684.62156116 54.511
 105  87.634462  66.078570    17.442    17.401 17 55694.53719819 56.250
 106  87.631249  66.079373    23.684    23.917 18 55704.45283359 27.031
 107  87.630488  66.079634    20.746    20.849 18 55714.36848007 22.443
 108  87.630842  66.079775     7.717     7.723 19 55724.28412916 50.122
 109  87.630055  66.080149    29.935    30.693 18 55734.19977621 17.372
 110  87.627785  66.080521    16.207    16.707 19 55744.11542186 21.237
 111  87.631182  66.080337    27.962    28.743 19 55754.03106650 16.832
 112  87.633052  66.078901    12.842    15.656 17 55763.94670869 24.257
 113  87.634596  66.077083     7.105     5.765 17 55773.86234805 38.340
 114  87.637194  66.075975    17.421    17.154 16 55783.77798415 23.587
 115  87.636867  66.076547     5.877     5.896 16 55793.69361760 51.374
 116  87.637628  66.077835     6.318     6.335 17 55803.60925378 45.381
 117  87.632810  66.078358     6.293     6.318 17 55813.52490307 46.264
 118  87.632262  66.077624     5.302     5.308 17 55823.44055079 38.928
 119  87.637793  66.076536    21.810    17.634 17 55833.35619433 23.631
 120  87.639235  66.075985    23.714    23.202 16 55843.27183332 20.860
 121  87.637157  66.076705    25.207    25.564 17 55853.18746896 19.847
 122  87.634809  66.078371     5.626     4.443 18 55863.10310481 41.097
 123  87.628945  66.079550     4.756     4.755 18 55873.01875835 41.365
 124  87.631207  66.079847     6.723     4.610 19 55882.93440753 33.328
 125  87.630660  66.079498    21.233    21.716 18 55892.85005007 24.619
 126  87.628817  66.079285    16.814    15.950 18 55902.76568688 23.296
 127  87.629553  66.079914    15.612    15.715 19 55912.68132336 24.452
 128  87.627085  66.080664    15.337    15.456 19 55922.59697742 24.604
 129  87.629008  66.080416    14.125    15.504 18 55932.51262902 24.994
 130  87.632965  66.078597    11.065    15.340 18 55942.42827652 26.978
 131  87.638142  66.076430    14.035    15.310 17 55952.34391977 25.933
 132  87.638093  66.075596    17.308    16.501 16 55962.25955915 21.165
 133  87.636211  66.076676    11.012    10.182 16 55972.17519633 27.214
 134  87.633911  66.078477     3.990     3.988 18 55982.09083222 30.703
 135  87.630287  66.078781     5.194     3.997 18 55992.00646643 29.632
 136  87.633967  66.077817    11.892    11.075 17 56001.92211399 26.632
 137  87.640375  66.076267    13.426    15.298 16 56011.83776445 25.504
 138  87.640428  66.075890    18.137    22.039 16 56021.75341071 12.890
 139  87.635504  66.077172     6.713     4.096 17 56031.66905369 16.230
 140  87.629608  66.079279    23.222    24.493 18 56041.58469454 13.484
 141  87.628725  66.080561     4.855     4.834 18 56051.50033348 49.025
 142  87.629345  66.080456    15.009    15.555 18 56061.41596976 26.703
 143  87.632381  66.079395    16.738    16.571 18 56071.33160850 30.867
 144  87.629961  66.078976    24.551    25.870 18 56081.24725887 25.637
 145  87.631094  66.079714    10.883    10.868 18 56091.16290695 55.935
 146  87.629386  66.080745    31.119    32.905 19 56101.07855239 19.037
 147  87.629933  66.080457     4.814     4.740 19 56110.99418380 35.403
 148  87.632774  66.078557    15.553    16.690 17 56120.90982364 21.972
 149  87.637605  66.076176     3.676     3.534 16 56130.82545995 55.645
 150  87.646946  66.075418    18.445    17.228 14 56140.74109492 24.906
 151  87.639818  66.076679    16.037    16.746 16 56150.65674528 23.501
 152  87.632075  66.078678     2.930     2.948 17 56160.57239373 39.670
 153  87.631427  66.079538     2.912     2.910 19 56170.48804119 42.894
 154  87.633209  66.078310    20.418    17.058 18 56180.40368489 21.139
 155  87.637599  66.076547    19.517    17.498 16 56190.31932483 21.404
 156  87.638865  66.075912    14.588    15.602 15 56200.23496159 26.017
 157  87.633710  66.077328    17.056    17.047 17 56210.15059536 23.039
 158  87.631559  66.079641     2.540     2.590 18 56220.06622757 40.802
 159  87.626716  66.081148     3.088     3.079 19 56229.98187671 38.890
 160  87.627473  66.080846    31.348    35.084 19 56239.89753006 27.267
 161  87.631840  66.079924    34.240    34.951 18 56249.81317980 25.006
 162  87.629201  66.078968    34.421    34.436 18 56259.72882409 23.320
 163  87.631919  66.079490    35.085    35.122 19 56269.64446625 19.568
 164  87.629203  66.080021    35.296    35.179 18 56279.56010618 19.055
 165  87.629828  66.080182    35.163    35.119 18 56289.47575709 18.865
 166  87.634723  66.078703    30.344    30.598 18 56299.39140588 18.867
 167  87.639791  66.076689    25.919    28.007 16 56309.30705069 19.558
 168  87.640288  66.075669    28.714    28.635 15 56319.22269269 16.807
 169  87.636720  66.076798    30.171    30.070 17 56329.13833338 16.599
 170  87.632279  66.078638    31.614    31.649 18 56339.05397315 16.604
 171  87.629486  66.079500    31.330    32.495 18 56348.96961098 17.292
 172  87.634851  66.078534    33.560    33.517 18 56358.88524682 15.647
 173  87.638018  66.076945    32.183    32.341 16 56368.80089770 15.795
 175  87.634618  66.078149    30.292    30.541 17 56388.63219058 15.496
 176  87.631885  66.080461    30.699    31.781 19 56398.54783376 15.813
 177  87.625893  66.081617     9.182     6.152 20 56408.46347417 14.598
 178  87.628427  66.081223     5.310     4.687 20 56418.37911108 29.587
 179  87.630822  66.079853    17.700    17.675 18 56428.29474392 46.990
 180  87.631878  66.079202    18.811    18.805 19 56438.21039788 52.741
 181  87.628982  66.079332    13.561    13.560 18 56448.12604890 57.151
 182  87.631448  66.080012    23.106    24.246 18 56458.04169821 18.119
 183  87.632910  66.079674    14.509    16.478 18 56467.95734413 22.127
 184  87.632970  66.078423    12.946    15.965 18 56477.87298586 23.139
 185  87.636049  66.076855     4.780     4.838 16 56487.78862405 35.023
 186  87.638425  66.076408     4.315     4.282 16 56497.70425964 52.482
 187  87.635218  66.076997     3.998     3.483 17 56507.61989352 39.317
 188  87.635189  66.078403    13.649    15.112 17 56517.53553084 23.565
 189  87.632496  66.079032    17.426    16.502 17 56527.45118491 22.048
 190  87.632308  66.078633    20.941    22.035 18 56537.36683494 20.349
 192  87.632416  66.077607    22.823    23.840 17 56557.19812458 19.039
 193  87.633207  66.078813    16.569    16.710 17 56567.11376723 27.035
 194  87.626551  66.080443     3.720     3.600 19 56577.02940786 38.003
 195  87.627026  66.081401     3.491     3.492 19 56586.94504567 52.877
 196  87.627929  66.081057     4.559     4.524 20 56596.86068576 46.553
 197  87.627678  66.080065     5.093     5.082 19 56606.77633759 23.670
 198  87.631698  66.079534     4.972     4.978 19 56616.69198493 21.822
 199  87.631897  66.079427    11.123    10.254 19 56626.60762848 22.871
 200  87.633708  66.079461     4.607     4.295 18 56636.52326942 22.177
 201  87.632693  66.078877     4.762     4.117 17 56646.43890989 22.884
 202  87.632368  66.077939     6.393     3.663 17 56656.35456211 23.486
 203  87.636032  66.077032    16.314    16.389 16 56666.27021035 20.473
 204  87.635873  66.077058    23.223    21.225 16 56676.18585561 16.869
 205  87.634410  66.077886    19.064    15.553 17 56686.10149967 17.093
 206  87.634477  66.078806    11.654    10.821 18 56696.01714188 17.069
 207  87.630278  66.078789    12.905    13.438 18 56705.93277913 17.354
 208  87.633340  66.078229    11.566    12.377 17 56715.84841197 18.385
 209  87.632941  66.078004    34.813    35.131 17 56725.76406540 11.443
 210  87.631340  66.078680     7.449     8.053 18 56735.67971477 20.388
 211  87.629746  66.080214     7.632     7.698 19 56745.59536079 19.269
 212  87.626544  66.081169     9.561     6.131 20 56755.51100239 14.828
 213  87.628731  66.081180     3.937     4.019 19 56765.42663882 20.777
 214  87.627066  66.080279     5.142     5.163 19 56775.34227753 23.305
 215  87.628952  66.079986     7.789     7.869 19 56785.25793445 41.386
 216  87.629929  66.080130    18.247    18.236 19 56795.17358765 30.412
 217  87.629363  66.080236    16.480    16.250 18 56805.08923675 27.768
 218  87.631332  66.079625    13.085    13.075 18 56815.00487916 48.047
 219  87.633464  66.078360    13.950    13.961 18 56824.92051810 32.226
 220  87.635820  66.077260    46.125    47.408 16 56834.83615326 23.637
 221  87.636560  66.077108    13.830    13.182 17 56844.75178493 24.464
 222  87.636484  66.077937     4.842     4.688 17 56854.66743002 31.739
 223  87.634678  66.078832    12.506    12.763 18 56864.58308355 24.814
 224  87.634846  66.079054    28.473    29.102 18 56874.49873653 18.315
 225  87.632651  66.078685    15.139    16.460 18 56884.41438613 23.179
 226  87.634985  66.078392    25.951    26.419 17 56894.33003301 22.089
 227  87.633459  66.078722    31.004    31.575 18 56904.24567635 19.659
 228  87.631398  66.079958    36.015    37.117 19 56914.16131759 17.201
 229  87.628082  66.081163    23.642    17.289 19 56924.07695697 20.462
 230  87.625788  66.081580     4.975     4.966 20 56933.99259379 48.958
 231  87.625394  66.080826     6.038     4.382 19 56943.90822547 32.318
 232  87.630176  66.079798     4.032     4.007 18 56953.82387333 49.373
 233  87.631491  66.079273     4.838     4.821 18 56963.73952359 39.136
 234  87.631921  66.079753    11.498    15.099 19 56973.65516904 25.447
 235  87.627283  66.080187     4.713     4.729 19 56983.57080970 27.404
 236  87.630442  66.079689     4.267     4.256 19 56993.48644624 22.941
 237  87.634241  66.077934     4.037     4.055 18 57003.40208358 22.766
 238  87.640323  66.076647    16.197    16.241 16 57013.31774061 22.865
 239  87.638208  66.076567     7.235     7.956 16 57023.23339160 22.820
 240  87.635653  66.078250    34.225    34.138 17 57033.14903997 16.116
 241  87.629079  66.079605    10.204     9.737 18 57043.06468569 20.255
 242  87.630295  66.079797    22.914    23.255 19 57052.98032975 18.564
 243  87.631411  66.078533    20.428    16.208 18 57062.89596931 17.949
 244  87.636191  66.077740    18.076    16.324 17 57072.81160403 17.305
 245  87.635253  66.078312     6.613     4.228 18 57082.72723437 21.969
 246  87.628902  66.080247     5.758     5.112 18 57092.64288113 20.899
 247  87.622877  66.082039    16.676    14.622 20 57102.55853773 17.205
 248  87.622426  66.082197    10.594     6.008 20 57112.47419119 22.614
 249  87.628537  66.080797    25.333    26.979 19 57122.38983928 14.302
 250  87.633351  66.079200     6.355     6.063 18 57132.30548172 16.655
 251  87.633842  66.078797     4.972     4.923 18 57142.22111893 21.251
 252  87.631885  66.079675     8.667     8.272 18 57152.13675287 28.989
 253  87.631027  66.080308    17.295    17.273 19 57162.05238388 52.509
 254  87.631874  66.079868    18.263    18.232 18 57171.96804133 32.315
 255  87.636225  66.078160    17.168    17.170 17 57181.88369615 52.250
 256  87.638213  66.076555    10.594    10.588 16 57191.79934689 37.529
 257  87.637375  66.076689    16.005    17.137 16 57201.71499452 23.805
 258  87.633189  66.078298    22.922    23.815 17 57211.63062827 20.423
 259  87.629416  66.079925     4.865     4.852 18 57221.54627178 55.875
 260  87.628654  66.080081     6.119     4.387 19 57231.46191419 25.613
 261  87.632372  66.079248    20.362    21.021 18 57241.37755449 22.913
 262  87.635852  66.078227    29.616    28.208 17 57251.29319213 18.553
 263  87.634243  66.078632    24.189    23.702 18 57261.20882739 20.659
 264  87.629307  66.080275    30.888    32.090 18 57271.12446112 20.092
 265  87.625599  66.082158     6.110     6.114 20 57281.04011638 53.823
 266  87.625982  66.082404     5.118     5.125 20 57290.95577163 50.318
 267  87.626784  66.080836    16.412    16.640 19 57300.87142382 22.906
 268  87.632925  66.078851     3.596     3.622 17 57310.78707278 35.626
 269  87.634163  66.078078     4.513     4.482 18 57320.70271797 49.879
 270  87.631342  66.078914     5.834     5.822 18 57330.61836021 42.579
 271  87.629668  66.080313     5.348     4.827 19 57340.53400045 30.989
 272  87.627850  66.080177     4.682     3.665 19 57350.44965066 29.358
 273  87.633293  66.078435    16.074    15.105 17 57360.36529626 23.660
 274  87.640794  66.076464     9.052     8.561 16 57370.28093888 24.750
 275  87.636053  66.076139    11.214    12.338 16 57380.19657810 23.868
 276  87.634789  66.077993     9.153     8.533 18 57390.11221661 23.341
 277  87.631366  66.079903     9.835     8.106 18 57400.02785396 22.418
 278  87.627392  66.080206     9.730     7.680 19 57409.94349257 21.608
 279  87.631614  66.079295    13.876     9.121 19 57419.85914542 22.271
 280  87.635243  66.078613    11.373     9.522 18 57429.77479564 22.814
 281  87.632784  66.079226     7.732     8.548 18 57439.69044315 24.170
 282  87.626402  66.080901     8.065     5.359 19 57449.60608926 22.981
 283  87.622169  66.082139     4.511     3.889 20 57459.52173418 23.865
 284  87.627189  66.082069    27.150    29.147 20 57469.43737679 12.725
 285  87.629591  66.080341    20.738    23.384 18 57479.35301508 17.841
 286  87.634205  66.078621     7.565     5.545 18 57489.26865051 16.849
 287  87.635877  66.077902    28.195    29.768 17 57499.18428368 15.425
 288  87.633460  66.078612     8.203     4.861 18 57509.09992649 20.852
 289  87.630381  66.079418     7.243     6.969 18 57519.01558216 16.904
 290  87.631046  66.079565     8.665     8.203 18 57528.93123534 28.975
 291  87.634487  66.078364    17.397    17.604 18 57538.84688569 25.640
 292  87.636228  66.077011    15.539    15.532 17 57548.76253323 55.484
 293  87.636543  66.076735    10.361    10.392 17 57558.67817930 40.781
 294  87.634932  66.078081     5.814     5.778 17 57568.59382442 55.821
 295  87.632649  66.079687     7.454     4.026 18 57578.50946893 26.688
 296  87.630865  66.080430    18.107    18.909 19 57588.42511201 21.160
 297  87.629202  66.079956    17.620    17.913 19 57598.34075249 21.302
