-130341.897    72.132     0.00   19.56
-130056.022    70.536    -5.58   18.43
-129770.156    68.441    -7.33   16.79
-129484.299    68.980     1.89   15.64
-129198.452    69.277     1.04   14.24
-128912.615    70.929     5.78   13.12
-128626.787    72.913     6.94   11.84
-128340.969    74.913     7.00   10.64
-128055.160    77.640     9.54   10.20
-127769.361    80.452     9.84    9.94
-127483.572    84.017    12.47   10.02
-127197.792    87.570    12.44    9.78
-126912.022    91.203    12.71    8.28
-126626.261    94.452    11.37    6.28
-126340.510    96.548     7.34    5.36
-126054.768    97.539     3.47    5.23
-125769.036    98.171     2.21    5.30
-125483.314    98.777     2.12    5.77
-125197.601   100.341     5.48    6.32
-124911.897   101.596     4.39    6.40
-124626.204   103.460     6.52    6.44
-124340.519   105.284     6.39    6.42
-124054.845   106.471     4.15    6.08
-123769.180   106.684     0.75    6.35
-123483.524   106.188    -1.73    7.36
-123197.878   104.862    -4.64    9.17
-122912.242   104.570    -1.03   10.11
-122626.615   105.407     2.93   10.27
-122340.998   107.097     5.92   10.13
-122055.390   108.929     6.42    9.95
-121769.792   111.325     8.39    9.14
-121484.203   112.748     4.98    7.69
-121198.624   113.110     1.27    6.55
-120913.054   112.803    -1.08    6.02
-120627.494   112.384    -1.47    6.55
-120341.944   112.825     1.54    6.95
-120056.403   112.848     0.08    7.21
-119770.872   113.089     0.84    7.53
-119485.350   114.295     4.23    7.68
-119199.837   115.741     5.06    7.31
-118914.335   116.499     2.66    6.94
-118628.841   117.381     3.09    6.81
-118343.358   118.041     2.31    6.40
-118057.884   118.817     2.72    5.82
-117772.419   119.942     3.94    5.04
-117486.630   120.144     0.71    4.35
-117199.021   120.610     1.62    4.32
-116911.422   120.941     1.15    4.57
-116623.834   121.526     2.04    4.98
-116336.256   122.059     1.85    5.43
-116048.688   121.855    -0.71    5.60
-115761.132   121.591    -0.92    5.48
-115473.585   121.977     1.34    5.84
-115186.049   122.746     2.67    5.69
-114898.524   123.920     4.09    6.56
-114611.009   124.991     3.72    7.14
-114323.504   125.526     1.86    7.06
-114036.011   124.927    -2.08    7.77
-113748.527   123.623    -4.54    7.53
-113461.054   121.175    -8.52    8.33
-113173.591   117.841   -11.60    8.17
-112886.139   115.070    -9.64    7.25
-112598.698   111.906   -11.01    8.44
-112311.267   109.638    -7.89    9.16
-112023.846   106.465   -11.04    9.76
-111736.436   103.891    -8.96    9.63
-111449.036   103.024    -3.02    8.77
-111161.647   103.769     2.59    8.59
-110874.268   105.877     7.34    8.79
-110586.900   108.132     7.85    8.80
-110299.542   110.658     8.79    8.33
-110012.195   113.467     9.77    6.94
-109724.858   115.484     7.02    5.08
-109437.531   115.504     0.07    4.82
-109150.216   115.512     0.03    4.84
-108862.910   115.439    -0.25    4.80
-108575.615   115.474     0.12    4.65
-108288.330   115.444    -0.10    5.20
-108001.056   115.841     1.38    5.63
-107713.792   116.600     2.64    6.12
-107426.539   117.998     4.87    6.28
-107139.296   118.780     2.72    6.40
-106852.064   119.096     1.10    6.74
-106564.842   118.780    -1.10    6.33
-106277.631   118.198    -2.03    6.26
-105990.430   116.855    -4.68    6.58
-105703.239   115.819    -3.61    6.55
-105416.059   114.955    -3.01    6.98
-105128.889   114.479    -1.66    7.41
-104841.730   113.348    -3.94    8.31
-104554.581   111.862    -5.17    8.99
-104267.443   110.496    -4.76    8.56
-103980.315   109.662    -2.90    7.94
-103693.197   109.123    -1.88    6.53
-103406.090   110.600     5.14    7.47
-103118.993   112.264     5.80    8.79
-102831.907   114.564     8.01    9.61
-102544.831   116.577     7.01    9.33
-102257.766   116.730     0.53    8.00
-101970.711   116.913     0.64    7.69
-101683.666   115.848    -3.71    6.48
-101396.632   114.452    -4.87    5.33
-101109.608   113.544    -3.16    4.48
-100822.595   112.833    -2.48    3.91
-100535.592   113.691     2.99    4.70
-100248.599   115.222     5.34    5.65
 -99961.617   116.694     5.13    6.10
 -99674.646   118.441     6.09    6.36
 -99387.684   120.411     6.86    5.87
 -99100.734   122.687     7.93    5.35
 -98813.793   124.030     4.68    5.06
 -98526.863   124.056     0.09    4.75
 -98239.943   125.355     4.53    5.36
 -97953.034   126.781     4.97    5.76
 -97666.135   129.227     8.53    7.58
 -97379.247   132.030     9.77    9.52
 -97092.369   135.183    10.99   11.51
 -96805.501   139.355    14.54   12.38
 -96518.644   142.758    11.86   13.01
 -96231.797   146.592    13.37   12.62
 -95944.961   149.734    10.95   12.71
 -95658.135   151.847     7.37   13.07
 -95371.319   152.288     1.54   13.29
 -95084.514   151.729    -1.95   13.62
 -94797.719   150.659    -3.73   13.53
 -94510.934   148.534    -7.41   12.65
 -94224.160   145.965    -8.96   11.23
 -93937.396   143.575    -8.34    8.77
 -93650.643   141.802    -6.18    6.61
 -93363.900   141.781    -0.07    5.71
 -93077.167   142.733     3.32    6.07
 -92790.445   144.233     5.23    6.15
 -92503.733   145.688     5.08    6.23
 -92217.032   146.504     2.84    5.97
 -91930.340   146.551     0.16    5.50
 -91643.660   146.064    -1.70    5.02
 -91356.989   144.892    -4.09    5.34
 -91070.329   142.445    -8.54    6.36
 -90783.680   139.458   -10.42    7.30
 -90497.040   136.258   -11.16    7.67
 -90210.411   133.275   -10.40    7.14
 -89923.793   130.714    -8.94    6.35
 -89637.185   129.326    -4.84    5.54
 -89350.587   129.151    -0.61    4.75
 -89063.999   129.268     0.41    4.17
 -88777.422   129.395     0.44    3.71
 -88490.855   129.151    -0.85    4.08
 -88204.299   127.705    -5.05    5.53
 -87917.753   125.049    -9.27    7.30
 -87631.217   122.121   -10.22    9.32
 -87344.692   118.603   -12.28   10.40
 -87058.177   115.541   -10.69   10.66
 -86771.672   114.005    -5.36    9.94
 -86485.178   113.370    -2.22   10.27
 -86198.694   113.684     1.10   10.74
 -85912.220   114.352     2.33   10.38
 -85625.757   114.183    -0.59    9.88
 -85339.304   111.746    -8.51   10.81
 -85052.861   108.906    -9.92   12.08
 -84766.429   104.712   -14.64   12.82
 -84480.007   100.244   -15.60   11.69
 -84193.595    96.417   -13.36   10.78
 -83907.194    93.446   -10.37   10.08
 -83620.803    91.120    -8.12    9.53
 -83334.422    88.982    -7.47    9.21
 -83048.052    87.862    -3.91    9.34
 -82761.692    86.429    -5.00    8.41
 -82475.342    85.455    -3.40    7.46
 -82189.003    84.943    -1.79    6.22
 -81902.674    85.848     3.16    6.73
 -81616.355    87.416     5.48    8.14
 -81330.047    89.479     7.20    7.93
 -81043.749    91.308     6.39    7.00
 -80757.461    92.979     5.84    5.56
 -80471.183    94.336     4.74    4.06
 -80184.916    94.452     0.41    4.00
 -79898.659    93.810    -2.24    3.64
 -79612.413    93.252    -1.95    2.80
 -79326.177    93.978     2.53    3.23
 -79039.951    95.116     3.98    3.27
 -78753.735    95.934     2.86    3.20
 -78467.530    96.440     1.77    3.04
 -78181.335    96.438    -0.01    2.94
 -77895.150    96.862     1.48    2.80
 -77608.976    96.950     0.31    2.92
 -77322.812    96.762    -0.66    2.96
 -77036.658    96.173    -2.06    3.16
 -76750.515    94.730    -5.04    3.87
 -76464.381    93.037    -5.91    4.71
 -76178.259    90.668    -8.28    6.49
 -75892.146    86.652   -14.04    8.76
 -75606.044    81.899   -16.61   10.64
 -75319.952    76.677   -18.25   10.98
 -75033.870    71.258   -18.94   11.30
 -74747.798    65.243   -21.03   11.56
 -74461.737    59.081   -21.54   10.61
 -74175.686    53.751   -18.63   10.55
 -73889.646    48.601   -18.01    9.90
 -73603.615    44.862   -13.07    7.81
 -73317.595    42.077    -9.74    5.85
 -73031.586    39.978    -7.34    4.73
 -72745.586    38.435    -5.40    3.94
 -72459.597    37.499    -3.27    3.54
 -72173.618    37.020    -1.68    3.53
 -71887.649    36.519    -1.75    3.35
 -71601.691    36.465    -0.19    3.69
 -71315.743    37.458     3.47    4.58
 -71029.805    38.847     4.86    4.62
 -70743.877    40.265     4.96    4.26
 -70457.960    41.317     3.68    3.91
 -70172.053    41.702     1.34    3.43
 -69886.156    40.973    -2.55    4.11
 -69600.270    39.036    -6.77    5.35
 -69314.393    36.927    -7.38    5.88
 -69028.527    34.921    -7.02    5.62
 -68742.672    33.218    -5.96    4.74
 -68456.826    32.441    -2.72    3.51
 -68170.991    32.183    -0.90    2.69
 -67885.166    32.410     0.79    2.28
 -67599.351    32.362    -0.17    2.17
 -67313.547    32.177    -0.65    2.25
 -67027.752    32.348     0.60    2.44
 -66741.968    32.116    -0.81    2.49
 -66456.195    32.229     0.40    3.90
 -66170.431    32.283     0.19    4.57
 -65884.678    32.333     0.17    4.81
 -65598.935    32.300    -0.11    5.19
 -65313.202    31.779    -1.82    5.14
 -65027.479    31.555    -0.78    4.87
 -64741.767    31.370    -0.65    4.56
 -64456.065    31.344    -0.09    4.40
 -64170.373    32.280     3.28    4.51
 -63884.691    32.989     2.48    4.34
 -63599.020    33.529     1.89    4.04
 -63313.359    33.569     0.14    3.87
 -63027.708    33.161    -1.43    3.72
 -62742.067    32.680    -1.68    3.34
 -62456.437    32.421    -0.91    3.05
 -62170.817    31.668    -2.64    3.01
 -61885.207    31.173    -1.73    3.26
 -61599.607    30.967    -0.72    3.20
 -61314.017    30.611    -1.25    3.43
 -61028.438    30.591    -0.07    3.59
 -60742.869    30.300    -1.02    3.52
 -60457.310    30.340     0.14    3.59
 -60171.761    30.983     2.25    3.52
 -59886.222    31.934     3.33    3.42
 -59600.694    32.462     1.85    3.04
 -59315.176    32.643     0.63    2.95
 -59029.668    33.612     3.39    3.47
 -58744.171    34.773     4.06    3.43
 -58458.683    35.709     3.28    2.99
 -58173.206    35.765     0.20    2.83
 -57887.739    35.598    -0.58    3.03
 -57602.282    34.921    -2.37    3.68
 -57316.835    33.958    -3.37    3.75
 -57031.399    32.777    -4.14    3.61
 -56745.973    32.101    -2.37    3.43
 -56460.557    31.017    -3.80    3.46
 -56175.151    29.709    -4.58    4.76
 -55889.755    27.779    -6.76    6.25
 -55603.824    25.127    -9.28    6.94
 -55316.137    23.225    -6.61    6.46
 -55028.461    22.071    -4.01    5.41
 -54740.796    21.726    -1.20    4.84
 -54453.142    22.047     1.12    4.54
 -54165.500    22.594     1.90    4.32
 -53877.868    23.524     3.23    4.26
 -53590.248    25.084     5.42    4.56
 -53302.639    26.235     4.00    4.37
 -53015.041    27.230     3.46    3.78
 -52727.455    28.070     2.92    3.58
 -52439.879    29.092     3.55    3.66
 -52152.315    29.373     0.98    3.88
 -51864.762    28.907    -1.62    4.43
 -51577.220    27.963    -3.28    5.00
 -51289.689    28.005     0.15    4.93
 -51002.169    28.314     1.08    4.86
 -50714.661    28.548     0.81    4.56
 -50427.164    28.668     0.42    4.19
 -50139.678    28.775     0.37    3.63
 -49852.203    29.676     3.13    3.48
 -49564.739    30.412     2.56    3.31
 -49277.286    31.092     2.36    3.28
 -48989.845    31.443     1.22    3.50
 -48702.414    32.107     2.31    3.88
 -48414.995    33.414     4.55    3.56
 -48127.587    34.446     3.59    3.07
 -47840.190    34.743     1.03    3.65
 -47552.804    35.639     3.12    4.35
 -47265.430    36.767     3.92    4.66
 -46978.066    37.351     2.03    4.92
 -46690.714    37.123    -0.79    4.76
 -46403.372    36.108    -3.53    4.71
 -46116.042    35.913    -0.68    4.48
 -45828.723    36.646     2.55    4.38
 -45541.416    37.441     2.77    5.05
 -45254.119    38.112     2.34    4.67
 -44966.833    38.670     1.94    4.03
 -44679.559    39.493     2.87    3.57
 -44392.296    40.288     2.77    3.36
 -44105.043    39.848    -1.53    4.36
 -43817.802    38.667    -4.11    4.56
 -43530.572    36.791    -6.53    5.09
 -43243.354    34.973    -6.33    5.39
 -42956.146    33.973    -3.48    5.61
 -42668.949    33.186    -2.74    5.53
 -42381.764    32.441    -2.59    4.68
 -42094.590    32.702     0.91    4.73
 -41807.426    33.049     1.21    5.29
 -41520.274    34.215     4.06    5.20
 -41233.133    35.381     4.06    4.88
 -40946.003    36.131     2.61    4.64
 -40658.885    36.041    -0.31    4.48
 -40371.777    35.676    -1.27    4.93
 -40084.680    34.505    -4.08    5.39
 -39797.595    32.781    -6.00    5.36
 -39510.520    31.403    -4.80    5.22
 -39223.457    30.059    -4.68    4.70
 -38936.405    29.721    -1.18    4.85
 -38649.364    29.746     0.09    4.94
 -38362.334    29.041    -2.46    4.82
 -38075.315    29.096     0.19    4.82
 -37788.307    29.149     0.19    4.63
 -37501.310    28.816    -1.16    4.22
 -37214.325    29.337     1.81    3.84
 -36927.350    29.601     0.92    3.89
 -36640.387    30.775     4.09    5.59
 -36353.434    32.554     6.20    7.23
 -36066.493    34.151     5.57    7.80
 -35779.563    35.089     3.27    8.06
 -35492.643    35.824     2.56    8.44
 -35205.735    35.789    -0.12    8.62
 -34918.838    35.511    -0.97    8.87
 -34631.952    34.308    -4.19    8.40
 -34345.077    32.818    -5.20    6.79
 -34058.214    31.899    -3.20    5.26
 -33771.361    32.070     0.59    4.61
 -33484.519    32.579     1.77    4.34
 -33197.689    32.600     0.07    3.85
 -32910.869    31.668    -3.25    4.17
 -32624.060    31.291    -1.31    4.58
 -32337.263    30.640    -2.27    4.62
 -32050.477    30.492    -0.52    4.81
 -31763.701    30.754     0.91    4.97
 -31476.937    30.855     0.35    4.74
 -31190.184    31.438     2.03    4.36
 -30903.442    30.833    -2.11    3.71
 -30616.710    30.134    -2.44    4.02
 -30329.990    29.200    -3.26    4.18
 -30043.281    28.144    -3.69    3.90
 -29756.583    27.287    -2.99    4.06
 -29469.896    27.035    -0.88    4.29
 -29183.221    27.337     1.05    4.63
 -28896.556    28.019     2.38    4.83
 -28609.902    28.677     2.30    4.59
 -28323.259    28.766     0.31    4.63
 -28036.627    28.750    -0.05    4.47
 -27750.007    28.305    -1.55    4.33
 -27463.397    27.773    -1.86    4.30
 -27176.798    27.142    -2.20    4.01
 -26890.211    26.979    -0.57    3.89
 -26603.634    27.306     1.14    3.87
 -26317.068    27.848     1.89    3.78
 -26030.514    28.101     0.88    3.47
 -25743.970    27.964    -0.48    3.57
 -25457.438    27.729    -0.82    3.69
 -25170.916    27.736     0.03    3.90
 -24884.406    27.277    -1.60    3.75
 -24597.906    26.937    -1.19    3.59
 -24311.418    26.384    -1.93    3.56
 -24024.940    25.616    -2.68    3.58
 -23738.474    24.834    -2.73    3.72
 -23452.018    23.653    -4.12    3.52
 -23165.574    23.566    -0.30    3.54
 -22879.140    23.388    -0.62    3.58
 -22592.718    23.146    -0.84    3.44
 -22306.307    23.468     1.13    3.98
 -22019.906    23.135    -1.16    4.25
 -21733.517    23.293     0.55    4.43
 -21447.138    23.351     0.20    4.49
 -21160.771    22.606    -2.60    4.28
 -20874.415    21.754    -2.98    4.71
 -20588.069    20.064    -5.90    5.88
 -20301.735    17.733    -8.14    6.77
 -20015.411    15.521    -7.72    6.47
 -19729.099    13.855    -5.82    5.40
 -19442.797    13.877     0.08    5.21
 -19156.507    15.695     6.35    6.48
 -18870.227    17.481     6.24    7.15
 -18583.959    19.200     6.01    6.77
 -18297.701    19.769     1.99    6.11
 -18011.454    19.233    -1.87    6.70
 -17725.219    17.561    -5.84    7.12
 -17438.994    15.007    -8.92    7.07
 -17152.781    13.392    -5.64    6.25
 -16866.578    12.877    -1.80    6.01
 -16580.386    12.721    -0.54    5.96
 -16294.205    12.534    -0.66    5.85
 -16008.036    12.561     0.09    5.76
 -15721.877    12.847     1.00    5.37
 -15435.729    12.985     0.48    4.91
 -15149.592    11.795    -4.16    4.58
 -14863.466    11.797     0.01    4.66
 -14577.351    12.358     1.96    4.74
 -14291.247    13.291     3.26    5.37
 -14005.154    13.833     1.89    5.67
 -13719.072    14.280     1.56    5.94
 -13433.001    14.184    -0.34    6.32
 -13146.941    13.370    -2.85    6.56
 -12860.891    11.907    -5.11    6.62
 -12574.853     9.958    -6.81    5.97
 -12288.826     8.298    -5.80    4.41
 -12002.809     7.573    -2.53    4.13
 -11716.804     7.907     1.17    4.30
 -11430.809     7.725    -0.64    4.33
 -11144.826     7.040    -2.39    4.25
 -10858.853     6.640    -1.40    4.03
 -10572.891     6.812     0.60    3.90
 -10286.940     7.996     4.14    5.30
 -10001.001     9.935     6.78    7.42
  -9715.072    12.652     9.50    8.15
  -9429.154    14.616     6.87    7.57
  -9143.247    15.667     3.67    6.77
  -8857.350    15.981     1.10    6.50
  -8571.465    14.998    -3.44    6.64
  -8285.591    12.727    -7.95    6.39
  -7999.728    10.191    -8.87    5.89
  -7713.875     7.907    -7.99    4.92
  -7428.034     6.270    -5.73    3.57
  -7142.203     5.899    -1.30    3.17
  -6856.383     5.642    -0.90    2.92
  -6570.574     5.570    -0.25    2.97
  -6284.777     6.101     1.86    3.25
  -5998.990     5.659    -1.54    3.65
  -5713.214     4.922    -2.58    4.16
  -5427.448     3.967    -3.34    4.38
  -5141.694     2.600    -4.78    4.03
  -4855.951     1.718    -3.08    3.79
  -4570.218     0.502    -4.26    2.54
  -4284.497    -0.130    -2.21    0.00
  -3998.786     0.021     0.53    0.89
  -3713.087     1.455     5.02    4.36
  -3427.398     3.900     8.56    6.76
  -3141.720     7.058    11.06    8.69
  -2856.053    11.034    13.92    9.75
  -2570.397    14.819    13.25    9.12
  -2284.751    18.412    12.58    7.18
  -1999.117    20.700     8.01    4.59
  -1713.493    20.973     0.95    4.60
  -1427.881    18.870    -7.36    7.19
  -1142.279    15.085   -13.25    9.20
   -856.688    11.385   -12.96    9.93
   -571.108     7.460   -13.74    9.29
   -285.539     4.366   -10.83    7.63
      0.019     2.803    -5.47    5.75
    285.566     4.994     7.67    9.03
    571.103    10.286    18.54   13.05
    856.628    16.502    21.77   14.75
   1142.143    23.093    23.09   15.75
   1427.647    30.627    26.39   14.36
   1713.140    38.410    27.26   11.40
   1998.622    45.148    23.60   11.83
   2284.093    52.275    24.97   14.73
   2569.553    59.646    25.82   16.00
   2855.003    64.957    18.61   14.07
   3140.442    67.938    10.44   11.74
   3425.869    69.355     4.96    9.99
   3711.286    68.825    -1.85   10.24
   3996.692    65.704   -10.94   10.86
   4282.088    62.027   -12.89    8.91
   4567.472    59.621    -8.43    6.55
   4852.846    58.322    -4.55    5.56
   5138.208    57.884    -1.53    4.53
   5423.560    57.325    -1.96    3.72
   5708.901    57.081    -0.85    2.99
   5994.231    57.544     1.62    3.15
   6280.341    57.986     1.55    3.22
   6568.097    58.396     1.42    3.30
   6855.841    58.251    -0.50    3.86
   7143.573    57.213    -3.61    5.00
   7431.294    56.018    -4.15    5.85
   7719.002    53.217    -9.73    6.98
   8006.699    49.689   -12.26    7.51
   8294.384    46.570   -10.84    7.15
   8582.057    43.325   -11.28    6.16
   8869.718    41.330    -6.93    5.19
   9157.367    40.351    -3.40    4.38
   9445.004    40.261    -0.31    3.65
   9732.630    40.298     0.13    3.31
  10020.244    40.131    -0.58    3.32
  10307.845    40.640     1.77    3.62
  10595.435    41.205     1.97    3.97
  10883.014    42.278     3.73    4.32
  11170.580    42.489     0.73    4.48
  11458.135    43.198     2.47    4.84
  11745.677    43.422     0.78    4.67
  12033.208    43.658     0.82    4.43
  12320.727    44.602     3.28    4.24
  12608.234    46.121     5.28    4.64
  12895.730    48.088     6.84    5.60
  13183.213    50.503     8.40    6.21
  13470.685    53.152     9.21    5.90
  13758.145    54.809     5.77    5.36
  14045.593    56.719     6.64    4.89
  14333.029    58.200     5.16    3.90
  14620.454    59.203     3.49    3.87
  14907.866    59.908     2.45    4.50
  15195.267    60.972     3.70    5.27
  15482.656    62.411     5.01    5.45
  15770.034    63.640     4.28    5.58
  16057.399    65.125     5.17    5.45
  16344.753    65.930     2.80    4.83
  16632.094    65.323    -2.11    4.58
  16919.424    64.456    -3.02    4.78
  17206.743    63.127    -4.63    5.29
  17494.049    62.824    -1.05    5.66
  17781.344    62.913     0.31    6.63
  18068.626    62.877    -0.12    6.63
  18355.898    63.534     2.29    6.58
  18643.157    64.539     3.50    6.44
  18930.404    65.571     3.59    6.23
  19217.640    65.767     0.68    6.37
  19504.864    65.923     0.54    6.46
  19792.076    65.621    -1.05    6.17
  20079.276    65.176    -1.55    5.88
  20366.465    65.174    -0.01    5.93
  20653.642    65.720     1.90    5.62
  20940.807    66.670     3.31    5.76
  21227.960    67.748     3.76    6.56
  21515.101    69.070     4.60    6.93
  21802.231    71.227     7.51    6.91
  22089.349    72.112     3.08    6.63
  22376.455    72.994     3.07    6.68
  22663.550    73.220     0.79    7.46
  22950.632    72.652    -1.98    8.52
  23237.703    71.110    -5.37    9.17
  23524.762    69.561    -5.40    9.13
  23811.810    69.155    -1.41    9.14
  24098.845    69.549     1.37    9.31
  24385.869    70.585     3.61    9.09
  24672.881    73.127     8.86    9.07
  24959.882    76.120    10.43    7.91
  25246.870    78.794     9.32    6.82
  25533.847    80.906     7.36    6.11
  25820.812    82.464     5.43    5.94
  26107.766    83.870     4.90    5.94
  26394.707    85.746     6.54    5.87
  26681.637    87.140     4.86    5.34
  26968.555    88.158     3.55    5.10
  27255.462    88.400     0.84    5.34
  27542.356    88.036    -1.27    6.66
  27829.239    87.324    -2.48    7.52
  28116.111    85.596    -6.02    7.88
  28402.970    84.582    -3.54    7.59
  28689.818    82.936    -5.74    7.60
  28976.654    82.366    -1.99    6.81
  29263.478    82.621     0.89    6.89
  29550.291    83.176     1.93    6.88
  29837.092    85.127     6.80    7.26
  30123.881    88.172    10.62    8.19
  30410.659    92.233    14.16    7.01
  30697.424    95.688    12.05    6.35
  30984.178    99.097    11.89    5.93
  31270.921   101.973    10.03    5.27
  31557.651   104.318     8.18    4.52
  31844.370   105.554     4.31    3.75
  32131.078   106.351     2.78    3.16
  32417.773   107.165     2.84    2.92
  32704.457   108.021     2.98    4.23
  32991.129   109.180     4.04    5.93
  33277.790   111.154     6.89    7.88
  33564.438   114.155    10.47    9.02
  33851.075   117.899    13.06    8.66
  34137.701   121.664    13.13    8.40
  34424.314   125.471    13.28    8.71
  34710.916   129.190    12.98    7.73
  34997.507   131.551     8.24    7.38
  35284.085   134.159     9.10    6.79
  35570.652   136.854     9.40    6.26
  35857.208   140.080    11.26    6.05
  36143.751   143.787    12.94    6.83
  36430.283   146.951    11.04    7.92
  36716.803   150.943    13.93    8.10
  37003.312   155.183    14.80    8.18
  37289.809   159.646    15.58    7.97
  37576.294   163.915    14.90    9.16
  37862.767   168.623    16.43   10.22
  38149.229   172.847    14.74   10.03
  38435.680   177.696    16.93   11.10
  38722.118   183.847    21.48   12.96
  39008.545   190.721    24.00   14.77
  39294.960   199.075    29.17   16.18
  39581.364   205.929    23.93   15.52
  39867.756   212.573    23.20   13.34
  40154.136   219.104    22.81   10.70
  40440.505   223.797    16.38    8.32
  40726.862   227.167    11.77    6.88
  41013.207   229.058     6.60    5.58
  41299.541   229.907     2.97    4.84
  41585.863   230.210     1.06    5.68
  41872.173   231.237     3.59    7.28
  42158.472   233.742     8.75    9.87
  42444.759   237.833    14.29   13.06
  42731.035   244.228    22.34   16.40
  43017.298   252.789    29.91   18.61
  43303.551   261.163    29.25   18.59
  43589.791   269.551    29.30   16.28
  43876.020   276.070    22.77   14.03
  44162.238   280.107    14.10   10.83
  44448.443   280.775     2.34    9.13
  44734.637   279.480    -4.53   10.08
  45020.820   276.062   -11.94   10.82
  45306.991   272.221   -13.42   11.56
  45593.150   267.366   -16.97   11.27
  45879.297   262.960   -15.40   10.10
  46165.433   260.044   -10.19    8.90
  46451.558   259.494    -1.92    9.35
  46737.671   258.773    -2.52    8.92
  47023.772   259.329     1.94    8.81
  47309.861   261.336     7.01    9.01
  47595.939   264.717    11.82    8.95
  47882.005   265.602     3.09    8.20
  48168.060   265.017    -2.05    7.80
  48454.103   264.020    -3.48    7.76
  48740.135   263.500    -1.82    7.33
  49026.155   262.438    -3.71    7.47
  49312.163   260.664    -6.20    7.77
  49598.160   258.178    -8.69    7.49
  49884.145   256.529    -5.77    8.01
  50170.119   254.848    -5.88    8.30
  50456.081   253.180    -5.83    8.32
  50742.031   251.292    -6.60    6.71
  51027.970   250.998    -1.03    5.46
  51313.897   251.439     1.54    6.31
  51599.813   252.195     2.65    6.19
  51885.717   252.652     1.60    5.72
  52171.609   253.340     2.41    5.34
  52457.490   254.569     4.30    5.49
  52743.359   256.645     7.26    7.06
  53029.217   258.749     7.36    7.28
  53315.063   261.064     8.10    7.61
  53600.898   262.733     5.84    6.73
  53886.721   263.395     2.32    6.10
  54172.532   263.657     0.92    5.40
  54458.332   263.326    -1.16    4.91
  54744.121   263.474     0.52    4.92
  55029.898   264.564     3.81    5.07
  55315.663   264.942     1.32    4.94
  55601.416   266.396     5.09    5.28
  55887.159   267.767     4.80    4.50
  56172.889   267.930     0.57    5.38
  56458.608   265.967    -6.87    8.49
  56744.316   262.163   -13.32   11.05
  57030.012   259.921    -7.85   11.56
  57315.696   256.292   -12.70   11.52
  57601.369   253.763    -8.85    9.98
  57887.030   251.154    -9.13    9.40
  58172.680   250.663    -1.72    9.25
  58458.318   249.862    -2.80    9.42
  58743.945   247.131    -9.56   11.18
  59029.560   241.366   -20.18   14.95
  59315.164   233.456   -27.69   18.17
  59600.756   226.019   -26.04   18.27
  59886.336   219.099   -24.23   16.29
  60171.905   213.485   -19.66   12.53
  60457.463   208.694   -16.78    8.30
  60743.009   206.915    -6.23    6.54
  61028.543   206.261    -2.29    7.21
  61314.066   205.536    -2.54    7.55
  61599.577   203.110    -8.50    8.85
  61885.077   201.255    -6.50    8.59
  62170.566   198.248   -10.53    9.91
  62456.043   192.096   -21.55   13.81
  62741.508   185.642   -22.61   15.95
  63026.962   182.698   -10.31   15.58
  63312.404   183.627     3.26   16.46
  63597.835   186.539    10.20   18.80
  63883.254   192.491    20.85   21.81
  64168.662   203.159    37.38   25.66
  64454.058   218.093    52.33   28.83
  64739.443   236.236    63.57   35.76
  65024.816   255.283    66.74   41.79
  65310.178   276.524    74.43   44.71
  65595.529   297.662    74.08   42.25
  65880.867   318.650    73.55   37.54
  66166.195   334.351    55.03   27.89
  66451.511   343.733    32.88   19.69
  66736.815   346.237     8.78   15.62
  67022.108   343.509    -9.56   18.18
  67307.389   337.633   -20.60   20.34
  67592.659   328.899   -30.62   20.76
  67877.917   321.320   -26.57   18.83
  68164.218   313.662   -26.75   16.32
  68452.053   305.719   -27.60   14.07
  68739.875   301.737   -13.83   14.67
  69027.684   298.641   -10.76   16.28
  69315.481   294.943   -12.85   17.82
  69603.265   292.392    -8.86   18.73
  69891.037   289.193   -11.11   18.78
  70178.797   286.289   -10.09   17.71
  70466.544   282.642   -12.68   15.13
  70754.278   278.781   -13.42   12.10
  71042.000   274.779   -13.91    9.73
  71329.709   271.892   -10.03    9.49
  71617.406   269.051    -9.87    9.14
  71905.090   266.012   -10.56    8.89
  72192.762   263.689    -8.08    9.73
  72480.421   261.358    -8.10    9.56
