# NaN NaN NaN ;Mean Elev.(m), Avg Gradient(m/km), RMS Gradient(m/km) - SRTM1     
#  -13.837  -1.661   4.938 ;Mean Elev.(m), Avg Gradient(m/km), RMS Gradient(m/km) - ASTER GDEM
#   12.949  -1.522   4.930 ;Mean Elev.(m), Avg Gradient(m/km), RMS Gradient(m/km) - GMTED2010 
   1  87.494847  64.443833     9.762     9.762  2 54661.27871901 25.982
   2  87.524348  64.449248    17.111    17.813 10 54671.19436754 24.962
   3  87.524840  64.450523   -20.858   -19.793 10 54681.11001150 12.749
   4  87.525344  64.451208    12.560    12.604  9 54691.02565424 53.783
   5  87.524188  64.450381   -20.063   -18.631  9 54700.94129438  7.631
   6  87.523232  64.448688    11.446    11.459  9 54710.85694057 49.437
   7  87.518368  64.446755    -4.385    -0.238 10 54720.77259115 15.635
   8  87.518573  64.446232    13.917    12.003 10 54730.68823972 34.941
   9  87.523484  64.447617    20.633    22.689  9 54740.60388730 27.303
  10  87.523302  64.448246    21.784    22.176 10 54750.51953437 22.007
  11  87.522718  64.448434    15.929    17.365  9 54760.43518121 31.255
  12  87.522739  64.447779    11.144    10.968 10 54770.35082567 51.288
  13  87.519578  64.446227    11.014    10.929 10 54780.26646647 48.414
  14  87.521537  64.445647    11.370    11.398 10 54790.18210521 37.909
  15  87.520165  64.445607    12.411    12.483 10 54800.09774256 33.459
  16  87.518215  64.445975    12.228    12.192 10 54810.01337993 26.911
  17  87.521737  64.447293    15.861    17.316 10 54819.92901913 18.189
  18  87.522447  64.448096    16.668    17.688 10 54829.84467147 19.010
  19  87.524172  64.449163    19.194    20.113  9 54839.76031044 16.493
  20  87.523519  64.450401    18.489    18.300 10 54849.67595951 16.144
  21  87.525814  64.452303    19.160    18.688 10 54859.59160848 15.310
  22  87.527178  64.453383    18.221    18.065 10 54869.50725744 14.622
  23  87.525098  64.452071    18.729    18.990  9 54879.42290486 15.677
  24  87.524230  64.449607    19.535    20.072  9 54889.33854915 13.894
  25  87.521536  64.447205    19.040    18.667 10 54899.25419007 14.722
  26  87.519119  64.446792    19.175    19.639 10 54909.16982879 14.523
  27  87.521293  64.448254    16.418    15.185 10 54919.08546677 14.867
  28  87.525064  64.449304    17.651    18.413  9 54929.00110459 14.347
  29  87.518768  64.446922    21.979    20.453 10 54938.91674037  9.785
  30  87.520649  64.445118    13.553    13.528 10 54948.83237528 35.392
  31  87.517130  64.443158    16.050    16.048  9 54958.74801177 29.272
  32  87.518444  64.444278    19.141    19.061 10 54968.66366048 36.916
  33  87.520938  64.446397    21.403    21.352 10 54978.57930831 54.534
  34  87.522903  64.448074    22.048    21.986 10 54988.49495604 34.533
  35  87.523767  64.448547    20.589    19.938 10 54998.41060373 28.662
  36  87.521456  64.448271    20.177    20.386 10 55008.32624927 23.418
  37  87.522206  64.448769    20.005    22.083  9 55018.24189321 22.782
  38  87.525576  64.450547    19.563    21.051 10 55028.15753608 25.202
  39  87.525435  64.451879    19.361    20.784 10 55038.07317805 25.206
  40  87.524119  64.451776    17.598    17.758  9 55047.98881865 27.745
  41  87.523660  64.449711    12.243    11.939 10 55057.90445718 36.080
  42  87.517681  64.445752    15.549    15.740 10 55067.82009419 31.567
  43  87.519500  64.444661    10.491    10.884 10 55077.73574440 45.279
  44  87.521799  64.445819    16.157    16.905 10 55087.65139245 29.297
  45  87.522816  64.447971    22.402    22.896 10 55097.56703893 26.303
  46  87.522708  64.449248    19.481    20.363  9 55107.48268481 24.309
  47  87.524137  64.448727    20.515    22.394 10 55117.39833001 25.594
  48  87.522426  64.446316    11.816    11.061 10 55127.31397247 40.505
  49  87.518608  64.444158    10.620    10.656  9 55137.22961246 40.093
  50  87.518038  64.444408    13.016    12.297  9 55147.14525104 33.988
  51  87.522713  64.447046    14.555    14.432 10 55157.06088956 25.866
  52  87.521773  64.448293    13.627    13.175 10 55166.97652740 24.459
  54  87.521662  64.447520    16.781    16.671 10 55186.80780774 21.633
  55  87.521981  64.447921    16.745    16.174  9 55196.72345873 20.854
  56  87.525185  64.450105    14.892    13.337  9 55206.63910898 20.952
  57  87.523888  64.451874    16.625    16.667  9 55216.55475822 18.364
  58  87.525448  64.452711    18.445    18.423  9 55226.47040707 16.102
  59  87.523936  64.450701    18.315    18.620 10 55236.38605293 16.139
  60  87.521292  64.447180    18.714    19.023 10 55246.30169516 16.553
  61  87.519473  64.444874    18.212    17.958 10 55256.21733488 16.246
  62  87.518947  64.445435    19.010    19.020 10 55266.13297368 14.539
  63  87.523230  64.448292    18.821    19.063  9 55276.04861234 14.565
  64  87.524928  64.449432    19.473    19.923  9 55285.96424967 13.939
  65  87.521298  64.447205    19.479    19.582 10 55295.87988419 13.816
  66  87.518954  64.444166    21.110    20.157  9 55305.79552338 11.023
  67  87.512855  64.442090    12.728    12.679 10 55315.71116962 25.588
  68  87.519683  64.444446    15.645    14.822 10 55325.62681592 30.338
  69  87.522835  64.447446    19.082    19.058  9 55335.54246080 36.231
  70  87.523247  64.449398    23.188    23.272 10 55345.45810496 38.307
  71  87.524322  64.449757    21.816    22.607  9 55355.37374804 27.419
  72  87.524930  64.449260    17.262    17.210  9 55365.28938896 47.647
  73  87.522109  64.448336    22.991    23.048  9 55375.20502797 22.940
  74  87.523937  64.449119    13.628    13.575  9 55385.12066643 34.731
  75  87.525359  64.450038    17.419    18.459  9 55395.03630397 33.081
  76  87.522962  64.449618    13.177    12.121  9 55404.95194299 41.011
  77  87.521441  64.448342    11.859    11.877 10 55414.86759420 49.264
  78  87.520718  64.446066    12.648    12.025 10 55424.78324230 49.315
  79  87.518134  64.444021    22.394    24.947 10 55434.69888766 29.891
  80  87.514610  64.444034    21.288    22.243 11 55444.61453168 30.339
  81  87.522634  64.447309    11.901    12.067  9 55454.53017596 41.042
  82  87.523150  64.448963    12.839    12.044 10 55464.44581868 43.479
  83  87.520947  64.447788    12.401    12.406 10 55474.36145831 49.776
  84  87.518195  64.444883    20.171    22.321 10 55484.27709479 31.808
  85  87.518142  64.442815    15.216    12.849  9 55494.19272946 23.975
  86  87.519908  64.443474    10.892    10.903  9 55504.10836335 38.539
  87  87.519236  64.446130    11.009    10.857 10 55514.02401226 45.500
  88  87.522823  64.449187    12.120    12.105  9 55523.93966237 37.989
  89  87.524263  64.450259    11.568    11.595 10 55533.85531038 30.415
  90  87.525633  64.449951    11.470    11.435  9 55543.77095646 24.342
  91  87.520095  64.448685    11.952    11.955 10 55553.68659993 22.188
  92  87.523987  64.449959    12.936    12.940  9 55563.60224338 23.327
  93  87.525028  64.450741    13.175    13.202  9 55573.51788594 20.620
  94  87.525024  64.450167    13.065    13.091 10 55583.43352694 18.957
  95  87.523366  64.447922    13.024    13.001  9 55593.34916425 18.421
  96  87.518029  64.444624    15.300    13.627 10 55603.26479778 18.335
  97  87.517783  64.443186    14.325    13.717  9 55613.18042979 18.063
  98  87.518187  64.443578    14.040    13.127  9 55623.09606609 18.137
  99  87.521269  64.446069    16.649    16.460 10 55633.01171931 15.473
 100  87.518287  64.446558    17.503    18.024 10 55642.92736955 15.911
 101  87.518593  64.446277    18.885    18.809 10 55652.84301717 12.061
 102  87.518713  64.444871    20.520    20.216  9 55662.75866045  9.453
 103  87.518545  64.444271    13.678    12.893  9 55672.67430078 38.945
 104  87.519686  64.445151    18.892    18.781 10 55682.58993990 36.293
 105  87.518588  64.446491    20.586    20.536 10 55692.50557739 33.863
 106  87.521323  64.448045    21.114    21.167 10 55702.42121366 26.077
 107  87.522999  64.448809    17.591    17.471  9 55712.33685694 55.331
 108  87.524820  64.449343    17.416    18.249  9 55722.25250667 27.192
 109  87.524927  64.449647    20.440    20.497  9 55732.16815419 22.798
 110  87.525070  64.449965    17.660    18.498 10 55742.08380041 24.492
 111  87.525618  64.450066    18.050    18.001  9 55751.99944535 24.220
 112  87.521217  64.448382    17.985    19.142 10 55761.91508738 25.003
 113  87.519968  64.446677    11.659    11.644 10 55771.83072686 53.069
 114  87.521011  64.445150    11.895    11.906 10 55781.74636309 42.908
 115  87.517448  64.443870    14.323    13.773  9 55791.66199635 36.801
 116  87.515086  64.443592    11.774    12.012 11 55801.57762889 44.920
 117  87.522018  64.446097    12.381    12.321 10 55811.49327996 44.108
 118  87.519834  64.446232    21.095    22.126 10 55821.40892847 29.186
 119  87.521943  64.445940    20.434    22.318 10 55831.32457257 29.037
 120  87.514825  64.443608    17.761    17.315 11 55841.24021109 32.244
 121  87.515419  64.443360    20.947    22.458 11 55851.15584736 30.104
 122  87.517192  64.444646    11.382    11.345 10 55861.07148177 51.759
 123  87.521229  64.447516    10.829    10.837 10 55870.98713506 44.535
 124  87.522880  64.449001    12.961    12.281  9 55880.90278565 32.337
 125  87.523811  64.449234    17.242    18.206 10 55890.81842943 25.296
 126  87.522803  64.448687    19.214    19.712  9 55900.73406715 20.786
 127  87.520991  64.448181    17.869    17.890 10 55910.64970014 20.867
 128  87.523401  64.449738    17.596    17.636  9 55920.56535409 20.682
 129  87.524828  64.449932    18.036    17.455 10 55930.48100654 20.562
 130  87.522853  64.448115    15.880    16.352  9 55940.39665467 23.038
 131  87.520173  64.445745    17.370    17.258 10 55950.31229805 20.265
 132  87.519578  64.444928    16.962    17.276 10 55960.22793764 20.232
 133  87.520407  64.445712    19.188    19.267 10 55970.14357509 18.149
 134  87.523347  64.447152    18.142    17.741  9 55980.05921168 19.472
 135  87.519134  64.446134    18.929    19.076 10 55989.97484651 19.821
 136  87.518854  64.445267    18.450    18.103 10 55999.89049000 18.425
 137  87.518573  64.444543    17.210    16.960 10 56009.80614055 18.584
 138  87.517786  64.444530    23.152    25.171 10 56019.72178705 12.351
 139  87.517976  64.445795    11.613    11.596 10 56029.63743083 18.885
 140  87.522263  64.448226    12.073    12.154 10 56039.55307324 17.268
 141  87.522388  64.449098    12.852    12.851  9 56049.46871314 34.004
 142  87.523500  64.449265    15.660    15.650  9 56059.38435040 33.783
 143  87.522129  64.447969    19.901    19.839 10 56069.29998499 52.385
 144  87.520953  64.448217    18.724    18.683 10 56079.21563602 54.960
 145  87.525396  64.449895    19.307    19.302  9 56089.13128492 25.469
 146  87.525451  64.450770    18.529    18.516 10 56099.04693083 28.309
 147  87.523089  64.449743    11.299    11.163 10 56108.96257398 53.557
 148  87.523113  64.447530    18.366    19.828  9 56118.87820279 23.906
 149  87.520101  64.444493    10.415    10.410  9 56128.79383918 52.514
 150  87.519538  64.443242    10.409    10.431  9 56138.70947256 47.221
 151  87.517829  64.444748    10.234    10.275 10 56148.62512058 45.273
 152  87.521436  64.447519    13.115    16.318 10 56158.54077028 39.909
 153  87.521753  64.448240    10.143    10.107 10 56168.45641840 51.809
 154  87.523211  64.447162    17.629    19.423  9 56178.37206350 27.920
 155  87.520909  64.445060    10.173    10.164 10 56188.28770372 45.507
 156  87.514655  64.443531    13.780    10.429 11 56198.20334019 35.626
 157  87.520397  64.445846    12.363     9.465 10 56208.11897514 37.654
 158  87.521779  64.447961     9.636     9.437  9 56218.03460799 49.754
 159  87.523603  64.449629     9.884     9.955  9 56227.95025297 39.419
 160  87.525598  64.449872    11.561    11.115  9 56237.86590741 31.817
 161  87.524245  64.448964    13.202    11.379 10 56247.78155760 26.894
 162  87.523685  64.448583    17.425    18.182 10 56257.69720295 22.514
 163  87.524069  64.449550    17.932    18.295  9 56267.61284523 20.981
 164  87.525470  64.450488    18.139    17.978 10 56277.52848594 19.251
 165  87.525444  64.450327    18.762    18.786  9 56287.44413423 16.848
 166  87.522767  64.447826    16.571    17.093 10 56297.35978318 20.285
 167  87.516990  64.444604    15.350    15.682 10 56307.27542783 19.508
 168  87.518813  64.444288    18.900    18.516 10 56317.19107052 15.929
 169  87.520614  64.446361    18.497    19.167 10 56327.10671185 15.528
 170  87.525488  64.449026    18.480    18.328  9 56337.02235246 15.981
 171  87.521078  64.448395    19.081    19.313 10 56346.93799036 14.434
 172  87.522039  64.446552    18.951    18.919 10 56356.85362611 14.151
 173  87.518036  64.444428    18.539    18.526  9 56366.76927358 14.479
 176  87.523832  64.450631    21.543    22.428  9 56396.51621234 13.114
 177  87.525120  64.451851    11.226    11.220  9 56406.43185395 26.118
 178  87.524286  64.450762    12.768    12.838  9 56416.34749164 38.291
 179  87.522111  64.448154    21.766    21.810 10 56426.26312433 33.984
 180  87.522604  64.447894    21.776    21.851  9 56436.17877450 33.674
 181  87.524929  64.449374    19.825    18.667  9 56446.09442654 27.351
 182  87.523158  64.450527    16.143    16.182 10 56456.01007583 52.174
 183  87.523321  64.450447    18.845    20.986  9 56465.92572208 25.138
 184  87.521916  64.448204    15.366    17.279  9 56475.84136419 26.472
 185  87.520891  64.445319    11.753    11.805 10 56485.75700276 51.501
 186  87.517386  64.443638    11.401    11.412 10 56495.67263839 50.201
 187  87.518912  64.444912    10.707    10.682  9 56505.58827311 50.433
 188  87.521846  64.446968    10.707    10.711 10 56515.50390657 47.792
 189  87.522461  64.448287    13.717    16.972  9 56525.41956097 28.779
 190  87.522922  64.447550    11.957    11.021 10 56535.33521184 45.069
 192  87.519075  64.445639    18.547    20.020 10 56555.16650271 27.716
 193  87.523523  64.448251    11.653    11.535  9 56565.08214607 51.814
 194  87.524643  64.450749    16.567    17.692 10 56574.99778776 31.338
 195  87.521344  64.451017    10.782    10.776 11 56584.91342593 36.055
 196  87.525583  64.450435    10.336    10.338  9 56594.82906224 45.215
 197  87.524316  64.449275    13.099    13.153  9 56604.74471493 32.299
 198  87.522050  64.448278    13.166    13.191 10 56614.66036277 25.438
 199  87.524181  64.448974    14.894    13.233 10 56624.57600736 20.119
 200  87.522383  64.449089    15.507    14.047  9 56634.49164877 19.467
 201  87.522067  64.448518    17.558    17.163  9 56644.40728574 20.056
 202  87.523618  64.447852    15.242    13.267  9 56654.32293883 19.478
 203  87.520932  64.445952    16.522    17.690 10 56664.23858717 17.533
 204  87.519393  64.445166    17.883    18.531 10 56674.15423295 17.517
 205  87.518056  64.446175    12.930    12.418 10 56684.06987765 18.807
 206  87.521888  64.448285    11.469    11.468  9 56693.98552080 18.090
 207  87.524158  64.449009    13.908    13.885 10 56703.90115935 19.263
 208  87.520237  64.446941    19.555    20.103 11 56713.81679179 13.973
 209  87.518732  64.446170    18.931    18.904 10 56723.73244106 14.207
 210  87.523856  64.447650    19.517    20.284  9 56733.64809215 14.226
 211  87.524636  64.449788    13.709    13.270  9 56743.56373951 17.089
 212  87.524273  64.451470    24.546    25.135  9 56753.47938243  5.669
 213  87.525980  64.451910    12.416    12.377 10 56763.39502006 35.455
 214  87.524056  64.450147    13.548    13.523  9 56773.31065321 29.584
 215  87.523631  64.449747    16.676    16.081  9 56783.22631064 27.638
 216  87.524580  64.449931    22.007    22.022  9 56793.14196455 52.039
 217  87.522860  64.450185    20.973    20.784 10 56803.05761538 29.518
 218  87.522917  64.450128    18.373    17.737  9 56812.97325839 34.694
 219  87.524931  64.449551    18.367    18.267  9 56822.88889802 46.826
 220  87.521788  64.447383    17.053    16.452 10 56832.80453289 32.486
 221  87.519482  64.445371    16.514    18.529  9 56842.72016445 30.315
 222  87.520906  64.445485    18.615    19.746 10 56852.63580485 27.691
 223  87.519262  64.446586    11.155    11.152 10 56862.55145898 51.467
 224  87.522228  64.448442    11.388    11.435  9 56872.46711304 37.595
 225  87.524431  64.449280    19.846    21.305  9 56882.38276387 22.991
 226  87.525483  64.449334    18.154    19.204  9 56892.29841092 22.769
 227  87.524538  64.449056    21.640    22.762  9 56902.21405467 22.544
 228  87.525247  64.450173    20.850    22.533 10 56912.12969670 23.485
 229  87.523411  64.450893    12.623    11.518  9 56922.04533683 41.667
 230  87.525479  64.451773    11.899    11.789  9 56931.96097505 50.370
 231  87.523414  64.450586    13.435    12.693 10 56941.87660754 29.181
 232  87.523288  64.449564    10.962    10.971  9 56951.79224977 39.617
 233  87.524257  64.449398    11.666    11.643 10 56961.70790095 43.820
 234  87.522763  64.449277    18.195    18.098  9 56971.62354702 20.902
 235  87.523474  64.449385    20.034    20.634  9 56981.53918924 16.108
 236  87.520820  64.448165    19.073    17.837 10 56991.45482662 14.452
 237  87.518362  64.445859    19.740    19.553 10 57001.37045807 13.414
 238  87.519368  64.445757    19.438    19.494 10 57011.28611580 15.640
 239  87.519398  64.445766    19.938    20.351 11 57021.20176755 15.589
 240  87.520529  64.447009    20.448    20.262 11 57031.11741658 13.977
 241  87.521300  64.448167    20.310    20.383 10 57041.03306363 13.128
 242  87.520265  64.448479    19.793    19.484 10 57050.94870834 12.558
 243  87.520148  64.447743    20.199    20.209 11 57060.86434890 16.317
 244  87.523257  64.447404    17.158    17.685  9 57070.77998424 16.424
 245  87.518641  64.446513    20.129    20.162 10 57080.69561456 12.777
 246  87.520947  64.448374    18.133    18.259 10 57090.61125612 14.387
 247  87.524182  64.451258    16.964    15.080 10 57100.52691440 15.317
 248  87.523637  64.451985    18.776    19.864 10 57110.44256904 14.458
 249  87.525914  64.451285    13.842    13.590 10 57120.35821823 11.779
 250  87.523539  64.449386    13.981    13.607 10 57130.27386106 14.925
 251  87.525161  64.449108    13.174    13.194  9 57140.18949904 30.821
 252  87.524350  64.449319    17.882    17.837 10 57150.10513331 38.422
 253  87.524037  64.449051    21.043    21.006 10 57160.02076456 52.079
 254  87.523217  64.448373    23.708    23.692  9 57169.93641688 56.177
 255  87.519938  64.446552    21.623    21.579 10 57179.85207186 55.353
 256  87.518330  64.445334    18.938    19.814 10 57189.76772303 28.464
 257  87.522394  64.446628    13.271    12.442 10 57199.68337134 46.722
 258  87.521851  64.448114    12.537    11.624 10 57209.59900560 45.988
 259  87.524863  64.449737    12.218    11.229 10 57219.51465018 45.847
 260  87.520173  64.448652    14.162    15.889 10 57229.43029281 37.043
 261  87.521957  64.447994    15.680    17.062  9 57239.34593383 26.679
 262  87.522736  64.447325    16.500    17.778  9 57249.26157174 26.444
 263  87.521000  64.447560    19.609    19.825 11 57259.17720709 22.843
 264  87.524770  64.449602    19.225    21.165 10 57269.09284178 23.531
 265  87.523681  64.451273    11.909    11.948  9 57279.00849258 48.118
 266  87.521526  64.451203    20.179    22.120 11 57288.92414819 25.647
 267  87.523061  64.450288    19.938    20.585  9 57298.83980121 24.530
 268  87.522563  64.448547    16.024    17.559  9 57308.75545037 32.295
 269  87.525380  64.448838    10.973    10.950  9 57318.67109644 44.642
 270  87.522649  64.449397    10.716    10.730  9 57328.58673898 48.734
 271  87.524056  64.450652    10.731    10.666 10 57338.50237978 46.948
 272  87.523470  64.450127    10.648    10.670  9 57348.41802845 39.251
 273  87.523416  64.448047    11.194    11.183  9 57358.33367454 33.634
 274  87.518534  64.445162    13.259    12.093 10 57368.24931683 28.318
 275  87.517822  64.444987    13.109    12.261 10 57378.16495680 26.603
 276  87.522649  64.447519    12.786    11.820  9 57388.08059579 26.501
 277  87.523586  64.449061    14.327    13.204 10 57397.99623350 20.967
 278  87.520844  64.448252    16.302    13.648 10 57407.91186915 19.550
 279  87.520567  64.447347    18.669    19.224 11 57417.82752186 17.793
 280  87.521597  64.447140    19.210    19.327 10 57427.74317258 16.536
 281  87.520338  64.448322    19.419    19.780 10 57437.65882057 16.362
 282  87.524971  64.451552    20.248    20.228  9 57447.57446786 16.756
 283  87.527316  64.453565    20.080    20.371 10 57457.49011380 16.852
 284  87.524433  64.452391    20.059    20.315 10 57467.40575642 15.587
 285  87.524020  64.449603    22.458    20.819 10 57477.32139517 12.465
 286  87.518283  64.446144    22.981    22.805 10 57487.23703014 10.743
 287  87.519513  64.445597    12.140    12.176 10 57497.15266373 15.819
 288  87.518630  64.446710    12.742    12.820 10 57507.06830153 31.417
 289  87.523102  64.449241    15.243    15.166 10 57516.98395832 25.758
 290  87.524149  64.449327    16.987    17.021  9 57526.89961178 33.652
 291  87.524036  64.447371    20.534    20.459  9 57536.81526238 28.469
 292  87.521161  64.445383    19.089    19.102 10 57546.73091005 54.234
 293  87.520580  64.445596    19.000    19.980 10 57556.64655652 27.682
 294  87.521940  64.447900    14.538    12.982  9 57566.56220211 30.044
 295  87.523996  64.450001    13.730    12.856 10 57576.47784702 29.498
 296  87.524759  64.450423    11.922    10.791  9 57586.39349066 39.763
 297  87.524794  64.449439    15.464    17.362  9 57596.30913186 27.154
