-120161.510    56.930     0.00    4.68
-119874.950    57.342     1.44    4.48
-119588.385    57.883     1.89    4.13
-119301.817    58.807     3.23    3.44
-119015.244    59.031     0.78    3.05
-118728.668    59.031     0.00    2.96
-118442.088    59.307     0.96    3.36
-118155.504    60.695     4.84    4.58
-117868.916    62.981     7.98    6.20
-117582.324    65.836     9.96    7.08
-117295.728    68.671     9.89    7.14
-117009.129    71.326     9.26    6.05
-116722.525    73.693     8.26    4.43
-116435.918    75.450     6.13    3.84
-116149.306    76.830     4.82    3.75
-115862.691    78.392     5.45    4.29
-115576.072    80.337     6.79    5.26
-115289.449    82.459     7.40    5.66
-115002.822    84.319     6.49    5.24
-114716.191    85.627     4.56    4.58
-114429.557    86.378     2.62    4.25
-114142.918    86.342    -0.13    4.68
-113856.276    85.141    -4.19    6.23
-113569.630    83.559    -5.52    7.49
-113282.979    81.252    -8.05    8.76
-112996.325    79.123    -7.43    9.55
-112709.667    77.120    -6.99   10.09
-112423.005    76.166    -3.33    9.95
-112136.340    76.138    -0.10   10.30
-111849.670    76.558     1.46   10.84
-111562.996    77.002     1.55   11.24
-111276.319    76.768    -0.82   11.32
-110989.638    76.715    -0.18   11.10
-110702.952    76.498    -0.76   10.82
-110416.263    76.371    -0.44   10.61
-110129.570    75.488    -3.08   10.43
-109842.873    74.101    -4.84   10.08
-109556.172    71.566    -8.84   10.19
-109269.468    69.825    -6.07   10.20
-108982.759    69.057    -2.68   10.34
-108696.046    68.284    -2.70    9.67
-108409.330    65.634    -9.24    9.15
-108122.610    61.643   -13.92   10.58
-107835.885    57.361   -14.93   12.49
-107549.157    53.086   -14.91   12.57
-107262.425    48.777   -15.03   10.66
-106975.689    45.154   -12.63    8.32
-106688.950    42.425    -9.52    5.64
-106402.206    42.219    -0.72    7.22
-106115.458    43.873     5.77   12.06
-105828.707    46.866    10.44   16.42
-105541.951    50.307    12.00   19.86
-105255.192    53.634    11.60   22.90
-104968.429    56.753    10.88   25.51
-104681.662    58.722     6.87   26.32
-104394.891    59.579     2.99   24.77
-104108.116    60.215     2.22   22.82
-103821.337    61.509     4.51   21.79
-103534.555    61.079    -1.50   20.33
-103247.768    60.037    -3.63   19.36
-102960.977    57.919    -7.38   17.87
-102674.183    56.141    -6.20   14.74
-102387.385    56.051    -0.31   12.81
-102100.583    57.488     5.01   11.58
-101813.777    60.213     9.50   11.07
-101526.967    63.746    12.32   10.76
-101240.153    67.733    13.90    9.35
-100953.335    71.988    14.84    7.46
-100666.513    74.798     9.80    6.84
-100379.688    76.459     5.79    7.57
-100092.858    78.009     5.40    8.84
 -99806.025    78.393     1.34   10.17
 -99519.187    78.321    -0.25   11.12
 -99232.456    77.822    -1.74   11.79
 -98946.371    77.104    -2.51   11.92
 -98660.282    76.959    -0.51   12.67
 -98374.190    77.279     1.12   13.71
 -98088.095    78.768     5.21   15.16
 -97801.997    80.321     5.43   16.37
 -97515.896    81.939     5.65   17.05
 -97229.791    82.722     2.74   17.08
 -96943.684    82.606    -0.41   16.83
 -96657.573    81.793    -2.84   16.11
 -96371.459    81.185    -2.13   15.22
 -96085.342    81.347     0.57   14.26
 -95799.222    81.534     0.65   13.19
 -95513.099    82.030     1.74   12.30
 -95226.972    83.233     4.20   12.26
 -94940.842    84.858     5.68   12.40
 -94654.710    87.429     8.99   12.27
 -94368.574    89.120     5.91   12.38
 -94082.435    89.711     2.07   12.19
 -93796.292    89.229    -1.69   12.04
 -93510.147    88.264    -3.37   11.77
 -93223.999    86.381    -6.58   10.69
 -92937.847    84.134    -7.85    9.09
 -92651.692    82.321    -6.33    6.89
 -92365.534    80.844    -5.16    4.95
 -92079.373    79.877    -3.38    3.57
 -91793.209    79.640    -0.83    3.18
 -91507.041    80.087     1.56    3.31
 -91220.871    80.335     0.87    3.58
 -90934.697    80.223    -0.39    3.85
 -90648.520    80.153    -0.25    4.10
 -90362.340    80.022    -0.46    4.22
 -90076.157    79.913    -0.38    4.06
 -89789.970    79.817    -0.34    3.76
 -89503.781    79.466    -1.22    3.79
 -89217.588    79.189    -0.97    4.04
 -88931.392    78.623    -1.98    4.54
 -88645.194    77.388    -4.32    5.12
 -88358.991    75.611    -6.21    5.07
 -88072.786    73.355    -7.88    4.88
 -87786.578    71.260    -7.32    4.54
 -87500.366    69.705    -5.43    4.28
 -87214.151    68.445    -4.40    4.40
 -86927.934    66.850    -5.57    4.02
 -86641.713    65.430    -4.96    3.38
 -86355.488    64.516    -3.19    3.08
 -86069.261    64.310    -0.72    3.48
 -85783.031    63.654    -2.29    4.55
 -85496.797    62.995    -2.31    5.34
 -85210.560    63.008     0.05    5.58
 -84924.320    63.831     2.87    5.32
 -84638.077    64.266     1.52    5.44
 -84351.831    64.473     0.72    4.82
 -84065.581    64.295    -0.62    4.19
 -83779.329    64.015    -0.98    4.26
 -83493.073    62.770    -4.35    5.26
 -83206.814    61.076    -5.92    5.88
 -82920.552    59.404    -5.84    6.23
 -82634.287    57.595    -6.32    6.36
 -82348.019    55.364    -7.79    6.59
 -82061.747    53.002    -8.25    6.67
 -81775.472    50.638    -8.26    6.78
 -81489.195    48.953    -5.88    6.73
 -81202.914    47.228    -6.03    6.24
 -80916.630    45.339    -6.59    4.92
 -80630.342    43.877    -5.11    3.36
 -80344.052    43.172    -2.46    2.64
 -80057.758    42.938    -0.82    2.44
 -79771.462    42.854    -0.30    2.84
 -79485.162    43.208     1.24    3.16
 -79198.859    43.092    -0.40    3.91
 -78912.552    42.953    -0.49    4.04
 -78626.243    43.064     0.39    3.64
 -78339.930    43.135     0.25    3.55
 -78053.615    41.775    -4.75    5.35
 -77767.296    39.619    -7.53    6.60
 -77480.974    37.591    -7.08    6.60
 -77194.649    35.473    -7.39    6.77
 -76908.320    33.668    -6.30    7.16
 -76621.989    32.391    -4.46    7.30
 -76335.654    31.953    -1.53    7.49
 -76049.316    32.370     1.46    7.77
 -75762.975    32.761     1.37    8.21
 -75476.631    32.669    -0.32    8.42
 -75190.284    32.477    -0.67    8.90
 -74903.934    31.974    -1.76    9.28
 -74617.580    30.813    -4.05   10.63
 -74331.223    27.710   -10.84   11.49
 -74044.863    23.696   -14.02   11.58
 -73758.500    19.841   -13.46    9.58
 -73472.134    17.995    -6.45    7.86
 -73185.765    18.107     0.39    8.08
 -72899.392    19.896     6.25    8.98
 -72613.016    22.335     8.52    9.28
 -72326.637    24.606     7.93    8.60
 -72040.255    26.118     5.28    7.40
 -71753.870    27.765     5.75    6.78
 -71467.482    30.071     8.05    7.20
 -71181.090    33.031    10.33    8.13
 -70894.696    35.768     9.56    8.27
 -70608.298    37.917     7.50    7.42
 -70321.897    39.584     5.82    5.76
 -70035.493    40.154     1.99    4.71
 -69749.085    39.552    -2.10    5.10
 -69462.675    38.498    -3.68    4.94
 -69176.261    37.905    -2.07    4.61
 -68889.844    37.937     0.11    4.37
 -68603.424    38.395     1.60    4.06
 -68317.001    39.117     2.52    3.42
 -68030.575    39.732     2.15    2.52
 -67744.145    39.808     0.27    1.91
 -67457.713    39.756    -0.18    1.50
 -67171.277    39.872     0.40    1.46
 -66884.838    40.481     2.13    2.11
 -66598.396    41.788     4.56    3.81
 -66311.951    44.045     7.88    6.34
 -66025.502    46.067     7.06    6.73
 -65739.051    47.853     6.24    6.23
 -65452.596    49.364     5.28    5.50
 -65166.138    50.573     4.22    4.99
 -64879.677    50.893     1.12    4.71
 -64593.213    50.689    -0.71    4.65
 -64306.745    49.688    -3.50    5.08
 -64020.275    48.456    -4.30    6.45
 -63733.801    47.832    -2.18    7.52
 -63447.324    47.488    -1.20    7.92
 -63160.844    49.904     8.44   10.07
 -62874.361    52.371     8.61   11.76
 -62587.874    54.748     8.30   12.14
 -62301.385    57.645    10.11   12.08
 -62014.892    61.555    13.65   10.30
 -61728.396    63.761     7.70    8.97
 -61441.897    62.938    -2.87   11.19
 -61155.395    59.298   -12.71   12.98
 -60868.889    54.703   -16.04   13.73
 -60582.381    50.056   -16.22   13.91
 -60295.869    46.295   -13.13   12.19
 -60009.354    44.016    -7.96    9.49
 -59722.836    43.262    -2.63    6.74
 -59436.315    43.128    -0.47    4.57
 -59149.790    43.738     2.13    3.32
 -58863.263    44.565     2.89    2.96
 -58576.732    45.481     3.20    3.05
 -58290.198    46.353     3.04    3.61
 -58003.661    47.016     2.31    3.72
 -57717.121    46.946    -0.24    3.69
 -57430.577    46.874    -0.25    3.85
 -57144.031    46.335    -1.88    4.57
 -56857.481    45.615    -2.52    4.83
 -56570.928    45.164    -1.57    4.63
 -56284.372    44.512    -2.28    4.06
 -55997.813    44.323    -0.66    3.89
 -55711.250    44.822     1.74    4.17
 -55424.685    45.883     3.70    4.01
 -55138.116    46.342     1.60    3.37
 -54851.544    45.839    -1.76    3.51
 -54564.969    45.116    -2.52    3.83
 -54278.391    44.606    -1.78    3.59
 -53991.809    43.940    -2.32    3.16
 -53705.225    43.412    -1.84    3.15
 -53418.637    43.348    -0.22    3.70
 -53132.046    43.796     1.56    3.90
 -52845.452    44.758     3.36    4.14
 -52558.855    46.023     4.42    3.84
 -52272.254    46.901     3.06    3.67
 -51985.651    47.113     0.74    3.58
 -51699.044    47.222     0.38    3.18
 -51412.434    47.385     0.57    2.81
 -51125.821    47.886     1.75    2.98
 -50839.204    48.408     1.82    3.37
 -50552.585    48.851     1.54    3.61
 -50265.962    49.699     2.96    3.91
 -49979.336    50.578     3.07    3.62
 -49692.707    50.717     0.49    3.52
 -49406.075    50.314    -1.40    3.65
 -49119.440    49.790    -1.83    3.64
 -48832.801    49.525    -0.93    3.59
 -48546.160    49.792     0.93    3.42
 -48259.515    50.045     0.88    3.15
 -47972.867    50.745     2.44    3.02
 -47686.216    51.368     2.17    2.81
 -47399.561    51.792     1.48    2.63
 -47112.904    52.460     2.33    2.44
 -46826.243    52.912     1.58    2.73
 -46539.579    53.156     0.85    2.92
 -46252.912    53.391     0.82    2.86
 -45966.242    53.291    -0.35    2.95
 -45679.569    52.826    -1.62    2.88
 -45392.892    52.526    -1.04    2.70
 -45106.212    52.425    -0.35    2.49
 -44819.529    52.166    -0.90    2.56
 -44532.843    52.008    -0.55    2.74
 -44246.154    52.008     0.00    3.09
 -43959.462    51.746    -0.91    3.48
 -43672.766    51.598    -0.52    4.14
 -43386.067    51.734     0.48    4.43
 -43099.365    52.248     1.79    4.69
 -42812.660    53.050     2.80    4.82
 -42525.952    53.891     2.93    4.48
 -42239.240    54.478     2.05    3.56
 -41952.526    54.432    -0.16    3.63
 -41665.808    53.847    -2.04    4.43
 -41379.087    52.477    -4.78    5.20
 -41092.363    51.002    -5.14    5.22
 -40805.635    49.552    -5.06    4.86
 -40518.905    48.671    -3.07    4.78
 -40232.171    48.241    -1.50    4.64
 -39945.434    48.138    -0.36    4.52
 -39658.694    48.124    -0.05    4.17
 -39371.951    47.897    -0.79    4.06
 -39085.204    47.599    -1.04    4.34
 -38798.455    46.309    -4.50    4.80
 -38511.702    44.445    -6.50    5.40
 -38224.946    42.303    -7.47    5.89
 -37938.187    40.702    -5.58    6.18
 -37651.425    39.604    -3.83    6.67
 -37364.793    38.464    -3.98    6.73
 -37078.631    36.733    -6.05    6.52
 -36792.466    34.695    -7.12    7.07
 -36506.299    32.732    -6.86    7.78
 -36220.130    31.896    -2.92    7.82
 -35933.958    32.647     2.63    8.24
 -35647.783    34.636     6.95    9.02
 -35361.607    37.460     9.87    9.91
 -35075.427    40.474    10.53   10.35
 -34789.246    43.262     9.74    9.51
 -34503.062    45.933     9.33    7.50
 -34216.875    48.135     7.69    4.93
 -33930.686    49.051     3.20    3.13
 -33644.495    48.840    -0.74    2.90
 -33358.301    48.347    -1.72    2.75
 -33072.105    48.241    -0.37    2.76
 -32785.906    48.552     1.09    2.83
 -32499.705    48.495    -0.20    3.31
 -32213.502    48.803     1.08    3.52
 -31927.296    48.967     0.57    3.54
 -31641.087    48.281    -2.40    4.38
 -31354.876    45.779    -8.74    6.79
 -31068.663    42.277   -12.24    8.72
 -30782.448    38.284   -13.95    9.40
 -30496.229    34.711   -12.48    8.95
 -30210.009    31.748   -10.35    7.51
 -29923.786    29.917    -6.40    5.55
 -29637.560    29.784    -0.47    5.44
 -29351.333    31.536     6.12    7.03
 -29065.102    34.158     9.16    8.82
 -28778.869    37.673    12.28    9.58
 -28492.634    41.532    13.48    8.56
 -28206.397    44.442    10.17    6.70
 -27920.157    46.923     8.67    5.37
 -27633.914    48.988     7.21    4.95
 -27347.669    50.222     4.31    5.28
 -27061.422    51.709     5.20    5.22
 -26775.172    52.904     4.18    4.97
 -26488.920    53.912     3.52    4.35
 -26202.665    54.566     2.28    3.96
 -25916.408    54.625     0.21    3.98
 -25630.149    54.083    -1.89    3.83
 -25343.887    52.774    -4.57    3.53
 -25057.622    51.477    -4.53    3.77
 -24771.356    49.959    -5.30    4.10
 -24485.086    48.188    -6.19    4.81
 -24198.815    46.917    -4.44    4.70
 -23912.540    45.995    -3.22    4.21
 -23626.264    45.540    -1.59    3.70
 -23339.985    45.326    -0.75    4.03
 -23053.703    45.077    -0.87    4.97
 -22767.420    43.851    -4.28    6.09
 -22481.133    41.884    -6.87    6.78
 -22194.844    38.784   -10.83    7.56
 -21908.553    35.291   -12.20    7.39
 -21622.260    32.058   -11.29    6.55
 -21335.964    29.882    -7.60    5.85
 -21049.665    28.579    -4.55    5.31
 -20763.364    27.793    -2.75    4.79
 -20477.061    27.412    -1.33    4.62
 -20190.755    27.250    -0.57    4.45
 -19904.447    27.161    -0.31    3.61
 -19618.136    26.257    -3.16    4.42
 -19331.823    24.967    -4.50    5.41
 -19045.507    23.537    -4.99    5.66
 -18759.189    22.326    -4.23    5.31
 -18472.869    21.335    -3.46    4.77
 -18186.546    20.768    -1.98    4.44
 -17900.221    20.212    -1.94    3.98
 -17613.893    20.029    -0.64    3.66
 -17327.563    19.239    -2.76    3.70
 -17041.230    18.495    -2.60    3.70
 -16754.895    17.301    -4.17    3.36
 -16468.558    15.878    -4.97    3.07
 -16182.218    14.616    -4.41    3.57
 -15895.876    13.816    -2.79    3.66
 -15609.531    13.295    -1.82    3.71
 -15323.184    12.758    -1.88    3.48
 -15036.834    12.654    -0.36    3.36
 -14750.482    12.775     0.42    3.24
 -14464.127    13.084     1.08    3.34
 -14177.770    13.207     0.43    3.34
 -13891.411    13.049    -0.55    3.20
 -13605.049    13.015    -0.12    2.96
 -13318.685    12.938    -0.27    3.23
 -13032.318    12.101    -2.92    3.63
 -12745.949    11.581    -1.82    3.55
 -12459.577    11.241    -1.18    3.45
 -12173.203    10.725    -1.80    3.41
 -11886.826     9.918    -2.82    2.87
 -11600.448     8.795    -3.92    2.52
 -11314.066     8.241    -1.93    2.74
 -11027.682     7.680    -1.96    2.81
 -10741.296     6.892    -2.75    2.57
 -10454.907     6.293    -2.09    2.32
 -10168.516     5.778    -1.80    1.89
  -9882.123     5.427    -1.22    1.76
  -9595.727     5.676     0.87    2.22
  -9309.328     6.206     1.85    2.93
  -9022.927     6.664     1.60    3.40
  -8736.524     7.168     1.76    3.69
  -8450.118     7.912     2.60    3.63
  -8163.710     8.763     2.97    3.65
  -7877.299     9.543     2.72    3.70
  -7590.886    10.149     2.12    4.04
  -7304.471    10.816     2.33    4.26
  -7018.053    11.581     2.67    4.67
  -6731.632    12.319     2.58    4.89
  -6445.209    12.973     2.29    4.98
  -6158.784    13.375     1.40    4.86
  -5872.356    13.832     1.60    4.76
  -5585.926    14.335     1.75    4.72
  -5299.494    14.305    -0.10    4.64
  -5013.058    14.069    -0.82    4.45
  -4726.621    13.878    -0.67    4.34
  -4440.181    13.862    -0.06    4.57
  -4153.739    13.290    -2.00    5.00
  -3867.294    12.215    -3.75    5.78
  -3580.847    11.300    -3.19    6.43
  -3294.397    10.059    -4.33    7.07
  -3007.945     8.107    -6.82    7.31
  -2721.490     6.259    -6.45    6.96
  -2435.033     4.549    -5.97    6.12
  -2148.574     3.077    -5.14    5.12
  -1862.112     1.960    -3.90    4.16
  -1575.647     1.016    -3.30    3.02
  -1289.180     0.157    -3.00    0.79
  -1002.711     0.023    -0.47    0.30
   -716.240    -0.012    -0.12    0.00
   -429.765    -0.012     0.00    0.00
   -143.289    -0.012     0.00    0.00
    143.190    -0.012     0.00    0.00
    429.672    -0.012     0.00    0.00
    716.156    -0.012     0.00    0.00
   1002.642    -0.012     0.00    0.00
   1289.131    -0.012     0.00    0.00
   1575.622     0.023     0.12    0.30
   1862.116     0.065     0.15    0.41
   2148.612     0.116     0.18    0.53
   2435.110     0.165     0.17    0.60
   2721.611     0.357     0.67    2.65
   3008.115     1.077     2.52    5.24
   3294.621     0.947    -0.46    4.28
   3581.129     0.471    -1.66    2.25
   3867.640     0.239    -0.81    1.53
   4154.153     0.049    -0.66    0.43
   4440.669    -0.005    -0.19    0.08
   4727.187    -0.012    -0.02    0.00
   5013.707    -0.012     0.00    0.00
   5300.230    -0.012     0.00    0.00
   5586.756    -0.012     0.00    0.00
   5873.284    -0.012     0.00    0.00
   6159.814    -0.012     0.00    0.00
   6446.347    -0.012     0.00    0.00
   6732.882    -0.012     0.00    0.00
   7019.420    -0.012     0.00    0.00
   7305.960    -0.012     0.00    0.00
   7592.502    -0.012     0.00    0.00
   7879.047    -0.012     0.00    0.00
   8165.595    -0.012     0.00    0.00
   8452.145    -0.012     0.00    0.00
   8738.697    -0.012     0.00    0.00
   9025.252    -0.012     0.00    0.00
   9311.809    -0.012     0.00    0.00
   9598.369    -0.012     0.00    0.00
   9884.931    -0.012     0.00    0.00
  10171.495    -0.012     0.00    0.00
  10458.062     0.080     0.32    0.57
  10744.632     0.424     1.20    1.65
  11031.204     0.988     1.97    2.71
  11317.778     1.605     2.15    3.43
  11604.355     1.953     1.21    3.72
  11890.934     1.850    -0.36    3.64
  12177.516     1.573    -0.97    3.38
  12464.100     1.289    -0.99    3.17
  12750.686     1.110    -0.62    2.93
  13037.275     1.272     0.56    3.09
  13323.867     1.775     1.76    3.55
  13610.461     2.131     1.24    3.64
  13897.057     2.424     1.03    3.43
  14183.656     2.779     1.24    3.09
  14470.257     3.323     1.90    3.10
  14756.861     5.939     9.13    7.39
  15043.467     9.675    13.03   11.89
  15330.075    14.515    16.89   15.90
  15616.687    19.515    17.44   18.49
  15903.300    26.814    25.47   19.51
  16189.916    35.488    30.26   18.13
  16476.534    43.410    27.64   14.57
  16763.155    48.761    18.67   11.03
  17049.778    51.676    10.17    8.73
  17336.404    54.226     8.90    6.18
  17623.032    56.571     8.18    4.45
  17909.663    58.591     7.05    4.90
  18196.296    61.406     9.82    7.94
  18482.931    65.111    12.93   10.50
  18769.569    71.022    20.62   12.23
  19056.210    77.168    21.44   12.59
  19342.853    84.044    23.99   11.92
  19629.498    90.065    21.01   10.37
  19916.146    94.988    17.17    8.39
  20202.796    98.130    10.96    6.60
  20489.449   100.432     8.03    4.45
  20776.104   101.382     3.31    3.77
  21062.761   101.899     1.80    3.57
  21349.421   102.782     3.08    3.78
  21636.084   103.722     3.28    4.19
  21922.749   104.672     3.31    4.76
  22209.416   104.881     0.73    5.24
  22496.086   104.736    -0.50    5.59
  22782.758   104.002    -2.56    6.03
  23069.433   102.794    -4.21    5.85
  23356.110   101.331    -5.10    4.69
  23642.789   101.277    -0.19    4.67
  23929.471   102.988     5.97    6.19
  24216.156   105.593     9.09    7.23
  24502.708   108.607    10.52    8.05
  24788.949   111.864    11.38    8.28
  25075.191   114.897    10.60    7.52
  25361.435   117.530     9.20    6.32
  25647.680   120.170     9.22    6.75
  25933.927   123.277    10.85    8.81
  26220.176   127.175    13.62   10.88
  26506.427   131.731    15.91   11.99
  26792.680   137.288    19.42   12.56
  27078.934   143.591    22.02   13.36
  27365.190   150.849    25.36   13.98
  27651.447   158.689    27.39   13.70
  27937.707   165.526    23.88   13.45
  28223.968   172.549    24.54   13.44
  28510.230   179.351    23.76   13.14
  28796.495   185.410    21.16   12.16
  29082.761   190.741    18.62   10.82
  29369.029   194.664    13.70    9.31
  29655.298   197.080     8.44    7.27
  29941.570   198.204     3.93    5.81
  30227.843   196.831    -4.80    7.18
  30514.118   193.645   -11.13    9.25
  30800.394   190.096   -12.40   10.34
  31086.672   188.631    -5.12   11.09
  31372.952   190.316     5.89   15.22
  31659.234   194.353    14.10   19.21
  31945.517   198.267    13.67   19.73
  32231.802   201.866    12.57   18.39
  32518.089   204.804    10.26   14.99
  32804.377   206.614     6.32   11.17
  33090.668   206.071    -1.89   10.20
  33376.960   204.314    -6.14    9.18
  33663.253   203.833    -1.68    7.88
  33949.549   204.910     3.76    7.61
  34235.846   207.463     8.92    6.58
  34522.145   209.870     8.41    5.48
  34808.445   211.100     4.30    5.28
  35094.747   210.736    -1.27    5.46
  35381.051   210.328    -1.42    5.55
  35667.357   209.897    -1.51    5.56
  35953.664   209.488    -1.43    5.56
  36239.974   209.450    -0.13    5.55
  36526.284   210.686     4.32    6.20
  36812.597   213.097     8.42    7.26
  37098.911   216.001    10.14    8.13
  37385.227   219.138    10.96    9.00
  37671.545   222.202    10.70    9.23
  37957.864   225.382    11.11    8.73
  38244.185   227.952     8.98    8.07
  38530.508   229.773     6.36    7.01
  38816.833   230.923     4.02    6.35
  39103.159   231.931     3.52    6.69
  39389.487   233.024     3.82    8.33
  39675.817   233.931     3.17    9.51
  39962.148   234.682     2.62   10.44
  40248.482   233.939    -2.60   11.16
  40534.817   232.900    -3.63   11.11
  40821.153   230.423    -8.65   10.33
  41107.492   227.303   -10.90    8.52
  41393.832   225.682    -5.66    6.55
  41680.173   225.851     0.59    5.73
  41966.517   227.533     5.87    6.03
  42252.862   229.953     8.45    6.28
  42539.209   231.453     5.24    6.39
  42825.558   232.330     3.06    6.58
  43111.908   232.086    -0.85    7.17
  43398.260   230.755    -4.65    8.16
  43684.614   228.974    -6.22    8.75
  43970.970   226.757    -7.74    8.14
  44257.327   224.293    -8.60    7.31
  44543.686   222.001    -8.00    7.65
  44830.046   219.233    -9.67    9.09
  45116.409   215.920   -11.57   10.58
  45402.773   211.933   -13.92   11.17
  45689.139   208.200   -13.04   11.14
  45975.506   204.920   -11.45    9.66
  46261.876   203.529    -4.86    8.43
  46548.247   203.595     0.23    7.98
  46834.619   203.312    -0.99    7.98
  47120.994   203.946     2.21    7.66
  47407.370   205.115     4.09    7.14
  47693.748   205.781     2.32    6.75
  47980.128   206.209     1.50    5.89
  48266.509   205.512    -2.43    5.53
  48552.892   204.835    -2.36    5.02
  48839.277   204.319    -1.80    5.22
  49125.663   201.988    -8.14    6.25
  49412.051   199.591    -8.37    6.87
  49698.441   199.036    -1.93    8.18
  49984.833   198.899    -0.48    9.74
  50271.226   198.377    -1.82   10.04
  50557.622   197.654    -2.52   10.29
  50844.018   197.925     0.94   10.99
  51130.417   198.484     1.95   11.20
  51416.817   198.215    -0.94   11.34
  51703.219   195.819    -8.37   11.06
  51989.623   192.321   -12.21    9.74
  52276.028   189.086   -11.29    9.14
  52562.435   186.002   -10.77    8.95
  52848.844   182.859   -10.97    8.81
  53135.255   180.314    -8.88    8.45
  53421.667   178.097    -7.74    8.06
  53708.081   176.137    -6.84    8.41
  53994.497   173.132   -10.49    9.59
  54280.914   169.967   -11.05    9.73
  54567.334   166.995   -10.38    9.14
  54853.755   164.378    -9.14    9.27
  55140.177   161.376   -10.48    9.66
  55426.602   159.115    -7.89    9.61
  55713.028   159.761     2.25   11.50
  55999.455   161.396     5.71   12.71
  56285.885   163.213     6.34   13.44
  56572.316   163.834     2.17   13.31
  56858.749   163.050    -2.74   13.73
  57145.184   158.443   -16.09   18.12
  57431.620   148.145   -35.95   25.78
  57718.058   130.782   -60.62   35.53
  58004.498   112.842   -62.63   39.22
  58290.940    98.186   -51.16   36.69
  58577.383    89.229   -31.27   32.18
  58863.828    83.904   -18.59   26.84
  59150.275    82.227    -5.85   21.91
  59436.723    82.713     1.70   19.81
  59723.173    83.416     2.45   19.77
  60009.625    80.094   -11.60   21.95
  60296.079    75.562   -15.82   22.10
  60582.534    74.591    -3.39   22.66
  60868.991    73.379    -4.23   23.98
  61155.450    71.693    -5.88   24.91
  61441.911    75.045    11.70   26.84
