-131468.371    79.527     0.00    5.91
-131182.549    79.477    -0.17    6.78
-130896.715    80.601     3.93    7.48
-130610.868    81.614     3.54    8.16
-130325.008    84.448     9.91    8.83
-130039.135    86.161     5.99    8.80
-129753.250    88.814     9.28    7.50
-129467.351    90.610     6.28    5.93
-129181.441    91.539     3.25    4.47
-128895.517    90.305    -4.32    5.22
-128609.581    87.705    -9.09    6.39
-128323.631    84.750   -10.33    6.90
-128037.670    81.369   -11.82    7.44
-127751.695    77.543   -13.38    8.51
-127465.708    72.543   -17.48    9.03
-127179.708    68.402   -14.48    9.45
-126893.695    65.013   -11.85    9.22
-126607.669    62.182    -9.90    8.31
-126321.631    59.983    -7.69    7.57
-126035.580    59.212    -2.69    7.60
-125749.516    59.140    -0.25    7.54
-125463.440    59.797     2.30    7.66
-125177.350    60.874     3.77    7.65
-124891.248    61.415     1.89    6.43
-124605.133    61.591     0.62    5.96
-124319.006    60.974    -2.16    6.03
-124032.865    58.584    -8.35    7.86
-123746.712    56.081    -8.75    8.31
-123460.546    53.745    -8.16    8.08
-123174.368    50.983    -9.65    7.78
-122888.176    48.555    -8.48    7.69
-122601.972    46.180    -8.30    6.93
-122315.755    44.273    -6.66    5.68
-122029.525    43.104    -4.08    4.19
-121743.283    42.628    -1.67    3.73
-121457.027    42.359    -0.94    3.62
-121170.759    42.642     0.99    3.59
-120884.478    43.320     2.37    3.13
-120598.184    43.897     2.01    2.86
-120311.878    44.243     1.21    2.88
-120025.559    44.397     0.54    2.94
-119739.226    44.920     1.83    3.53
-119452.881    45.700     2.72    4.41
-119166.524    45.682    -0.06    4.99
-118880.153    45.461    -0.77    5.34
-118593.770    45.059    -1.41    5.64
-118307.374    44.626    -1.51    5.81
-118020.965    44.589    -0.13    5.96
-117734.543    43.932    -2.29    5.51
-117448.108    43.409    -1.83    4.58
-117161.661    42.916    -1.72    4.12
-116875.201    42.808    -0.37    4.07
-116588.727    43.422     2.14    4.81
-116302.242    44.673     4.37    5.82
-116015.743    46.830     7.53    7.49
-115729.231    50.769    13.75    9.98
-115442.707    55.489    16.47   11.49
-115156.170    60.758    18.39   11.40
-114869.620    65.366    16.08   10.08
-114583.057    68.812    12.02    7.77
-114296.481    71.349     8.85    5.85
-114009.892    72.377     3.59    4.16
-113723.291    72.509     0.46    3.83
-113436.677    72.261    -0.86    3.73
-113150.050    72.220    -0.14    3.52
-112863.410    72.270     0.17    3.58
-112576.757    72.497     0.79    3.34
-112290.091    72.592     0.33    3.27
-112003.413    72.165    -1.49    3.29
-111716.721    72.201     0.13    3.51
-111430.017    71.646    -1.94    3.96
-111143.300    71.673     0.09    4.36
-110856.570    71.051    -2.17    4.41
-110569.827    70.683    -1.28    4.36
-110283.071    70.066    -2.15    4.31
-109996.303    70.279     0.74    4.71
-109709.521    71.143     3.01    5.00
-109422.727    72.488     4.69    4.99
-109135.919    72.974     1.69    4.89
-108849.099    73.735     2.65    4.50
-108562.266    73.736     0.00    3.99
-108275.420    74.051     1.10    3.51
-107988.562    73.682    -1.28    3.68
-107701.690    73.147    -1.87    3.49
-107414.805    72.854    -1.02    3.55
-107127.908    72.573    -0.98    3.45
-106840.998    72.081    -1.72    3.35
-106554.074    70.261    -6.34    6.06
-106267.138    68.126    -7.44    7.66
-105980.189    66.517    -5.61    8.27
-105693.227    65.894    -2.17    8.88
-105406.252    65.723    -0.60    9.76
-105119.265    66.962     4.32   10.42
-104832.264    68.799     6.40   11.58
-104545.250    72.171    11.75   10.90
-104258.224    75.782    12.58    9.06
-103971.184    78.449     9.29    6.26
-103684.132    80.240     6.24    4.28
-103397.067    80.569     1.15    3.96
-103109.988    80.255    -1.09    3.44
-102822.897    80.015    -0.84    2.95
-102535.793    80.517     1.75    2.74
-102248.676    80.727     0.73    2.62
-101961.546    81.814     3.79    3.14
-101674.403    83.043     4.28    3.60
-101387.248    84.354     4.56    3.90
-101100.079    86.058     5.94    4.44
-100812.897    87.891     6.38    5.20
-100525.703    90.404     8.75    6.02
-100238.495    93.274     9.99    7.30
 -99951.274    95.203     6.72    7.97
 -99664.041    97.295     7.28    8.28
 -99376.795    98.525     4.28    7.54
 -99089.535    99.445     3.20    6.80
 -98802.263    99.752     1.07    6.29
 -98514.978    99.659    -0.33    4.78
 -98227.679   100.961     4.53    4.63
 -97940.368   102.669     5.95    5.71
 -97653.044   104.522     6.45    6.79
 -97365.707   106.379     6.46    7.84
 -97078.357   107.312     3.25    8.16
 -96790.993   108.280     3.37    8.21
 -96503.617   110.954     9.30    8.88
 -96216.228   112.848     6.59    9.61
 -95928.826   116.307    12.03   11.07
 -95641.411   119.119     9.79   11.41
 -95353.983   122.642    12.26   10.98
 -95066.542   125.888    11.29    9.48
 -94779.088   127.510     5.64    7.90
 -94491.621   127.354    -0.54    6.14
 -94204.141   125.740    -5.61    5.54
 -93916.648   123.848    -6.58    5.04
 -93629.142   122.460    -4.83    5.41
 -93341.623   121.799    -2.30    5.76
 -93054.091   121.043    -2.63    6.28
 -92766.546   120.904    -0.49    6.79
 -92478.988   120.898    -0.02    7.29
 -92191.417   120.932     0.12    7.26
 -91903.833   120.297    -2.21    7.11
 -91616.236   119.682    -2.14    6.73
 -91328.626   118.966    -2.49    6.25
 -91041.003   117.286    -5.84    5.70
 -90753.367   116.028    -4.37    5.61
 -90465.718   114.606    -4.94    5.88
 -90178.056   113.443    -4.04    6.04
 -89890.381   113.044    -1.39    6.14
 -89602.693   112.786    -0.90    6.25
 -89314.992   112.629    -0.55    6.27
 -89027.277   113.165     1.86    8.17
 -88739.550   114.295     3.93   10.43
 -88451.810   115.286     3.44   11.97
 -88164.056   117.755     8.58   12.90
 -87876.290   118.559     2.79   12.89
 -87588.511   119.921     4.74   12.69
 -87300.718   120.265     1.19   12.44
 -87012.913   123.044     9.66   12.29
 -86725.094   123.748     2.45   11.62
 -86437.263   123.695    -0.18   11.59
 -86149.418   123.532    -0.57   11.05
 -85861.560   123.909     1.31   10.24
 -85573.689   122.021    -6.56    9.43
 -85286.501   119.933    -7.27    8.99
 -85001.305   118.346    -5.56    9.05
 -84716.097   118.226    -0.42    9.02
 -84430.877   118.663     1.53    9.58
 -84145.644   120.028     4.79   10.22
 -83860.400   122.860     9.93    9.76
 -83575.144   125.990    10.97    8.07
 -83289.875   127.661     5.86    6.30
 -83004.595   127.930     0.94    6.29
 -82719.303   127.230    -2.45    6.41
 -82433.998   127.528     1.05    6.62
 -82148.682   126.940    -2.06    7.66
 -81863.354   127.187     0.87    8.12
 -81578.014   127.029    -0.55    8.32
 -81292.661   127.975     3.32    8.29
 -81007.297   127.861    -0.40    8.67
 -80721.921   127.675    -0.65    9.28
 -80436.532   126.457    -4.27    9.90
 -80151.132   125.241    -4.26    9.92
 -79865.719   124.521    -2.52   10.37
 -79580.295   124.971     1.58   10.70
 -79294.858   123.961    -3.54    9.87
 -79009.410   123.835    -0.44    9.99
 -78723.949   124.074     0.84    9.80
 -78438.477   124.275     0.70    9.00
 -78152.992   123.968    -1.08    8.25
 -77867.496   123.338    -2.21    7.19
 -77581.987   122.226    -3.89    7.39
 -77296.466   119.580    -9.27    7.75
 -77010.934   115.983   -12.60    9.40
 -76725.389   112.201   -13.24   11.45
 -76439.832   109.212   -10.47   11.72
 -76154.263   105.733   -12.18   12.62
 -75868.682   102.387   -11.72   14.73
 -75583.089    97.946   -15.55   15.35
 -75297.484    95.439    -8.78   14.86
 -75011.867    92.869    -9.00   13.67
 -74726.238    92.245    -2.19   13.22
 -74440.597    91.399    -2.96   11.85
 -74154.944    90.352    -3.67   10.92
 -73869.278    88.930    -4.98    9.72
 -73583.601    86.438    -8.72   10.00
 -73297.911    83.307   -10.96   10.93
 -73012.210    78.791   -15.80   10.78
 -72726.496    75.306   -12.20   10.01
 -72440.771    71.513   -13.28    9.30
 -72155.033    69.051    -8.62    8.09
 -71869.283    66.816    -7.82    6.30
 -71583.521    64.700    -7.40    5.05
 -71297.747    63.566    -3.97    4.16
 -71011.961    62.058    -5.28    4.29
 -70726.163    60.528    -5.35    5.31
 -70440.353    58.525    -7.01    6.25
 -70154.531    56.627    -6.64    6.31
 -69868.696    55.397    -4.30    5.97
 -69582.850    54.224    -4.10    5.47
 -69296.991    53.005    -4.26    5.01
 -69011.121    52.783    -0.78    5.31
 -68725.238    52.733    -0.18    5.38
 -68439.343    52.814     0.28    5.46
 -68153.436    51.799    -3.55    5.55
 -67867.517    49.599    -7.69    7.12
 -67581.586    46.665   -10.26    9.07
 -67295.643    42.263   -15.39    9.69
 -67009.688    38.058   -14.70    9.48
 -66723.720    34.816   -11.34    7.68
 -66437.740    32.558    -7.89    5.00
 -66151.749    31.676    -3.09    3.70
 -65865.745    31.303    -1.30    3.34
 -65579.729    31.278    -0.09    3.49
 -65293.701    30.941    -1.18    3.93
 -65007.661    31.382     1.54    4.70
 -64721.609    32.235     2.98    5.47
 -64435.544    32.452     0.76    5.61
 -64149.468    32.614     0.56    5.62
 -63863.379    33.248     2.22    5.36
 -63577.278    34.051     2.81    5.14
 -63291.165    34.181     0.45    4.93
 -63005.040    33.044    -3.97    4.86
 -62718.903    31.013    -7.10    4.28
 -62432.754    30.275    -2.58    4.15
 -62146.592    29.830    -1.55    3.92
 -61860.419    29.505    -1.14    3.78
 -61574.233    29.036    -1.64    3.86
 -61288.035    28.654    -1.34    3.90
 -61001.825    29.096     1.54    3.77
 -60715.603    30.331     4.32    4.01
 -60429.368    30.864     1.86    4.41
 -60143.122    30.157    -2.47    4.72
 -59856.863    29.174    -3.43    5.41
 -59570.592    28.677    -1.74    5.65
 -59284.309    28.248    -1.50    5.49
 -58998.014    28.892     2.25    5.86
 -58711.707    29.633     2.59    6.66
 -58425.387    31.558     6.72    7.35
 -58139.056    32.969     4.93    6.79
 -57852.712    33.806     2.93    6.26
 -57566.356    33.966     0.56    5.76
 -57279.988    34.389     1.48    4.83
 -56993.607    34.521     0.46    4.07
 -56707.215    33.598    -3.22    3.90
 -56420.810    32.748    -2.97    4.13
 -56134.393    31.900    -2.96    4.39
 -55847.964    31.367    -1.86    4.67
 -55561.523    30.868    -1.74    4.82
 -55275.069    29.874    -3.47    4.42
 -54988.604    29.436    -1.53    4.43
 -54702.126    30.043     2.12    4.71
 -54415.636    30.540     1.73    4.50
 -54129.134    30.848     1.08    4.54
 -53842.619    31.654     2.81    4.14
 -53556.093    32.220     1.98    3.92
 -53269.554    32.425     0.72    3.91
 -52983.003    32.957     1.86    3.95
 -52696.440    32.808    -0.52    3.51
 -52409.864    32.700    -0.38    3.35
 -52123.277    32.134    -1.97    3.21
 -51836.677    31.991    -0.50    3.27
 -51550.065    32.172     0.63    3.33
 -51263.440    32.562     1.36    3.79
 -50976.804    33.036     1.65    4.01
 -50690.155    33.257     0.77    4.11
 -50403.494    34.357     3.84    4.47
 -50116.821    35.331     3.40    4.70
 -49830.136    36.065     2.56    5.07
 -49543.438    36.652     2.05    5.18
 -49256.728    36.551    -0.35    5.36
 -48970.006    36.165    -1.34    5.12
 -48683.272    35.495    -2.34    4.58
 -48396.526    34.536    -3.35    3.98
 -48109.767    33.438    -3.83    3.99
 -47822.996    32.362    -3.75    3.81
 -47536.213    31.181    -4.12    3.75
 -47249.417    31.603     1.47    4.02
 -46962.609    32.525     3.21    4.38
 -46675.789    32.589     0.22    4.38
 -46388.957    33.021     1.51    4.57
 -46102.113    34.058     3.62    4.40
 -45815.256    34.326     0.93    3.99
 -45528.387    34.555     0.80    4.55
 -45241.506    34.278    -0.96    4.56
 -44954.612    34.673     1.38    4.65
 -44667.706    34.402    -0.94    4.75
 -44380.788    33.708    -2.42    5.05
 -44093.858    33.246    -1.61    5.21
 -43806.916    33.409     0.57    5.20
 -43519.961    32.905    -1.76    4.75
 -43232.994    33.155     0.87    4.96
 -42946.014    34.194     3.62    5.56
 -42659.023    34.788     2.07    6.04
 -42372.019    35.089     1.05    6.88
 -42085.003    35.925     2.91    7.62
 -41797.974    36.382     1.59    7.91
 -41510.934    35.740    -2.23    8.26
 -41223.880    34.898    -2.94    8.67
 -40936.815    35.833     3.26    8.32
 -40649.738    35.948     0.40    7.82
 -40362.648    35.839    -0.38    7.39
 -40075.545    35.266    -2.00    6.72
 -39788.431    35.246    -0.07    6.66
 -39501.304    36.087     2.93    6.11
 -39214.165    36.096     0.03    5.78
 -38927.014    34.737    -4.73    5.70
 -38639.850    34.487    -0.87    5.44
 -38352.674    34.307    -0.63    5.70
 -38065.486    33.948    -1.25    5.82
 -37778.285    33.810    -0.48    5.48
 -37491.072    33.992     0.63    4.65
 -37203.847    33.466    -1.83    4.26
 -36916.610    32.727    -2.57    4.16
 -36629.360    32.337    -1.36    4.58
 -36342.098    31.231    -3.85    5.61
 -36054.823    30.830    -1.40    5.81
 -35767.536    30.338    -1.71    6.09
 -35480.237    29.318    -3.55    6.99
 -35192.926    29.292    -0.09    7.16
 -34905.602    28.301    -3.45    7.04
 -34618.266    27.467    -2.90    6.75
 -34330.918    27.502     0.12    6.47
 -34043.557    27.021    -1.67    5.87
 -33756.184    26.580    -1.53    5.82
 -33468.798    26.346    -0.81    6.93
 -33181.400    25.871    -1.65    8.16
 -32893.990    25.916     0.15    9.57
 -32606.568    24.847    -3.72   10.66
 -32319.133    25.255     1.42   11.61
 -32031.686    26.745     5.18   11.60
 -31744.226    27.299     1.93   10.63
 -31456.755    28.232     3.25    9.44
 -31169.270    28.301     0.24    8.64
 -30881.774    28.496     0.68    8.59
 -30594.265    29.005     1.77    8.49
 -30306.744    29.812     2.81    8.41
 -30019.210    30.555     2.58    8.72
 -29731.664    30.644     0.31    8.84
 -29444.105    29.673    -3.37    9.14
 -29156.535    27.997    -5.83    9.75
 -28868.952    25.978    -7.02    9.81
 -28581.356    23.808    -7.54    9.40
 -28293.748    21.884    -6.69    8.88
 -28006.128    19.344    -8.83    7.32
 -27718.495    18.132    -4.21    5.65
 -27430.850    19.293     4.04    5.90
 -27143.193    21.372     7.23    7.89
 -26855.523    24.170     9.73    9.46
 -26567.841    27.276    10.79   10.37
 -26280.147    30.043     9.62   10.04
 -25992.440    31.911     6.49    9.01
 -25704.720    34.414     8.70    6.86
 -25416.989    36.592     7.57    4.42
 -25129.245    37.544     3.31    3.63
 -24841.488    37.748     0.71    3.58
 -24553.719    37.765     0.06    3.43
 -24265.938    37.702    -0.22    3.30
 -23978.144    37.569    -0.46    3.31
 -23690.338    37.433    -0.47    3.31
 -23403.399    37.201    -0.81    3.39
 -23118.139    37.735     1.87    3.00
 -22832.867    37.999     0.93    2.88
 -22547.584    38.310     1.09    3.16
 -22262.290    38.451     0.49    3.12
 -21976.984    38.281    -0.60    3.04
 -21691.667    38.043    -0.83    3.12
 -21406.339    37.606    -1.53    3.21
 -21120.999    37.324    -0.99    3.10
 -20835.648    36.689    -2.23    2.92
 -20550.285    36.290    -1.40    2.69
 -20264.911    36.229    -0.21    3.02
 -19979.526    36.544     1.10    3.44
 -19694.129    36.983     1.54    3.68
 -19408.721    38.153     4.10    4.38
 -19123.301    39.028     3.07    4.58
 -18837.871    39.801     2.71    4.73
 -18552.428    40.793     3.48    4.83
 -18266.975    41.529     2.58    4.62
 -17981.510    42.392     3.02    4.00
 -17696.033    42.799     1.43    3.58
 -17410.546    42.933     0.47    3.08
 -17125.046    42.763    -0.60    3.40
 -16839.536    42.445    -1.11    3.46
 -16554.014    42.088    -1.25    3.51
 -16268.480    41.769    -1.12    3.55
 -15982.936    41.384    -1.35    3.32
 -15697.379    41.191    -0.68    3.20
 -15411.812    40.879    -1.09    3.34
 -15126.233    40.807    -0.25    3.61
 -14840.642    40.435    -1.30    3.83
 -14555.041    39.901    -1.87    3.34
 -14269.427    39.658    -0.85    3.41
 -13983.803    39.201    -1.60    3.42
 -13698.167    38.764    -1.53    3.93
 -13412.519    38.623    -0.49    4.01
 -13126.860    38.894     0.95    4.24
 -12841.190    38.814    -0.28    4.26
 -12555.508    38.682    -0.46    3.82
 -12269.815    37.963    -2.51    4.12
 -11984.110    36.765    -4.19    4.59
 -11698.394    36.145    -2.17    4.69
 -11412.667    36.006    -0.49    4.51
 -11126.928    35.799    -0.72    4.30
 -10841.178    35.866     0.23    4.22
 -10555.416    36.201     1.17    4.21
 -10269.643    36.470     0.94    4.03
  -9983.858    37.005     1.87    3.86
  -9698.062    37.503     1.74    3.87
  -9412.255    37.630     0.44    4.07
  -9126.436    36.370    -4.41    5.50
  -8840.605    35.073    -4.54    7.25
  -8554.764    32.867    -7.72    8.40
  -8268.910    30.839    -7.09    8.67
  -7983.046    28.758    -7.28    7.42
  -7697.169    26.730    -7.09    6.32
  -7411.282    25.460    -4.44    6.27
  -7125.383    25.794     1.17    7.40
  -6839.472    26.187     1.38    8.01
  -6553.550    25.928    -0.91    8.47
  -6267.617    25.824    -0.36    8.79
  -5981.672    24.858    -3.38    9.07
  -5695.715    24.219    -2.24    8.79
  -5409.747    23.854    -1.28    8.90
  -5123.768    23.920     0.23    9.32
  -4837.777    24.419     1.74    9.05
  -4551.775    25.081     2.31    8.70
  -4265.761    26.263     4.13    8.28
  -3979.736    26.839     2.01    7.90
  -3693.699    26.901     0.21    7.70
  -3407.651    26.149    -2.63    7.61
  -3121.592    25.391    -2.65    7.59
  -2835.521    21.998   -11.86   10.10
  -2549.438    17.619   -15.31   12.06
  -2263.344    12.801   -16.84   12.53
  -1977.238     8.419   -15.31   11.52
  -1691.121     4.073   -15.19    8.50
  -1404.993     1.301    -9.69    5.04
  -1118.853     0.051    -4.37    0.00
   -832.701     0.051     0.00    0.00
   -546.538     0.051     0.00    0.00
   -260.363     0.051     0.00    0.00
     25.823     0.051     0.00    0.00
    312.020     0.051     0.00    0.00
    598.229     0.051     0.00    0.00
    884.450     0.977     3.24    4.90
   1170.682     3.014     7.11    9.22
   1456.925     6.245    11.29   13.00
   1743.180    11.869    19.65   17.37
   2029.447    18.893    24.53   20.91
   2315.725    25.483    23.02   22.34
   2602.015    32.399    24.16   22.60
   2888.316    42.043    33.69   19.95
   3174.628    50.434    29.31   14.18
   3460.952    56.124    19.87   11.26
   3747.288    60.081    13.82   10.10
   4033.635    64.110    14.07    7.28
   4319.994    66.803     9.40    6.23
   4606.364    68.367     5.46    6.04
   4892.746    68.675     1.07    5.96
   5179.139    68.276    -1.39    5.75
   5465.544    66.645    -5.69    4.56
   5751.961    65.555    -3.81    4.53
   6038.388    64.139    -4.94    4.94
   6324.828    62.430    -5.97    5.20
   6611.279    60.492    -6.76    5.01
   6897.741    58.775    -5.99    4.48
   7184.215    56.993    -6.22    4.36
   7470.701    55.735    -4.39    4.16
   7757.198    55.292    -1.55    3.90
   8043.707    55.303     0.04    3.97
   8330.227    55.611     1.07    4.06
   8616.759    56.117     1.77    3.65
   8903.302    56.475     1.25    3.23
   9189.857    57.389     3.19    3.42
   9476.424    57.848     1.60    3.85
   9763.002    57.899     0.18    3.91
  10049.591    56.938    -3.35    4.31
  10336.193    54.903    -7.10    6.25
  10622.805    53.296    -5.61    7.47
  10909.430    51.329    -6.86    8.08
  11196.065    48.474    -9.96    8.19
  11482.713    46.240    -7.79    7.74
  11769.372    43.367   -10.02    7.10
  12056.042    40.521    -9.93    6.73
  12342.724    38.783    -6.06    6.60
  12629.418    37.141    -5.73    5.81
  12916.123    35.984    -4.04    4.89
  13202.840    35.408    -2.01    4.43
  13489.569    35.184    -0.78    4.19
  13776.309    35.847     2.31    4.32
  14063.060    37.619     6.18    4.72
  14349.824    39.631     7.01    4.80
  14636.598    41.237     5.60    4.22
  14923.385    43.296     7.18    4.09
  15210.183    45.392     7.31    5.45
  15496.992    47.429     7.10    6.14
  15783.814    49.044     5.63    6.18
  16070.646    50.765     6.00    5.78
  16357.491    51.352     2.05    5.41
  16644.347    51.705     1.23    5.27
  16931.214    51.478    -0.79    5.58
  17218.093    51.566     0.31    5.61
  17504.984    51.661     0.33    5.23
  17791.887    52.749     3.79    4.87
  18078.801    53.907     4.03    4.37
  18365.726    55.152     4.34    4.06
  18652.663    56.165     3.53    3.90
  18939.612    57.272     3.86    4.41
  19226.573    58.479     4.21    4.81
  19513.545    60.000     5.30    4.88
  19800.528    61.532     5.34    4.84
  20087.524    62.488     3.33    4.40
  20374.531    62.844     1.24    4.02
  20661.549    62.558    -0.99    3.80
  20948.579    61.686    -3.04    3.84
  21235.621    60.884    -2.79    3.64
  21522.675    59.801    -3.77    3.54
  21809.740    59.282    -1.81    3.57
  22096.816    59.189    -0.33    3.56
  22383.905    59.186    -0.01    3.60
  22671.005    59.782     2.08    3.79
  22958.116    60.401     2.15    4.06
  23245.240    60.618     0.76    4.21
  23532.375    61.783     4.06    4.34
  23819.521    62.585     2.79    4.18
  24106.679    63.626     3.63    4.49
  24393.849    64.540     3.18    5.10
  24681.031    66.189     5.74    5.63
  24968.224    67.745     5.42    5.31
  25255.429    68.685     3.27    4.84
  25542.645    69.803     3.89    4.50
  25829.873    70.921     3.89    3.98
  26117.113    71.525     2.10    3.72
  26404.365    72.237     2.48    3.49
  26691.628    72.739     1.75    2.96
  26978.903    72.820     0.28    3.17
  27266.189    72.910     0.32    3.36
  27553.487    73.670     2.65    3.95
  27840.797    75.364     5.90    5.27
  28128.118    77.555     7.62    6.82
  28415.452    80.968    11.88    8.50
  28702.796    85.231    14.84    9.34
  28990.153    89.237    13.94    8.90
  29277.521    93.305    14.15    7.08
  29564.901    96.825    12.25    5.40
  29852.292    99.294     8.59    5.41
  30139.696   101.301     6.98    6.31
  30427.111   102.384     3.77    6.63
  30714.537   103.644     4.38    7.30
  31001.975   103.894     0.87    7.54
  31289.425   103.785    -0.38    7.30
  31576.887   103.043    -2.58    6.69
  31864.361   101.735    -4.55    7.33
  32151.846   100.173    -5.43    8.15
  32439.342    98.551    -5.64    8.19
  32726.851    97.088    -5.09    7.13
  33014.371    95.604    -5.16    6.02
  33301.903    94.219    -4.82    5.72
  33589.446    93.230    -3.44    5.32
  33877.002    93.166    -0.22    5.24
  34164.569    94.655     5.18    5.38
  34452.147    96.212     5.41    5.72
  34739.738    98.157     6.76    5.32
  35027.340    99.752     5.54    5.29
  35314.954   101.439     5.87    5.52
  35602.580   103.036     5.55    5.46
  35890.217   105.252     7.71    6.31
  36177.866   107.685     8.46    7.80
  36465.527   111.752    14.14    9.31
  36753.199   117.149    18.76   10.50
  37040.883   122.292    17.88   10.30
  37328.579   127.491    18.07   10.36
  37616.287   132.929    18.90   10.81
  37904.006   138.830    20.51   10.76
  38191.737   144.667    20.29   10.82
  38478.460   150.296    19.63   11.35
  38763.792   156.043    20.14   11.86
  39049.134   161.350    18.60   10.29
  39334.488   165.260    13.70    8.00
  39619.852   167.468     7.74    5.84
  39905.227   167.740     0.95    5.68
  40190.613   165.775    -6.89    7.72
  40476.009   162.208   -12.50    9.18
  40761.416   158.006   -14.72    9.67
  41046.834   154.258   -13.13    7.88
  41332.263   150.957   -11.56    6.06
  41617.702   148.320    -9.24    3.99
  41903.152   147.343    -3.42    3.48
  42188.613   146.446    -3.14    3.37
  42474.084   146.274    -0.60    3.25
  42759.567   147.081     2.83    3.61
  43045.060   147.784     2.46    4.40
  43330.563   148.849     3.73    5.01
  43616.078   150.252     4.91    6.16
  43901.603   151.587     4.67    7.15
  44187.139   152.761     4.11    7.51
  44472.686   153.273     1.79    8.42
  44758.244   152.651    -2.18    9.02
  45043.812   150.937    -6.00    9.62
  45329.391   148.569    -8.29   10.19
  45614.981   145.687   -10.09   10.75
  45900.581   142.108   -12.53   11.40
  46186.192   138.103   -14.03   11.11
  46471.815   134.752   -11.73   10.16
  46757.447   132.993    -6.16    8.87
  47043.091   131.543    -5.07    6.99
  47328.745   132.693     4.03    7.96
  47614.410   135.303     9.13    9.58
  47900.086   138.601    11.55   10.52
  48185.773   141.328     9.55   10.67
  48471.470   143.536     7.73   10.38
  48757.179   144.389     2.99   10.68
  49042.898   145.278     3.11   11.01
  49328.627   145.584     1.07   10.97
  49614.368   145.681     0.34   11.62
  49900.119   147.127     5.06   12.53
  50185.881   148.890     6.17   15.51
  50471.654   154.723    20.41   20.48
  50757.438   163.551    30.89   26.27
  51043.232   176.134    44.03   31.18
  51329.038   188.014    41.57   32.05
  51614.854   199.634    40.66   30.14
  51900.680   210.286    37.27   24.30
  52186.518   217.389    24.85   16.14
  52472.366   219.178     6.26   12.29
  52758.226   216.972    -7.72   12.71
  53044.096   212.784   -14.65   13.78
  53329.976   208.140   -16.25   13.24
  53615.868   202.544   -19.57   10.60
  53901.770   197.827   -16.50    6.85
  54187.684   195.132    -9.43    5.25
  54473.608   192.848    -7.99    4.82
  54759.542   191.503    -4.70    5.78
  55045.488   189.599    -6.66    7.00
  55331.445   186.984    -9.15    7.75
  55617.412   184.401    -9.03    8.44
  55903.390   181.947    -8.58    9.27
  56189.379   179.392    -8.94    9.98
  56475.378   176.844    -8.91   10.37
  56761.389   173.312   -12.35   10.81
  57047.410   168.920   -15.36   12.18
  57333.442   163.088   -20.39   12.91
  57619.485   155.037   -28.15   17.76
  57905.539   146.651   -29.32   19.14
  58191.604   141.066   -19.52   17.98
  58477.679   138.826    -7.83   15.87
  58763.765   140.424     5.59   18.04
  59049.863   146.689    21.90   22.72
  59335.970   157.710    38.52   27.40
  59622.089   169.168    40.05   26.14
  59908.219   178.350    32.09   19.70
  60194.359   184.678    22.11   15.26
  60480.511   190.698    21.04   12.96
  60766.673   197.379    23.35   13.22
  61052.846   202.919    19.36   15.36
  61339.029   209.367    22.53   16.69
  61625.224   215.969    23.07   16.82
  61911.430   223.248    25.43   14.65
  62197.646   228.506    18.37   11.85
  62483.873   233.979    19.12    8.34
  62770.111   237.162    11.12    6.98
  63056.360   239.866     9.45    7.01
  63342.620   241.765     6.64    8.87
  63628.890   242.320     1.94   10.56
  63915.172   243.708     4.85   12.28
  64201.464   243.622    -0.30   14.15
  64487.767   241.401    -7.76   15.20
  64774.081   237.639   -13.14   16.67
  65060.406   232.134   -19.23   18.00
  65346.742   225.551   -22.99   18.69
  65633.088   219.237   -22.05   18.70
  65919.446   212.496   -23.54   16.06
  66205.814   206.608   -20.56   12.69
  66492.194   201.301   -18.53   10.03
  66778.584   197.036   -14.89    8.58
  67064.985   193.566   -12.12    8.15
  67351.396   192.022    -5.39    7.38
  67637.819   191.126    -3.13    6.38
  67924.253   189.679    -5.05    6.17
  68210.697   187.632    -7.15    6.74
  68497.153   184.788    -9.93    7.88
  68783.619   181.219   -12.46    9.23
  69070.096   177.976   -11.32    9.36
  69356.584   174.964   -10.51    7.77
  69643.083   173.814    -4.01    6.15
  69929.593   174.705     3.11    7.45
  70216.113   178.622    13.67   11.70
  70502.645   184.939    22.05   15.55
  70789.187   192.876    27.70   17.75
  71075.741   201.081    28.63   19.54
  71362.305   210.244    31.98   20.28
  71648.880   219.377    31.87   20.09
  71935.466   229.245    34.43   20.93
  72222.063   240.732    40.08   23.06
  72508.671   252.506    41.08   26.43
  72795.290   261.268    30.57   25.99
  73081.920   268.788    26.23   23.32
  73368.560   271.799    10.51   20.90
  73655.212   270.713    -3.79   21.63
  73941.874   264.155   -22.88   25.79
  74228.547   252.194   -41.73   29.18
  74515.232   238.946   -46.21   27.62
  74801.927   228.051   -38.00   23.51
  75088.633   221.452   -23.02   17.70
  75375.350   219.503    -6.80   16.03
  75662.078   217.908    -5.56   15.59
  75948.817   217.845    -0.22   15.97
