# NaN NaN NaN ;Mean Elev.(m), Avg Gradient(m/km), RMS Gradient(m/km) - SRTM1     
#  -15.236  -2.101   6.441 ;Mean Elev.(m), Avg Gradient(m/km), RMS Gradient(m/km) - ASTER GDEM
#   10.012  -1.105   4.201 ;Mean Elev.(m), Avg Gradient(m/km), RMS Gradient(m/km) - GMTED2010 
   1  87.509735  64.567262    22.286    23.730  7 54666.35769891 21.034
   2  87.511272  64.567886    11.161    11.178  7 54676.27334355 54.355
   3  87.513147  64.569415   -52.855   -52.750  6 54686.18898681 27.460
   4  87.512911  64.570941    26.181    27.732  7 54696.10462827 21.430
   5  87.514497  64.570263   -15.794   -15.795  7 54706.02026805 14.198
   6  87.510808  64.567861    10.433    10.516  7 54715.93592031 41.456
   7  87.513600  64.564385     5.103     4.073  7 54725.85157074 15.755
   8  87.508868  64.563940    29.087    30.650  7 54735.76721836 24.398
   9  87.511637  64.564644    30.995    30.948  7 54745.68286569 25.263
  10  87.511085  64.566279    11.229    11.318  7 54755.59851219 51.804
  11  87.513694  64.565885    21.708    21.667  7 54765.51415773 20.344
  12  87.509956  64.564582    10.048    10.043  7 54775.42979982 43.381
  13  87.510595  64.562634    11.253    11.209  7 54785.34543990 38.189
  14  87.508239  64.563262    11.523    11.510  7 54795.26107805 29.220
  15  87.512433  64.565233    11.761    11.747  7 54805.17671608 26.354
  16  87.511161  64.568013    11.760    11.815  7 54815.09235304 23.921
  17  87.512438  64.568359    13.101    14.273  7 54825.00799926 18.763
  18  87.514467  64.566611    15.021    14.993  7 54834.92363929 17.198
  19  87.509188  64.566670    16.101    15.703  7 54844.83928864 15.280
  20  87.509721  64.567102    16.527    17.033  7 54854.75493763 14.653
  21  87.513011  64.568128    15.631    15.445  7 54864.67058664 15.172
  22  87.513342  64.568665    15.465    15.403  6 54874.58623508 15.502
  23  87.513763  64.567684    14.971    14.785  7 54884.50188102 14.685
  24  87.511292  64.565543    16.218    15.990  7 54894.41752336 14.315
  25  87.507889  64.563779    14.537    13.994  7 54904.33316296 14.381
  26  87.511561  64.562914    16.312    15.744  7 54914.24880202 13.557
  27  87.510049  64.564667    17.291    17.820  7 54924.16443990 13.884
  28  87.510082  64.566528    17.689    17.726  7 54934.08007714 13.128
  29  87.511199  64.566998    12.377    12.341  7 54943.99571265 19.293
  30  87.512425  64.565818    13.650    13.741  7 54953.91134612 29.314
  31  87.510862  64.564019    17.302    17.298  7 54963.82699124 39.721
  32  87.508910  64.563897    24.377    24.444  7 54973.74263943 36.255
  33  87.511844  64.565043    29.008    29.068  7 54983.65828726 30.235
  34  87.510518  64.567365    26.276    26.297  7 54993.57393440 29.640
  35  87.515400  64.567409    30.108    30.490  7 55003.48958118 23.059
  36  87.512541  64.567398    31.197    31.216  7 55013.40522527 21.678
  37  87.512289  64.566713    12.570    12.598  7 55023.32086828 53.006
  38  87.513954  64.566944    10.928    10.843  7 55033.23651073 53.745
  39  87.511086  64.568679    10.543    10.517  7 55043.15215198 39.138
  40  87.514190  64.569113    10.234    10.244  7 55053.06779229 38.394
  41  87.511049  64.568795    10.768    10.723  7 55062.98342988 53.610
  42  87.510679  64.566470    10.342    10.379  7 55072.89907468 41.713
  43  87.508368  64.564502    11.238    10.326  7 55082.81472291 24.476
  44  87.510000  64.563687    10.513    10.533  7 55092.73036978 53.848
  45  87.511647  64.564260    10.277    10.220  7 55102.64601627 38.151
  46  87.512267  64.565299    30.985    31.071  7 55112.56166232 22.825
  47  87.509820  64.565706    10.449    10.412  7 55122.47730580 45.376
  48  87.509616  64.564664    10.071    10.059  7 55132.39294669 48.595
  49  87.508255  64.563616    12.040    12.097  7 55142.30858548 35.813
  50  87.509350  64.563688    11.523    11.541  7 55152.22422386 28.549
  51  87.511747  64.565103    12.176    12.140  7 55162.13986257 25.528
  52  87.514466  64.566899    13.686    14.068  7 55172.05550093 22.657
  53  87.514170  64.568353    14.546    14.220  7 55181.97113746 20.221
  54  87.515655  64.567537    14.131    14.260  7 55191.88678790 20.074
  55  87.512445  64.567511    13.530    12.596  7 55201.80243776 19.731
  56  87.514030  64.567293    13.600    13.723  7 55211.71808738 19.067
  57  87.512757  64.567803    15.191    15.211  7 55221.63373621 17.481
  58  87.512856  64.567104    14.910    14.785  7 55231.54938405 16.840
  59  87.513880  64.565603    14.810    14.950  7 55241.46502884 16.410
  60  87.508406  64.564764    15.806    16.064  7 55251.38066951 15.978
  61  87.510226  64.563476    14.827    15.053  8 55261.29630865 14.272
  62  87.511814  64.563735    14.334    14.478  7 55271.21194682 14.743
  63  87.511970  64.564788    15.365    15.648  7 55281.12758474 13.897
  64  87.514152  64.565231    14.497    14.247  7 55291.04322171 14.778
  65  87.513751  64.565436    14.845    14.774  7 55300.95885616 13.772
  66  87.509293  64.564985    12.888    13.646  7 55310.87450258 11.515
  67  87.509345  64.564286    12.365    12.390  7 55320.79014820 21.110
  68  87.512215  64.564203    17.237    17.303  7 55330.70579288 31.882
  69  87.510908  64.565700    22.851    21.759  7 55340.62143695 37.245
  70  87.511646  64.566776    20.436    20.420  7 55350.53708101 43.573
  71  87.510530  64.567661    26.834    28.326  7 55360.45272279 24.405
  72  87.514758  64.567234    30.173    31.880  7 55370.36836303 23.544
  73  87.515234  64.567646    31.625    32.315  7 55380.28400141 22.292
  74  87.513854  64.568685    30.209    31.122  7 55390.19963891 19.787
  75  87.513421  64.569226    11.179    11.144  7 55400.11527544 34.885
  76  87.511913  64.568252    28.959    30.216  7 55410.03092314 17.701
  77  87.514015  64.565492    10.898    10.899  7 55419.94657392 52.181
  78  87.509952  64.564230    11.716    10.825  7 55429.86222079 31.382
  79  87.510375  64.563929    30.258    31.381  7 55439.77786544 21.274
  80  87.512464  64.564580    31.524    31.384  7 55449.69350867 23.993
  81  87.509297  64.565861    30.570    30.308  7 55459.60915093 22.534
  82  87.509662  64.565554    30.756    30.834  7 55469.52479273 23.040
  83  87.508319  64.564894    30.839    30.725  7 55479.44043125 24.644
  84  87.509561  64.564288    11.378    11.357  7 55489.35606723 54.684
  85  87.510109  64.564930    11.250    10.112  7 55499.27170086 22.618
  86  87.510932  64.566234     9.715     9.702  7 55509.18734100 27.801
  87  87.511212  64.566999     9.570     9.597  7 55519.10299105 39.879
  88  87.509880  64.567629    11.235    11.238  7 55529.01864006 34.131
  89  87.513045  64.566959    10.692    10.679  7 55538.93428774 27.195
  90  87.514340  64.566677    10.926    10.939  7 55548.84993296 23.943
  91  87.511574  64.567540    11.743    11.799  7 55558.76557596 28.950
  92  87.512286  64.568320    12.534    12.548  7 55568.68121837 20.291
  93  87.511864  64.568474    13.660    14.254  7 55578.59685984 18.053
  94  87.514307  64.566662    13.022    12.453  7 55588.51249934 17.081
  95  87.509384  64.565363    12.260    12.283  7 55598.42813509 18.621
  96  87.508600  64.564451    12.136    12.151  7 55608.34376865 18.229
  97  87.511215  64.564956    13.013    12.065  8 55618.25940060 17.935
  98  87.514733  64.566096    11.676    11.608  7 55628.17504766 16.916
  99  87.514233  64.566757    11.452    11.435  7 55638.09069893 16.361
 100  87.509513  64.566419    13.590    13.992  7 55648.00634781 11.935
 101  87.511953  64.563843    13.716    14.048  7 55657.92199453 13.672
 102  87.509002  64.563251    11.384    11.397  7 55667.83763650 24.492
 103  87.512980  64.563722    28.585    30.235  7 55677.75327631 31.632
 104  87.511440  64.566447    21.198    21.210  7 55687.66891350 55.059
 105  87.512631  64.568283    27.058    27.906  7 55697.58454971 28.188
 106  87.510862  64.569166    18.556    18.566  7 55707.50018462 42.775
 107  87.511602  64.567872    14.578    14.631  7 55717.41583598 45.561
 108  87.510848  64.567367    26.891    26.232  7 55727.33148444 19.531
 109  87.510459  64.567970    18.361    20.993  7 55737.24713123 23.029
 110  87.514365  64.568250    19.267    21.982  7 55747.16277722 19.943
 111  87.511300  64.568599    30.639    30.725  7 55757.07842049 18.108
 112  87.511335  64.566921    12.878    10.240  7 55766.99406160 34.479
 113  87.512192  64.564429    17.227    18.997  7 55776.90969984 24.534
 114  87.511430  64.563339    11.365    11.388  7 55786.82533510 54.148
 115  87.511049  64.564761    11.347    11.373  8 55796.74096846 51.860
 116  87.514439  64.566287    16.793    18.515  7 55806.65661029 43.230
 117  87.512680  64.567644    11.845    11.746  6 55816.57225899 54.898
 118  87.510241  64.566960    10.726    10.694  7 55826.48790460 38.882
 119  87.510467  64.565025    24.716    23.241  7 55836.40354616 25.391
 120  87.510382  64.563821    26.789    29.758  8 55846.31918439 26.237
 121  87.511834  64.565075    26.142    25.725  7 55856.23482005 23.891
 122  87.509931  64.567804     9.886     9.790  7 55866.15046221 47.921
 123  87.511305  64.569137    11.365    11.315  7 55876.06611487 40.097
 124  87.512018  64.568994    11.569    10.918  7 55885.98176159 30.724
 125  87.513400  64.567963    17.246    17.069  7 55895.89740262 20.526
 126  87.510391  64.567956    15.556    15.828  7 55905.81303792 21.926
 127  87.515116  64.567540    17.399    17.378  7 55915.72868149 19.399
 128  87.513032  64.568236    12.213    11.404  7 55925.64433486 24.906
 129  87.511630  64.568361    11.335    11.254  7 55935.55998505 27.408
 130  87.509249  64.566841    12.873    13.233  7 55945.47563047 22.595
 131  87.509759  64.564174    12.428    11.001  7 55955.39127183 21.101
 132  87.509840  64.562835    17.112    19.112  8 55965.30691042 17.185
 133  87.510880  64.563883    16.285    16.691  7 55975.22254770 17.286
 134  87.510692  64.566612    16.313    15.907  7 55985.13818384 17.328
 135  87.511906  64.568371    17.041    17.468  7 55995.05381817 17.406
 136  87.514836  64.566523    14.973    14.231  7 56004.96947081 17.258
 137  87.508747  64.564847    11.665    11.146  7 56014.88511870 19.485
 138  87.510406  64.563198    10.696    10.686  8 56024.80076419 26.084
 139  87.512089  64.564180    11.004    11.012  7 56034.71640740 15.931
 140  87.510395  64.567283    11.547    11.547  7 56044.63204804 16.092
 141  87.511748  64.569287    12.630    12.611  7 56054.54768627 28.635
 142  87.511421  64.569929    19.945    19.894  7 56064.46332076 49.394
 143  87.515393  64.568031    32.475    32.887  7 56074.37896504 28.276
 144  87.511489  64.567450    31.422    31.158  7 56084.29461439 24.671
 145  87.511326  64.567334    27.648    30.028  7 56094.21026172 26.677
 146  87.513651  64.567558    22.446    23.434  7 56104.12590713 30.525
 147  87.514645  64.567117     9.769     9.735  7 56114.04153797 42.028
 148  87.512974  64.566431     9.411     9.447  7 56123.95717639 40.491
 149  87.509519  64.565479     9.769     9.771  7 56133.87281067 52.530
 150  87.509248  64.564680     9.364     9.407  7 56143.78844998 42.678
 151  87.513234  64.564177     9.317     9.295  7 56153.70410074 52.350
 152  87.511558  64.565780     9.284     9.253  8 56163.61974948 50.852
 153  87.514058  64.566427     9.116     9.148  7 56173.53539660 40.300
 154  87.512473  64.566483     9.534     9.563  7 56183.45103834 51.734
 155  87.512382  64.565189     9.107     9.178  7 56193.36667659 39.583
 156  87.510577  64.564748     8.923     8.952  7 56203.28231189 48.221
 157  87.512732  64.565748     8.654     8.696  7 56213.19794584 34.698
 158  87.513118  64.568574     8.581     8.681  7 56223.11357848 41.442
 159  87.516003  64.569364    11.011    10.918  7 56233.02923501 37.178
 160  87.513011  64.569596    10.729     9.962  7 56242.94488701 34.674
 161  87.513020  64.568249    12.507    13.015  6 56252.86053482 25.165
 162  87.511544  64.567505    10.589    10.657  7 56262.77617792 32.451
 163  87.509831  64.567699    13.013    13.410  7 56272.69181892 26.878
 164  87.514076  64.567239    14.288    13.928  7 56282.60746172 22.373
 165  87.511283  64.566969    10.848    10.844  7 56292.52311327 26.807
 166  87.509869  64.565606    11.646    11.188  7 56302.43876059 27.503
 167  87.511072  64.563938    13.505    12.930  7 56312.35440399 23.746
 168  87.512070  64.563555    15.180    15.375  7 56322.27004517 17.109
 169  87.511334  64.564820    15.254    15.270  7 56332.18568555 17.075
 170  87.513053  64.565884    15.024    15.126  7 56342.10132573 16.005
 171  87.511171  64.566985    15.726    15.762  7 56352.01696330 15.210
 172  87.514686  64.565914    15.062    14.948  7 56361.93260416 15.734
 173  87.509363  64.565540    14.935    15.184  7 56371.84825310 15.975
 174  87.509478  64.565312    15.161    15.314  7 56381.76389981 15.546
 175  87.510322  64.566397    22.001    22.211  7 56391.67954431 14.690
 176  87.510323  64.567997    22.917    21.532  7 56401.59518704  9.604
 177  87.513202  64.568641    10.930    10.934  6 56411.51082736 45.301
 178  87.512628  64.569072    20.772    20.752  7 56421.42646244 33.811
 179  87.513146  64.568701    28.180    27.710  7 56431.34210179 31.222
 180  87.514197  64.567586    24.372    25.130  7 56441.25775482 27.806
 181  87.514214  64.567052    16.787    16.809  7 56451.17340524 55.055
 182  87.513420  64.566512    29.448    30.578  7 56461.08905328 19.388
 183  87.513662  64.565262    12.787    12.154  7 56471.00469817 29.137
 184  87.512968  64.564368    11.153    11.178  7 56480.92033931 33.426
 185  87.509667  64.564698    10.832    10.815  7 56490.83597620 52.874
 186  87.511770  64.565288    10.306    10.257  7 56500.75161100 51.987
 187  87.514783  64.566330     9.837     9.842  7 56510.66724436 51.955
 188  87.514787  64.566890     9.598     9.645  7 56520.58288813 40.280
 189  87.513053  64.566501    10.004     9.983  7 56530.49854124 51.315
 191  87.510497  64.565595    10.981    11.021  7 56550.32983554 53.971
 192  87.513631  64.565803    26.508    27.288  7 56560.24547863 21.315
 193  87.513135  64.567350    10.113    10.053  7 56570.16112032 35.003
 194  87.514578  64.568691    10.966    11.406  7 56580.07676083 30.218
 195  87.512643  64.569631     9.555     9.551  7 56589.99239710 42.542
 196  87.514442  64.568479    10.120    10.183  7 56599.90804349 43.268
 197  87.512214  64.567571    12.816    12.802  7 56609.82369388 28.110
 198  87.515289  64.567141    12.387    12.342  7 56619.73933987 22.254
 199  87.512842  64.567969    12.455    11.752  7 56629.65498206 20.820
 200  87.513669  64.567636    11.710    11.675  7 56639.57062133 21.598
 201  87.509335  64.566599    11.016    10.861  7 56649.48626635 19.032
 202  87.508858  64.564417    10.783    10.693  7 56659.40191753 18.770
 203  87.508693  64.563836    13.163    14.325  7 56669.31756482 17.421
 204  87.510814  64.565028    10.998    10.918  7 56679.23320991 22.430
 205  87.512044  64.566673    11.178    11.132  7 56689.14885335 17.845
 206  87.513841  64.566924    10.536    10.506  7 56699.06449425 19.391
 207  87.513403  64.566214    10.811    10.800  7 56708.98013038 19.744
 208  87.512692  64.565298    17.191    17.211  7 56718.89576983 14.158
 209  87.510569  64.565323    13.284    11.701  7 56728.81142212 15.439
 210  87.510505  64.566855    19.643    21.712  7 56738.72707048 12.860
 211  87.515283  64.568099    19.145    17.336  7 56748.64271546 11.358
 212  87.514193  64.569263    11.234    11.084  7 56758.55835527 17.728
 213  87.512615  64.569337    12.175    12.131  7 56768.47398901 32.154
 214  87.512748  64.567736    14.848    14.929  7 56778.38963631 28.116
 215  87.510039  64.566971    20.803    20.783  7 56788.30529200 51.691
 216  87.512318  64.566485    21.857    21.804  7 56798.22094467 55.814
 217  87.510567  64.567323    30.177    30.554  7 56808.13659118 26.361
 218  87.510048  64.567160    30.913    30.592  7 56818.05223205 25.537
 219  87.512446  64.565455    18.181    18.185  7 56827.96786972 52.942
 220  87.510706  64.564262    28.865    29.709  8 56837.88350373 17.451
 221  87.511931  64.564477    10.876    10.886  7 56847.79913504 37.775
 222  87.510985  64.565671    10.616    10.597  7 56857.71478756 53.251
 223  87.510492  64.567443    10.645    10.689  7 56867.63044075 52.608
 224  87.514048  64.567077    22.546    23.828  7 56877.54609274 24.049
 225  87.511849  64.566131    10.371    10.321  7 56887.46174106 37.225
 226  87.509349  64.564776    24.951    25.983  7 56897.37738671 24.038
 227  87.512381  64.564284    28.508    31.083  7 56907.29303011 22.829
 228  87.514671  64.565968    31.494    32.004  7 56917.20867120 24.102
 229  87.511108  64.569250    11.274    11.260  7 56927.12430972 46.503
 230  87.515506  64.570009    11.435    10.486  7 56937.03994544 36.758
 231  87.513039  64.570023    10.049    10.104  7 56946.95557569 45.000
 232  87.510223  64.567819     9.503     9.409  7 56956.87122979 41.993
 233  87.510929  64.566219    13.040    13.828  7 56966.78687861 21.877
 234  87.514033  64.566350    12.794    11.729  7 56976.70252332 20.416
 235  87.515686  64.567552    16.107    16.159  7 56986.61816328 15.747
 236  87.514810  64.568164    16.607    16.466  7 56996.53379727 14.742
 237  87.511980  64.566779    16.860    17.227  7 57006.44944172 14.224
 238  87.512781  64.563903    16.349    17.655  7 57016.36509626 19.039
 239  87.512069  64.563197    17.227    17.343  7 57026.28074672 12.764
 240  87.511086  64.565089    17.603    17.654  7 57036.19639503 12.599
 241  87.510068  64.567413    17.234    17.377  7 57046.11204073 13.014
 242  87.514167  64.567682    16.771    16.759  7 57056.02768368 12.155
 243  87.510713  64.567249    17.173    17.322  7 57065.94332079 14.596
 244  87.512560  64.566211    16.969    17.159  7 57075.85895389 11.851
 245  87.510644  64.567314    13.103    12.071  7 57085.77458338 14.706
 246  87.515341  64.567933    14.681    14.510  7 57095.69024050 13.505
 247  87.515514  64.569332    14.765    15.106  7 57105.60589667 12.958
 248  87.513189  64.570077    13.731    14.393  7 57115.52154811 14.054
 249  87.511871  64.568889    34.965    35.645  7 57125.43719355  2.938
 250  87.510599  64.567270    11.986    11.926  7 57135.35283375 25.387
 251  87.513245  64.566143    15.964    16.055  7 57145.26847002 28.837
 252  87.513308  64.567107    18.493    18.548  7 57155.18410346 30.946
 253  87.512309  64.568414    29.722    29.532  7 57165.09974289 29.359
 254  87.510323  64.568316    27.763    28.811  7 57175.01539947 30.689
 255  87.514301  64.565921    20.246    18.644  7 57184.93105314 30.301
 256  87.508445  64.564783    27.620    26.626  7 57194.84670177 21.575
 257  87.508417  64.564035    10.963    10.927  7 57204.76233713 36.577
 258  87.512600  64.564709    10.806    10.772  7 57214.67798279 53.504
 259  87.513157  64.566788    10.264    10.355  7 57224.59362649 34.773
 260  87.513207  64.568006    10.163    10.211  7 57234.50926833 47.487
 261  87.512444  64.567752    10.444    10.462  7 57244.42490696 49.271
 262  87.512242  64.566918    23.319    24.117  7 57254.34054317 22.014
 263  87.514728  64.567011    27.886    27.827  7 57264.25617823 21.099
 264  87.513128  64.569104    28.393    30.635  7 57274.17181764 22.752
 265  87.513248  64.570252    11.105    11.050  7 57284.08747490 52.539
 266  87.513401  64.569974    31.704    32.340  6 57294.00312950 26.282
 267  87.512246  64.568474    15.690    17.859  7 57303.91878048 29.615
 268  87.512628  64.566358    12.498    13.857  7 57313.83442776 25.157
 269  87.511954  64.565436     9.908     9.906  7 57323.75007158 40.507
 270  87.510734  64.565973     9.737     9.729  7 57333.66571327 42.820
 271  87.509511  64.567199    10.418    10.339  7 57343.58135294 36.320
 272  87.509543  64.566547     9.640     9.610  7 57353.49700607 31.421
 273  87.513511  64.565046    10.874    10.808  7 57363.41265050 30.642
 274  87.511432  64.564343    11.556    11.578  7 57373.32829100 25.079
 275  87.511082  64.564661    11.364    11.357  7 57383.24392983 26.297
 276  87.513852  64.565614    10.805    10.763  7 57393.15956852 26.088
 277  87.512463  64.567738    10.930    10.792  7 57403.07520584 20.023
 278  87.512760  64.568404    13.151    13.224  7 57412.99085039 18.310
 279  87.512951  64.567712    15.904    15.323  7 57422.90650217 16.013
 280  87.510689  64.567388    15.567    14.994  7 57432.82215089 16.452
 281  87.511480  64.567502    14.369    13.828  7 57442.73779798 16.311
 282  87.513903  64.568145    16.079    16.701  7 57452.65344444 17.325
 283  87.514783  64.568853    15.102    15.325  7 57462.56908910 17.185
 284  87.514836  64.568776    17.941    16.559  7 57472.48473018 13.726
 285  87.513133  64.568250    13.568    14.017  7 57482.40036731  9.253
 287  87.512255  64.567770    11.532    11.482  7 57502.23163374 26.338
 288  87.514026  64.567339    13.966    13.968  7 57512.14728419 23.028
 289  87.510545  64.567389    15.778    15.855  7 57522.06293915 30.085
 290  87.514342  64.565844    23.190    23.149  7 57531.97859249 24.905
 291  87.510713  64.565319    18.308    18.254  7 57541.89424177 53.371
 292  87.511441  64.564653    18.057    18.039  7 57551.80988856 52.815
 293  87.509787  64.565352    13.029    12.630  7 57561.72553352 25.560
 294  87.512496  64.565963    10.541    10.535  7 57571.64117843 34.933
 295  87.511869  64.566856    10.387    10.365  7 57581.55682290 53.524
 296  87.511526  64.567265    10.235    10.267  7 57591.47246565 53.011
 297  87.513927  64.566952     9.873     9.779  7 57601.38810603 38.099
