# NaN NaN NaN ;Mean Elev.(m), Avg Gradient(m/km), RMS Gradient(m/km) - SRTM1     
#   -3.119  -3.723   9.817 ;Mean Elev.(m), Avg Gradient(m/km), RMS Gradient(m/km) - ASTER GDEM
#    2.016   0.566  10.853 ;Mean Elev.(m), Avg Gradient(m/km), RMS Gradient(m/km) - GMTED2010 
   1  87.306442  66.146136    33.254    33.018  9 54667.29270467 15.843
   2  87.303945  66.147066    55.329    56.105 10 54677.20834890 13.993
   3  87.299203  66.148847   -12.407   -12.369 11 54687.12399159 11.135
   4  87.293417  66.150015    36.676    36.417 12 54697.03963242 17.501
   5  87.299676  66.149147    -9.040    -9.491 11 54706.95527386 11.717
   6  87.306245  66.146677    35.327    34.966  9 54716.87092652 16.941
   7  87.309394  66.144187     9.560     9.320  8 54726.78657636 25.241
   8  87.311433  66.143544    43.156    43.687  8 54736.70222439 18.695
   9  87.307071  66.144943    31.798    30.736  9 54746.61787127 21.350
  10  87.305710  66.146511    38.285    42.417 10 54756.53351801 16.956
  11  87.307225  66.146506    34.887    35.077  9 54766.44916326 15.136
  12  87.309723  66.144627    54.215    54.848  9 54776.36480548 17.461
  13  87.313750  66.142751    31.857    29.408  9 54786.28044543 16.292
  14  87.315644  66.142664    27.589    27.654  9 54796.19608393 18.454
  15  87.310924  66.144694    36.527    41.212  9 54806.11172138 12.961
  16  87.304532  66.146689    38.913    42.120 10 54816.02735807 12.111
  17  87.303521  66.147454    41.663    42.487  9 54825.94300543 10.516
  18  87.304010  66.146777    37.997    42.135  9 54835.85864487 10.866
  19  87.303643  66.146644    42.749    43.020  9 54845.77429447  9.606
  20  87.301472  66.147303    42.474    42.795 10 54855.68994320 11.256
  21  87.300765  66.148684    42.481    42.520 10 54865.60559199 11.007
  22  87.296545  66.149129    40.807    42.845 10 54875.52124004 11.634
  23  87.300040  66.148210    39.829    42.357 10 54885.43688597 11.204
  24  87.306084  66.145985    33.020    34.069 10 54895.35252871 13.574
  25  87.309566  66.144077    29.052    30.243  9 54905.26816855 13.436
  26  87.310184  66.143767    31.485    32.034  8 54915.18380700 12.553
  27  87.306184  66.144846    34.856    34.573  9 54925.09944467 13.480
  28  87.306057  66.146000    41.224    42.039 10 54935.01508196  7.980
  29  87.303506  66.146084    25.975    25.799  9 54944.93071709 11.399
  30  87.306530  66.144705    23.046    21.440  9 54954.84635033 15.529
  31  87.305342  66.143210    56.668    58.675  7 54964.76199671 12.145
  32  87.311095  66.143137    62.469    59.163  8 54974.67764536 11.034
  34  87.305025  66.146517    22.959    18.285 10 54994.50894016 24.994
  35  87.302252  66.147412    39.768    39.704  9 55004.42458621 16.156
  36  87.301469  66.147336    34.699    34.560 10 55014.34023033 15.805
  37  87.303336  66.147047    56.622    55.329 10 55024.25587330 13.864
  38  87.302622  66.147645    32.677    31.823  9 55034.17151545 15.754
  39  87.301951  66.148425    34.173    33.734 10 55044.08715688 15.796
  40  87.297399  66.148454    36.864    35.886 10 55054.00279632 14.187
  41  87.303803  66.147002    52.706    50.408 10 55063.91843451 17.359
  42  87.308995  66.145203    29.526    30.886  9 55073.83408096 15.775
  43  87.311606  66.143991    35.411    36.676  9 55083.74972926 14.426
  44  87.310107  66.144144    32.874    32.433  9 55093.66537560 17.690
  45  87.308359  66.144856    33.128    33.224  9 55103.58102177 18.172
  46  87.307318  66.145457    32.139    32.689  8 55113.49666778 16.570
  47  87.307323  66.145106    31.440    32.191  8 55123.41231144 16.566
  48  87.309983  66.144193    51.939    51.834  8 55133.32795246 23.512
  49  87.311475  66.143372    38.951    41.085  9 55143.24359129 15.785
  50  87.312302  66.143734    33.722    31.940  9 55153.15922947 17.544
  51  87.306869  66.144949    41.947    41.907  9 55163.07486743 16.397
  52  87.302779  66.146365    40.173    43.024  9 55172.99050521 14.859
  53  87.305188  66.147055    42.340    42.509  9 55182.90614240 13.537
  54  87.304041  66.147207    42.364    42.371  9 55192.82179356 13.823
  55  87.304048  66.147555    42.235    42.474 10 55202.73744357 13.394
  56  87.300604  66.148174    42.767    43.017 10 55212.65309261 12.762
  57  87.298421  66.148383    43.316    43.367 10 55222.56874131 12.686
  58  87.303097  66.147412    42.620    42.862  9 55232.48438929 12.201
  59  87.306766  66.145704    42.249    42.299  8 55242.40003399 11.943
  60  87.308520  66.144236    41.909    41.958  9 55252.31567516 11.635
  61  87.311333  66.143846    41.389    41.547  9 55262.23131421 11.176
  62  87.309319  66.144722    41.815    41.900  8 55272.14695189 10.797
  63  87.307104  66.145407    42.244    42.296  9 55282.06258938 11.309
  64  87.305499  66.145212    42.295    42.532  9 55291.97822575 11.618
  65  87.308554  66.144289    41.698    41.759  9 55301.89386068 11.238
  66  87.313828  66.143399    13.702     4.967  9 55311.80950895 12.687
  68  87.308184  66.144645    57.395    59.923  9 55331.64079812  2.868
  69  87.308158  66.145909    51.178    53.662  9 55341.55644234 10.958
  70  87.306956  66.146482    16.976    16.951  9 55351.47208626 40.764
  71  87.305101  66.146641    32.873    34.061 10 55361.38772794 20.120
  72  87.305134  66.146892    35.038    36.679 10 55371.30336770 21.482
  73  87.301580  66.147667    36.027    35.259  9 55381.21900569 18.813
  74  87.302669  66.148529    54.518    54.002 10 55391.13464339 24.257
  75  87.299793  66.148525    35.706    36.320 11 55401.05027948 17.717
  76  87.305926  66.146954    34.452    38.022  9 55410.96592919 17.246
  77  87.309964  66.144628    33.216    32.949  9 55420.88157952 15.751
  78  87.311546  66.143218    56.377    56.134  9 55430.79722663 23.978
  79  87.310111  66.143786    35.230    34.592  8 55440.71287111 19.198
  80  87.305595  66.145240    35.539    37.043  9 55450.62851380 17.480
  81  87.305250  66.146007    55.447    55.946  9 55460.54415629 22.856
  82  87.305405  66.145183    35.503    38.890  9 55470.45979771 17.553
  83  87.312551  66.143666    53.216    52.195  9 55480.37543674 27.696
  84  87.314127  66.142811    33.063    32.146  9 55490.29107271 15.985
  85  87.312425  66.143562    28.467    29.273  8 55500.20670623 20.073
  86  87.305914  66.145349    52.689    51.590  9 55510.12234736 24.522
  87  87.305163  66.146682    54.476    56.120 10 55520.03799712 16.642
  88  87.302529  66.147084    42.933    42.970  9 55529.95364573 13.364
  89  87.302376  66.146712    40.208    42.799  9 55539.86929285 14.541
  90  87.305112  66.146576    38.377    41.542 10 55549.78493803 14.478
  91  87.301897  66.147325    40.186    42.748  9 55559.70058099 13.679
  92  87.301248  66.148469    41.929    42.852 10 55569.61622333 14.115
  93  87.299603  66.148514    42.765    43.157 10 55579.53186463 13.039
  94  87.304875  66.146664    42.209    42.558  9 55589.44750393 12.635
  95  87.312314  66.143952    41.032    41.124  9 55599.36314037 12.557
  96  87.315801  66.142469    39.451    40.926  9 55609.27877404 12.043
  97  87.313723  66.143306    41.181    41.360  9 55619.19440560 11.356
  98  87.303955  66.145585    42.849    42.935  9 55629.11005360 11.449
  99  87.304228  66.146646    42.498    42.589 10 55639.02570471 11.773
 100  87.309452  66.145540    42.062    42.088  9 55648.94135403 10.852
 101  87.312984  66.143270    41.467    41.497  8 55658.85700005 11.017
 103  87.310714  66.143466    35.735    38.529  9 55678.68828116 20.602
 104  87.306941  66.145937    16.841    16.358  9 55688.60391834 32.128
 105  87.303165  66.147692    22.224    15.205 10 55698.51955413 29.062
 106  87.300716  66.147710    32.479    33.938 10 55708.43519058 20.314
 107  87.304308  66.146739    61.163    58.893 10 55718.35084179 15.651
 108  87.305508  66.146421    34.359    34.860 10 55728.26649022 15.888
 109  87.304091  66.147147    52.042    51.563  9 55738.18213690 28.740
 110  87.302034  66.148156    34.224    33.912 10 55748.09778228 16.091
 111  87.301587  66.148073    31.802    31.928 10 55758.01342557 16.534
 112  87.305142  66.146408    35.843    36.339 10 55767.92906652 16.457
 113  87.311232  66.143942    32.913    33.033  9 55777.84470460 18.639
 114  87.314435  66.142482    32.372    32.916  9 55787.76033983 17.076
 115  87.312768  66.143353    56.042    54.468  9 55797.67597315 14.503
 116  87.305176  66.145293    33.737    33.467  9 55807.59161590 19.403
 117  87.304334  66.146654    40.115    40.031  9 55817.50726480 13.965
 118  87.304216  66.145825    35.667    35.482  9 55827.42291011 16.340
 119  87.310776  66.143921    33.377    34.420  8 55837.33855168 18.772
 120  87.313543  66.142540    33.339    34.197  8 55847.25418978 18.364
 121  87.310921  66.143645    32.517    32.514  9 55857.16982503 20.732
 122  87.305851  66.146090    54.017    52.905 10 55867.08546908 19.125
 123  87.300968  66.148134    37.650    38.106 10 55877.00112081 19.036
 124  87.300101  66.148359    35.968    35.101 10 55886.91676665 18.723
 125  87.301673  66.147443    36.848    35.976 10 55896.83240699 18.603
 126  87.303051  66.146564    29.330    30.714  9 55906.74804217 19.237
 127  87.303387  66.146836    28.208    30.646  9 55916.66368735 18.661
 128  87.304218  66.147585    26.041    26.011 10 55926.57934087 18.442
 129  87.303559  66.147673    30.175    30.927 10 55936.49499092 17.032
 130  87.306166  66.146045    36.689    38.093  9 55946.41063636 14.759
 131  87.312726  66.143780    33.143    30.573  9 55956.32627766 16.333
 132  87.314192  66.142607    28.546    29.248  9 55966.24191593 17.199
 133  87.311241  66.143543    28.009    29.126  8 55976.15755275 16.830
 134  87.307613  66.145433    30.121    28.972  9 55986.07318873 15.807
 135  87.305297  66.146490    32.096    32.264 10 55995.98882472 15.984
 136  87.309898  66.145643    27.496    29.719  9 56005.90447692 16.149
 137  87.311821  66.143838    29.974    29.846  9 56015.82012487 14.478
 138  87.312934  66.143153    26.604    25.845  8 56025.73576977 10.376
 139  87.308335  66.144397    31.096    30.913  8 56035.65141233  9.900
 140  87.304133  66.146612    37.680    38.930  9 56045.56705290  8.155
 141  87.298021  66.148215    25.544    26.063 10 56055.48269049 11.591
 142  87.302132  66.148393    66.207    65.094 10 56065.39832503 20.470
 143  87.303218  66.147550    18.836    15.676 10 56075.31397065 27.572
 144  87.305122  66.147067    63.770    65.942 10 56085.22962022 23.051
 145  87.304772  66.147018    34.164    34.891 10 56095.14526722 16.901
 146  87.302892  66.147189    36.896    37.000 10 56105.06091197 16.490
 147  87.305385  66.146555    32.300    31.574 10 56114.97654261 15.768
 148  87.306773  66.145548    51.212    51.576  9 56124.89218097 26.193
 149  87.310318  66.144175    50.623    50.365  8 56134.80781552 21.244
 150  87.312380  66.143634    34.717    34.565  8 56144.72345656 10.421
 151  87.310302  66.144102    33.438    32.652  9 56154.63910645 11.403
 152  87.308383  66.145227    65.011    67.889  9 56164.55475523  7.220
 153  87.308343  66.145898    32.853    32.084  9 56174.47040204 12.489
 154  87.304944  66.145632    35.557    34.326  9 56184.38604342 15.518
 155  87.309159  66.144571    34.332    34.549  8 56194.30168173 15.808
 156  87.311025  66.144178    30.255    30.353  8 56204.21731697 21.311
 157  87.307154  66.145213    42.415    43.810  9 56214.13295016 20.332
 158  87.303541  66.147159    51.164    51.323 10 56224.04858503 23.322
 159  87.300941  66.148369    37.117    34.917 10 56233.96424075 19.494
 160  87.301117  66.148376    28.507    28.359 10 56243.87989276 21.525
 161  87.303100  66.147640    24.683    24.140 10 56253.79554011 21.195
 162  87.304265  66.147261    26.686    27.638 10 56263.71118306 20.557
 163  87.303484  66.147297    27.231    27.521  9 56273.62682398 19.069
 164  87.304893  66.147067    29.096    30.151 10 56283.54246772 18.884
 165  87.308300  66.146091    33.625    35.015  9 56293.45811950 16.771
 166  87.310188  66.144584    38.531    40.504  9 56303.37376677 14.504
 167  87.310067  66.143744    35.876    37.277  8 56313.28940976 14.393
 168  87.308613  66.144162    39.715    41.429  9 56323.20505053 13.403
 169  87.307446  66.145289    41.657    41.785  9 56333.12069073 12.267
 170  87.304783  66.145821    41.228    42.349  9 56343.03633029 12.174
 171  87.305590  66.145543    42.022    41.987  9 56352.95196787 11.837
 172  87.310371  66.144733    40.784    41.207  9 56362.86761026 12.016
 173  87.307118  66.144522    41.846    41.895  9 56372.78325910 11.556
 175  87.302495  66.146855    42.446    42.562  9 56392.61454934 11.179
 176  87.302291  66.147833    39.492    42.428  9 56402.53019193  7.042
 177  87.301344  66.148120    52.163    52.485 10 56412.44583164 13.712
 178  87.302163  66.147719    57.229    59.846  9 56422.36146654 12.730
 179  87.303036  66.147503    19.804    19.800 10 56432.27710805 39.469
 180  87.303077  66.147565    25.425    26.900  9 56442.19276066 23.505
 181  87.303080  66.147745    60.096    59.473 10 56452.10841072 27.644
 182  87.305535  66.147009    33.974    33.668  9 56462.02405856 13.866
 183  87.307455  66.145508    33.470    32.566  9 56471.93970305 16.190
 184  87.308254  66.144067    33.514    32.614  9 56481.85534394 16.148
 185  87.312951  66.143793    58.664    60.122  9 56491.77098144  8.758
 186  87.310701  66.144737    61.016    61.222  9 56501.68661578  6.795
 187  87.303315  66.146049    35.736    36.517  9 56511.60224813 13.725
 188  87.305753  66.146325    34.486    34.134 10 56521.51789415 14.153
 189  87.304374  66.145613    34.799    33.369  9 56531.43354694 13.635
 191  87.309325  66.144614    30.063    30.102  8 56551.26484151 16.459
 192  87.307430  66.146025    31.235    30.898  9 56561.18048407 16.760
 193  87.302677  66.147855    36.574    36.334 10 56571.09612528 17.320
 194  87.298276  66.148997    34.959    34.878 11 56581.01176498 16.420
 195  87.300966  66.148502    51.863    51.586 10 56590.92740118 16.560
 196  87.304148  66.147278    51.321    52.559 10 56600.84304938 16.007
 197  87.303123  66.146622    44.201    43.342  9 56610.75869938 11.193
 198  87.302442  66.147315    42.458    41.342 10 56620.67434472 12.659
 199  87.300931  66.148066    37.841    36.458 10 56630.58998693 10.894
 200  87.303334  66.147535    35.414    34.872 10 56640.50562583 12.147
 201  87.307174  66.145454    33.736    34.854  9 56650.42127299 11.606
 202  87.312758  66.143373    37.511    39.132  8 56660.33692414 13.187
 203  87.312185  66.143116    36.380    36.832  9 56670.25257123 13.053
 204  87.308906  66.145026    33.532    36.247  9 56680.16821592 12.812
 205  87.303205  66.146894    35.379    35.372 10 56690.08385864 11.843
 206  87.302580  66.147130    38.525    38.211 10 56699.99949869 10.824
 207  87.307010  66.145632    27.549    28.195  9 56709.91513450 13.360
 208  87.310478  66.144363    23.864    22.641  8 56719.83077619 14.491
 209  87.307524  66.144666    14.179    14.493  9 56729.74642812 15.867
 210  87.304335  66.146777    36.675    35.403 10 56739.66207610 11.774
 211  87.300809  66.148961    41.502    42.616 10 56749.57772005 12.635
 212  87.298854  66.149623    33.890    34.547 11 56759.49335935  9.874
 213  87.297169  66.148639    17.146    19.663 10 56769.40899236 19.273
 214  87.304983  66.147013    28.335    28.918 10 56779.32464285 16.804
 215  87.305057  66.146356    36.744    31.975  9 56789.24029841 18.909
 216  87.303226  66.146878    66.171    66.489 10 56799.15595043 25.231
 217  87.299798  66.147851    31.147    31.707 10 56809.07159612 20.606
 218  87.303515  66.147568    62.553    63.461 10 56818.98723699 25.653
 219  87.305446  66.145833    64.449    64.163  9 56828.90287397 21.867
 220  87.311609  66.143666    23.079    20.290  9 56838.81850814 21.952
 221  87.313054  66.143248    32.368    32.509  8 56848.73413982 14.289
 222  87.310269  66.144788    53.286    53.606  9 56858.64979411 23.351
 223  87.305315  66.146963    33.514    32.685  9 56868.56544716 15.288
 224  87.301172  66.147616    34.199    33.732 10 56878.48109821 15.924
 225  87.307558  66.146471    33.165    32.524  9 56888.39674690 14.929
 226  87.310459  66.144846    32.750    32.731  9 56898.31239258 17.009
 227  87.308775  66.144945    33.267    33.415  9 56908.22803534 17.792
 228  87.303715  66.146951    36.546    36.767 10 56918.14367581 17.738
 229  87.295655  66.149319    35.075    35.388 11 56928.05931400 20.670
 230  87.291806  66.150136    36.562    35.674 12 56937.97494849 16.917
 231  87.298225  66.148908    52.290    52.415 11 56947.89058173 19.009
 232  87.303288  66.146848    54.335    54.539 10 56957.80623570 18.393
 233  87.305199  66.145814    42.892    43.110  9 56967.72188401 12.859
 234  87.305203  66.146413    42.016    43.002  9 56977.63752814 11.532
 235  87.304184  66.147499    40.928    42.221 10 56987.55316767 13.159
 236  87.303250  66.147421    40.370    42.323  9 56997.46880120 12.436
 237  87.308392  66.145800    38.108    41.958  9 57007.38444879 10.964
 238  87.312692  66.143853    37.882    41.126  9 57017.30010284 13.096
 239  87.311530  66.143396    35.142    35.871  8 57027.21575290 13.099
 240  87.308614  66.144957    41.017    41.828  9 57037.13140098 11.374
 241  87.306494  66.146772    41.887    41.823  9 57047.04704657 10.795
 242  87.303673  66.147546    37.021    39.972 10 57056.96268847 11.476
 243  87.304376  66.146604    36.225    34.926 10 57066.87832528 11.817
 244  87.307521  66.145744    30.641    30.725  9 57076.79395794 12.237
 245  87.308867  66.145901    39.256    41.054  9 57086.70958820 11.223
 246  87.302567  66.147605    30.332    30.053 10 57096.62524649 13.003
 247  87.299290  66.149308    42.507    42.684 11 57106.54090222  9.876
 248  87.293076  66.149820    44.122    44.542 12 57116.45655292 11.844
 249  87.299682  66.148629    35.002    35.014 11 57126.37219854  4.191
 251  87.304084  66.146108    36.176    37.398  9 57146.20347414 10.126
 252  87.306946  66.146349    60.293    60.066  9 57156.11910752 24.313
 253  87.302942  66.146945    17.599    17.406  9 57166.03474931 30.851
 254  87.305382  66.146943    18.197    18.248  9 57175.95040611 39.834
 255  87.307180  66.145815    25.246    25.852  9 57185.86605901 25.200
 256  87.309559  66.144452    32.456    32.844  9 57195.78170787 17.505
 257  87.311206  66.144079    31.272    32.420  8 57205.69734299 15.576
 258  87.306084  66.145212    36.032    40.101  9 57215.61298771 14.807
 259  87.302398  66.146683    35.730    36.901  9 57225.52863124 15.357
 260  87.301635  66.147392    35.848    36.845  9 57235.44427307 15.384
 261  87.303662  66.147003    36.986    36.485 10 57245.35991173 13.965
 262  87.306728  66.146408    35.715    39.825  9 57255.27554793 14.892
 263  87.304047  66.146915    36.381    36.926 10 57265.19118233 17.152
 264  87.300815  66.148235    36.321    35.616 10 57275.10682395 17.728
 265  87.296996  66.149295    36.107    36.078 10 57285.02248074 18.564
 266  87.298903  66.149017    31.808    31.799 11 57294.93813518 21.261
 267  87.300301  66.147875    39.222    43.566 10 57304.85378594 17.459
 268  87.305023  66.146656    51.254    51.104  9 57314.76943313 23.846
 269  87.307223  66.146230    52.613    52.232  9 57324.68507685 24.746
 270  87.304187  66.146386    40.544    43.118  9 57334.60071816 15.198
 271  87.302943  66.146545    42.921    43.030  9 57344.51635769 11.269
 272  87.303741  66.145927    39.976    42.239  9 57354.43201174 12.856
 273  87.310426  66.145112    37.839    41.241  9 57364.34765619 12.415
 274  87.307738  66.144498    31.232    30.519  9 57374.26329640 14.680
 275  87.308011  66.144871    41.125    42.099  9 57384.17893507 12.810
 276  87.308487  66.145694    39.570    42.508  9 57394.09457336 14.012
 277  87.303216  66.146607    39.900    42.157  9 57404.01021021 12.877
 278  87.303082  66.146828    34.869    35.383  9 57413.92585643 13.388
 279  87.303575  66.146750    39.889    42.594  9 57423.84150800 12.149
 280  87.304949  66.146978    34.719    34.785  9 57433.75715675 12.174
 281  87.302599  66.147916    37.528    38.639 10 57443.67280336 11.833
 282  87.300071  66.148873    40.142    42.039 10 57453.58844927 12.809
 283  87.297301  66.149166    38.900    41.652 11 57463.50409343 12.545
 284  87.302106  66.148187    39.319    39.987 10 57473.41973464 11.673
 285  87.302814  66.146970    36.285    36.147 10 57483.33537176 12.320
 286  87.304607  66.146215    32.522    30.258  9 57493.25100601  8.733
 287  87.304258  66.146643    27.171    27.275 10 57503.16663806  9.553
 288  87.305244  66.146962    38.057    41.893 10 57513.08229052  7.298
 289  87.304770  66.146554    42.742    43.021  9 57522.99794537  6.041
 290  87.308397  66.145361    57.577    55.915  9 57532.91359826 14.629
 291  87.309214  66.144365    31.018    33.950  9 57542.82924770 23.273
 292  87.308654  66.144454    65.820    65.601  8 57552.74489422 22.917
 293  87.306135  66.145541    64.944    64.974  9 57562.66053905  8.034
 295  87.306007  66.146867    52.044    51.885  9 57582.49182815 22.209
 296  87.304864  66.146547    35.627    36.044  9 57592.40747069 13.048
 297  87.302922  66.146438    35.589    33.185  9 57602.32311062 12.701
