-136922.877    76.768     0.00    8.15
-136636.407    74.269    -8.72    9.06
-136349.931    71.513    -9.62    9.65
-136063.450    67.897   -12.62    8.69
-135776.964    64.274   -12.65    7.17
-135490.473    62.171    -7.34    5.78
-135203.976    61.446    -2.53    5.48
-134917.474    61.251    -0.68    5.83
-134630.967    61.678     1.49    6.94
-134344.454    61.588    -0.31    8.13
-134057.936    61.099    -1.71    8.44
-133771.413    60.649    -1.57    8.35
-133484.884    59.647    -3.50    8.16
-133198.350    58.728    -3.21    8.05
-132911.811    57.579    -4.01    8.00
-132625.267    56.516    -3.71    7.99
-132338.717    55.395    -3.91    7.51
-132052.162    53.719    -5.85    6.68
-131765.601    52.853    -3.02    6.27
-131479.035    51.234    -5.65    5.07
-131192.464    50.362    -3.04    4.38
-130905.888    50.625     0.92    4.86
-130619.306    51.650     3.58    5.52
-130332.719    52.764     3.89    6.01
-130046.126    53.446     2.38    6.77
-129759.528    53.098    -1.22    7.74
-129472.925    52.181    -3.20    8.36
-129186.317    50.414    -6.17    8.92
-128899.703    49.034    -4.81    9.29
-128613.084    48.581    -1.58    9.84
-128326.460    49.536     3.33   11.30
-128039.830    51.212     5.85   13.09
-127753.195    54.143    10.22   14.73
-127466.555    58.337    14.63   15.12
-127179.909    61.700    11.73   13.15
-126893.258    64.194     8.70   10.46
-126606.602    64.474     0.98    9.51
-126319.940    62.611    -6.50   10.23
-126033.273    59.368   -11.31   11.20
-125746.601    55.068   -15.00   12.82
-125459.924    50.612   -15.54   12.98
-125173.241    46.215   -15.34   12.35
-124886.552    43.522    -9.39   11.72
-124599.859    41.805    -5.99   10.91
-124313.160    41.446    -1.25   10.35
-124026.456    40.892    -1.93    9.97
-123739.746    41.448     1.94    9.46
-123453.031    42.785     4.66    8.36
-123166.311    43.750     3.37    6.78
-122879.585    44.747     3.48    5.55
-122592.855    45.349     2.10    5.15
-122306.118    46.274     3.23    5.16
-122019.377    47.364     3.80    4.96
-121732.630    48.048     2.39    4.85
-121445.878    48.532     1.69    4.65
-121159.120    48.575     0.15    4.44
-120872.357    48.903     1.14    4.15
-120585.589    48.924     0.07    3.47
-120298.816    50.066     3.98    4.19
-120012.037    51.962     6.61    5.99
-119725.252    54.231     7.91    7.34
-119438.463    56.994     9.63    7.34
-119151.668    59.643     9.24    6.75
-118864.868    62.446     9.77    6.40
-118578.062    64.820     8.28    6.29
-118291.251    67.041     7.75    6.86
-118004.435    68.933     6.60    7.58
-117717.614    70.791     6.48    7.97
-117430.787    73.388     9.05    7.84
-117143.954    75.635     7.83    8.01
-116857.117    77.615     6.90    8.30
-116570.274    79.208     5.55    8.12
-116283.426    81.187     6.90    7.21
-115996.572    82.912     6.01    6.45
-115709.713    84.309     4.87    5.25
-115422.849    85.118     2.82    4.10
-115135.979    85.428     1.08    3.48
-114849.104    85.502     0.26    3.47
-114562.224    85.470    -0.11    3.54
-114275.339    85.323    -0.51    3.40
-113988.448    85.136    -0.65    3.33
-113701.551    84.798    -1.18    3.58
-113414.650    83.564    -4.30    4.99
-113127.743    81.298    -7.90    7.39
-112840.830    77.962   -11.63    9.27
-112553.913    74.785   -11.08    9.73
-112266.990    72.223    -8.93    9.89
-111980.061    70.000    -7.75    9.08
-111693.127    67.098   -10.11    8.52
-111406.188    65.270    -6.37    8.68
-111119.244    63.474    -6.26    8.14
-110832.294    62.631    -2.94    7.38
-110545.339    61.784    -2.95    6.33
-110258.379    60.453    -4.64    4.92
-109971.413    59.362    -3.80    3.74
-109684.442    57.917    -5.03    3.91
-109397.465    56.157    -6.13    5.56
-109110.483    54.248    -6.65    6.82
-108823.496    52.011    -7.80    7.82
-108536.643    50.166    -6.43    9.45
-108250.714    49.006    -4.06   10.77
-107964.780    47.462    -5.40   11.50
-107678.842    46.062    -4.90   11.54
-107392.899    44.642    -4.97   10.90
-107106.951    43.784    -3.00    9.84
-106820.999    43.055    -2.55    7.84
-106535.042    42.476    -2.02    5.68
-106249.081    41.136    -4.69    4.50
-105963.115    39.848    -4.50    3.49
-105677.144    38.998    -2.97    2.90
-105391.169    38.430    -1.99    2.67
-105105.190    38.127    -1.06    3.14
-104819.206    37.986    -0.49    3.61
-104533.217    38.352     1.28    3.75
-104247.224    38.627     0.96    3.67
-103961.226    39.155     1.85    3.79
-103675.223    39.968     2.84    4.06
-103389.216    40.798     2.90    4.14
-103103.205    41.665     3.03    4.11
-102817.189    42.516     2.97    3.70
-102531.168    43.110     2.08    3.15
-102245.143    43.529     1.47    2.82
-101959.113    43.943     1.45    2.67
-101673.079    43.951     0.03    2.60
-101387.040    44.057     0.37    2.45
-101100.996    43.941    -0.41    2.44
-100814.948    44.291     1.22    2.39
-100528.896    44.901     2.13    2.67
-100242.838    45.433     1.86    3.10
 -99956.777    45.952     1.82    3.41
 -99670.710    46.316     1.27    3.56
 -99384.639    46.628     1.09    3.53
 -99098.564    46.847     0.76    3.77
 -98812.484    46.896     0.17    4.06
 -98526.399    46.686    -0.73    3.98
 -98240.310    46.605    -0.28    4.00
 -97954.216    46.380    -0.79    3.94
 -97668.118    46.181    -0.69    3.94
 -97382.015    46.188     0.02    4.02
 -97095.907    46.522     1.17    3.51
 -96809.795    46.890     1.29    3.34
 -96523.679    47.037     0.51    3.50
 -96237.557    47.284     0.86    3.50
 -95951.432    47.270    -0.05    3.51
 -95665.301    47.302     0.11    3.67
 -95379.166    47.243    -0.21    3.65
 -95093.027    47.484     0.84    3.40
 -94806.883    47.348    -0.47    3.26
 -94520.734    46.988    -1.26    3.24
 -94234.581    46.826    -0.57    3.16
 -93948.423    46.638    -0.66    3.14
 -93662.260    46.263    -1.31    3.40
 -93376.094    46.046    -0.76    3.38
 -93089.922    45.892    -0.54    3.40
 -92803.746    45.881    -0.04    3.31
 -92517.565    46.058     0.62    3.32
 -92231.380    46.326     0.93    3.28
 -91945.190    46.539     0.75    3.09
 -91658.996    45.942    -2.09    3.75
 -91372.797    43.762    -7.62    6.41
 -91086.593    41.750    -7.03    7.63
 -90800.385    39.383    -8.27    8.09
 -90514.172    37.134    -7.86    7.57
 -90227.955    35.559    -5.50    6.06
 -89941.733    34.313    -4.35    4.16
 -89655.506    34.184    -0.45    3.66
 -89369.275    34.662     1.67    3.45
 -89083.040    34.695     0.11    3.56
 -88796.799    34.741     0.16    3.55
 -88510.555    34.377    -1.27    3.75
 -88224.305    33.791    -2.05    3.93
 -87938.051    33.041    -2.62    4.03
 -87651.793    31.771    -4.44    4.56
 -87365.529    29.959    -6.33    6.32
 -87079.262    26.883   -10.74    8.37
 -86792.989    23.188   -12.91    9.42
 -86506.713    19.330   -13.48    9.06
 -86220.431    14.525   -16.78    7.57
 -85934.145    11.013   -12.27    5.77
 -85647.854     8.592    -8.46    4.28
 -85361.559     7.441    -4.02    3.50
 -85075.259     7.167    -0.96    3.48
 -84788.955     7.483     1.11    3.67
 -84502.646     8.469     3.44    4.43
 -84216.332    10.442     6.89    5.39
 -83930.014    12.676     7.80    5.49
 -83643.691    14.374     5.93    4.98
 -83357.364    15.749     4.80    4.29
 -83071.032    16.333     2.04    4.16
 -82784.696    15.895    -1.53    4.59
 -82498.355    15.503    -1.37    4.76
 -82212.009    14.721    -2.73    4.58
 -81925.659    14.784     0.22    4.53
 -81639.304    15.229     1.55    5.05
 -81352.944    16.145     3.20    5.90
 -81066.580    18.312     7.57    6.89
 -80780.212    21.094     9.71    6.64
 -80493.839    23.333     7.82    5.06
 -80207.461    25.064     6.04    3.53
 -79921.078    25.826     2.66    3.04
 -79634.691    26.486     2.30    2.87
 -79348.300    27.151     2.32    2.89
 -79061.904    27.441     1.01    3.16
 -78775.503    27.434    -0.02    3.21
 -78489.098    27.472     0.13    3.13
 -78202.688    27.127    -1.20    3.25
 -77916.273    26.316    -2.83    3.85
 -77629.854    25.223    -3.82    4.86
 -77343.430    23.143    -7.26    6.00
 -77057.002    21.390    -6.12    5.98
 -76770.569    20.342    -3.66    5.40
 -76484.132    19.853    -1.71    4.83
 -76197.690    19.381    -1.65    4.66
 -75911.243    19.370    -0.04    3.89
 -75624.792    19.532     0.57    3.33
 -75338.336    19.881     1.22    2.95
 -75051.875    20.744     3.01    3.55
 -74765.410    21.689     3.30    4.10
 -74478.941    23.023     4.65    4.44
 -74192.466    24.284     4.40    4.57
 -73905.988    25.472     4.15    4.20
 -73619.504    27.193     6.01    3.72
 -73333.016    28.593     4.89    3.39
 -73046.523    29.412     2.86    3.35
 -72760.026    29.777     1.27    3.02
 -72473.524    29.482    -1.03    3.19
 -72187.018    29.371    -0.39    3.19
 -71900.507    29.086    -0.99    3.29
 -71613.991    28.777    -1.08    3.39
 -71327.471    28.143    -2.21    3.39
 -71040.946    28.018    -0.44    3.51
 -70754.417    28.185     0.58    3.53
 -70467.883    28.154    -0.11    3.50
 -70181.344    27.833    -1.12    3.69
 -69894.801    26.564    -4.43    4.43
 -69608.253    24.920    -5.74    4.56
 -69321.701    23.784    -3.96    4.46
 -69035.144    22.708    -3.75    3.52
 -68748.582    22.368    -1.19    3.49
 -68462.016    23.323     3.33    4.93
 -68175.445    25.516     7.66    6.97
 -67888.870    28.309     9.74    7.49
 -67602.290    31.094     9.72    7.02
 -67315.705    33.365     7.92    5.92
 -67029.116    35.015     5.76    5.22
 -66742.522    36.380     4.76    4.43
 -66455.924    37.890     5.27    4.10
 -66169.321    38.248     1.25    3.83
 -65882.713    38.673     1.48    3.60
 -65596.101    39.046     1.30    3.72
 -65309.484    39.138     0.32    4.05
 -65022.862    39.277     0.48    4.17
 -64736.236    39.392     0.40    4.19
 -64449.606    39.113    -0.98    4.18
 -64162.970    38.826    -1.00    3.90
 -63876.330    38.847     0.07    3.58
 -63589.686    39.564     2.50    3.65
 -63303.037    40.770     4.21    3.82
 -63016.383    41.891     3.91    3.75
 -62729.725    42.597     2.46    3.51
 -62443.062    43.190     2.07    3.19
 -62156.394    44.136     3.30    2.68
 -61869.722    44.827     2.41    2.32
 -61583.046    44.834     0.02    2.10
 -61296.364    44.840     0.02    2.37
 -61009.678    45.388     1.91    3.12
 -60722.988    46.246     2.99    3.82
 -60436.292    47.235     3.45    4.20
 -60149.593    47.541     1.07    3.94
 -59862.888    47.592     0.18    3.70
 -59576.179    47.340    -0.88    3.46
 -59289.466    47.095    -0.85    3.30
 -59002.747    47.006    -0.31    3.02
 -58716.025    46.713    -1.02    2.58
 -58429.297    46.295    -1.46    1.95
 -58142.565    46.178    -0.41    1.96
 -57855.828    45.538    -2.23    2.47
 -57569.087    44.395    -3.98    3.47
 -57282.341    42.649    -6.09    4.24
 -56995.591    41.195    -5.07    4.15
 -56708.836    39.928    -4.42    3.73
 -56422.076    38.253    -5.84    3.18
 -56135.312    36.805    -5.05    2.56
 -55848.543    35.270    -5.35    2.82
 -55561.769    34.036    -4.31    3.71
 -55274.991    32.170    -6.51    4.82
 -54988.208    30.078    -7.29    5.45
 -54701.421    28.077    -6.98    5.22
 -54414.628    26.791    -4.48    4.53
 -54127.832    26.188    -2.10    4.04
 -53841.031    26.748     1.95    4.22
 -53554.225    28.115     4.77    4.31
 -53267.414    29.088     3.39    3.66
 -52980.599    29.401     1.09    2.95
 -52693.779    28.908    -1.72    3.17
 -52406.955    28.014    -3.12    3.88
 -52120.126    25.907    -7.35    5.20
 -51833.292    23.036   -10.01    6.34
 -51546.454    20.621    -8.42    5.72
 -51259.611    19.465    -4.03    5.18
 -50972.764    19.522     0.20    5.49
 -50685.912    20.086     1.97    5.96
 -50399.055    21.561     5.14    6.24
 -50112.194    23.984     8.45    5.57
 -49825.328    26.654     9.31    4.09
 -49538.457    28.605     6.80    3.04
 -49251.582    29.899     4.51    2.53
 -48964.702    30.391     1.72    2.34
 -48677.818    30.686     1.03    2.14
 -48390.929    30.751     0.22    2.00
 -48104.035    30.295    -1.59    2.24
 -47817.137    29.650    -2.25    2.43
 -47530.234    29.277    -1.30    2.51
 -47243.326    29.388     0.39    3.04
 -46956.414    29.757     1.29    3.31
 -46669.680    29.873     0.41    3.40
 -46383.676    29.798    -0.26    3.23
 -46097.668    29.705    -0.32    2.88
 -45811.657    29.678    -0.10    2.64
 -45525.641    29.424    -0.89    2.50
 -45239.622    28.910    -1.80    2.42
 -44953.598    28.642    -0.94    2.53
 -44667.571    28.492    -0.52    2.66
 -44381.540    28.435    -0.20    2.55
 -44095.505    28.503     0.24    2.63
 -43809.466    28.812     1.08    2.50
 -43523.424    29.048     0.82    2.42
 -43237.377    29.316     0.94    2.45
 -42951.327    29.526     0.74    2.98
 -42665.273    29.381    -0.51    3.06
 -42379.215    29.194    -0.66    3.13
 -42093.153    29.089    -0.37    3.11
 -41807.088    29.224     0.47    2.93
 -41521.018    29.875     2.28    2.81
 -41234.945    30.284     1.43    2.86
 -40948.867    30.295     0.04    2.75
 -40662.786    30.071    -0.78    2.92
 -40376.701    29.032    -3.63    3.97
 -40090.612    27.377    -5.79    5.36
 -39804.520    24.484   -10.11    7.20
 -39518.423    20.750   -13.05    8.21
 -39232.323    17.467   -11.47    7.80
 -38946.219    14.972    -8.72    6.94
 -38660.111    12.333    -9.22    5.86
 -38373.999    10.053    -7.97    4.71
 -38087.883     8.460    -5.57    3.67
 -37801.763     7.488    -3.40    3.15
 -37515.640     6.833    -2.29    2.84
 -37229.512     6.180    -2.28    2.12
 -36943.381     6.085    -0.33    2.09
 -36657.246     6.627     1.89    2.99
 -36371.107     7.491     3.02    3.84
 -36084.964     8.692     4.20    4.30
 -35798.818     9.951     4.40    4.51
 -35512.667    10.868     3.20    4.34
 -35226.513    11.295     1.49    4.25
 -34940.354    11.319     0.09    4.26
 -34654.192    10.763    -1.95    3.98
 -34368.026     9.763    -3.49    3.80
 -34081.857     9.490    -0.95    3.52
 -33795.683     9.588     0.34    3.35
 -33509.505     9.805     0.76    3.07
 -33223.324     9.657    -0.52    2.77
 -32937.139     9.486    -0.60    2.82
 -32650.950     9.248    -0.83    3.04
 -32364.757     9.096    -0.53    3.10
 -32078.560     8.791    -1.07    2.79
 -31792.359     9.034     0.85    2.96
 -31506.155     9.365     1.15    3.24
 -31219.946     9.649     0.99    3.37
 -30933.734    10.607     3.35    3.57
 -30647.518    11.564     3.35    3.21
 -30361.298    12.507     3.30    3.19
 -30075.074    13.994     5.19    3.87
 -29788.846    15.659     5.82    3.91
 -29502.615    17.469     6.32    4.18
 -29216.379    19.070     5.59    4.13
 -28930.140    19.946     3.06    3.57
 -28643.897    20.025     0.28    3.53
 -28357.650    19.400    -2.19    3.85
 -28071.399    18.361    -3.63    3.68
 -27785.144    17.197    -4.07    3.58
 -27498.885    16.221    -3.41    3.42
 -27212.623    15.370    -2.97    3.30
 -26926.356    14.628    -2.59    3.21
 -26640.086    14.110    -1.81    3.34
 -26353.812    13.557    -1.93    3.28
 -26067.534    13.019    -1.88    3.07
 -25781.252    12.964    -0.19    2.94
 -25494.967    13.120     0.54    2.75
 -25208.677    13.277     0.55    2.45
 -24922.384    13.373     0.33    2.03
 -24636.087    13.166    -0.72    2.23
 -24349.785    12.497    -2.34    2.76
 -24063.480    12.218    -0.98    2.76
 -23777.172    12.451     0.81    2.89
 -23490.859    12.849     1.39    3.09
 -23204.542    13.181     1.16    3.08
 -22918.222    13.628     1.56    2.82
 -22631.897    14.088     1.61    2.20
 -22345.569    13.667    -1.47    2.19
 -22059.237    12.805    -3.01    2.43
 -21772.901    11.948    -2.99    2.24
 -21486.561    11.798    -0.52    2.11
 -21200.218    12.195     1.39    2.87
 -20913.870    13.354     4.05    4.20
 -20627.519    15.657     8.04    5.76
 -20341.163    18.728    10.72    7.00
 -20054.804    22.187    12.08    7.46
 -19768.441    25.634    12.04    7.22
 -19482.074    28.217     9.02    6.41
 -19195.704    30.462     7.84    5.15
 -18909.329    32.129     5.82    3.93
 -18622.950    32.346     0.76    3.21
 -18336.568    32.161    -0.65    2.85
 -18050.182    31.424    -2.57    3.19
 -17763.792    29.918    -5.26    4.17
 -17477.398    28.153    -6.16    4.53
 -17191.000    26.020    -7.45    4.63
 -16904.598    24.150    -6.53    4.30
 -16618.193    22.960    -4.16    3.90
 -16331.783    22.125    -2.92    3.04
 -16045.370    22.062    -0.22    2.84
 -15758.953    22.486     1.48    3.15
 -15472.532    23.179     2.42    3.44
 -15186.107    24.391     4.23    3.44
 -14899.678    26.134     6.08    4.14
 -14613.245    28.246     7.38    4.80
 -14326.808    29.913     5.82    4.92
 -14040.368    31.266     4.72    4.72
 -13753.924    32.897     5.69    4.32
 -13467.475    34.707     6.32    3.65
 -13181.023    35.497     2.76    3.15
 -12894.567    35.601     0.36    2.93
 -12608.108    35.553    -0.17    2.97
 -12321.644    35.947     1.37    2.94
 -12035.176    36.018     0.25    2.76
 -11748.705    35.720    -1.04    2.49
 -11462.230    35.354    -1.28    2.24
 -11175.750    36.020     2.33    2.67
 -10889.267    36.291     0.95    2.71
 -10602.780    36.129    -0.57    3.05
 -10316.290    35.231    -3.14    3.86
 -10029.795    33.692    -5.37    5.38
  -9743.296    32.190    -5.24    6.68
  -9456.794    29.601    -9.04    7.70
  -9170.288    26.721   -10.05    7.11
  -8883.777    24.323    -8.37    6.80
  -8597.263    21.337   -10.42    7.54
  -8310.745    18.819    -8.79    7.02
  -8024.224    17.486    -4.65    6.49
  -7737.698    17.694     0.73    7.31
  -7451.168    18.435     2.58    7.69
  -7164.635    18.722     1.00    7.67
  -6878.097    20.890     7.57    8.30
  -6591.556    24.791    13.62    7.94
  -6305.011    26.383     5.55    7.57
  -6018.462    27.013     2.20    7.54
  -5731.909    26.197    -2.85    7.46
  -5445.352    24.715    -5.17    7.58
  -5158.792    21.819   -10.10    6.75
  -4872.227    19.174    -9.23    6.10
  -4585.659    16.762    -8.42    4.85
  -4299.087    15.046    -5.99    3.75
  -4012.511    13.875    -4.09    3.08
  -3725.931    13.326    -1.91    2.86
  -3439.347    13.298    -0.10    2.88
  -3152.759    13.882     2.04    3.24
  -2866.167    14.045     0.57    3.87
  -2579.572    14.524     1.67    6.36
  -2292.972    14.552     0.10    9.30
  -2006.369    13.846    -2.46   11.34
  -1719.762    12.777    -3.73   13.06
  -1433.151    10.379    -8.37   13.56
  -1146.536     7.174   -11.18   12.62
   -859.917     3.898   -11.43    9.99
   -573.294     0.898   -10.47    4.55
   -286.667    -0.167    -3.72    0.30
     -0.037    -0.202    -0.12    0.00
    286.597    -0.202     0.00    0.00
    573.236    -0.202     0.00    0.00
    859.878     1.741     6.78    7.79
   1146.524     7.467    19.97   16.13
   1433.174    15.235    27.10   22.04
   1719.828    24.453    32.16   24.39
   2006.485    34.367    34.58   22.94
   2293.147    41.937    26.41   18.93
   2579.812    48.855    24.13   11.20
   2866.482    50.834     6.90    9.18
   3153.155    50.141    -2.42    9.01
   3439.832    48.875    -4.42    8.25
   3726.513    46.510    -8.25    7.57
   4013.198    44.134    -8.29    6.20
   4299.887    42.400    -6.05    4.97
   4586.579    40.607    -6.25    5.22
   4873.276    38.570    -7.11    6.16
   5159.976    36.428    -7.47    6.89
   5446.680    35.600    -2.89    7.24
   5733.389    38.329     9.52   11.56
   6020.101    43.591    18.35   17.85
   6306.817    53.201    33.52   23.70
   6593.537    63.841    37.11   26.05
   6880.260    76.597    44.49   24.59
   7166.988    88.191    40.44   19.63
   7453.720    97.353    31.95   13.57
   7740.455   103.305    20.76    9.73
   8027.194   107.847    15.84    8.21
   8313.937   112.108    14.86    7.93
   8600.685   115.906    13.25    7.62
   8887.436   119.736    13.36    7.70
   9174.190   123.499    13.12    7.70
   9460.949   127.281    13.19    7.64
   9747.712   131.127    13.41    8.12
  10034.478   135.259    14.41    8.27
  10321.249   138.505    11.32    7.65
  10608.023   141.534    10.56    7.23
  10894.801   144.606    10.71    7.13
  11181.583   146.519     6.67    7.07
  11468.369   148.104     5.53    6.82
  11755.159   148.428     1.13    6.87
  12041.953   148.443     0.05    6.57
  12328.751   149.072     2.19    5.97
  12615.552   149.520     1.56    6.35
  12902.358   150.546     3.58    7.11
  13189.167   152.091     5.38    7.03
  13475.980   154.131     7.12    6.66
  13762.797   157.323    11.13    7.39
  14049.619   161.255    13.71    8.67
  14336.443   166.036    16.67    9.25
  14623.272   170.915    17.01    9.25
  14910.105   175.079    14.52    8.86
  15196.740   179.478    15.35    8.10
  15482.822   184.043    15.96    7.13
  15768.907   187.230    11.14    6.60
  16054.995   189.621     8.36    5.47
  16341.086   191.402     6.23    4.42
  16627.181   192.798     4.88    3.88
  16913.278   193.346     1.92    4.15
  17199.379   194.627     4.48    4.99
  17485.483   196.458     6.40    6.23
  17771.589   197.511     3.68    7.05
  18057.700   198.270     2.65    7.50
  18343.813   198.948     2.37    7.59
  18629.929   200.025     3.76    7.08
  18916.049   201.358     4.66    6.93
  19202.171   201.222    -0.47    6.44
  19488.297   201.118    -0.36    5.86
  19774.426   200.729    -1.36    5.75
  20060.558   200.106    -2.18    6.14
  20346.693   198.585    -5.31    6.56
  20632.831   196.127    -8.59    6.66
  20918.973   194.045    -7.28    6.27
  21205.117   192.973    -3.75    5.92
  21491.265   192.633    -1.19    6.39
  21777.416   193.187     1.94    7.03
  22063.570   194.428     4.34    7.26
  22349.727   194.548     0.42    7.13
  22635.887   194.038    -1.78    7.24
  22922.051   191.890    -7.50    8.70
  23208.218   188.298   -12.55    9.93
  23494.387   184.460   -13.41    9.47
  23780.560   180.936   -12.31    8.02
  24066.736   177.771   -11.06    6.69
  24352.915   175.395    -8.30    5.38
  24639.098   173.770    -5.68    4.82
  24925.283   173.580    -0.67    4.68
  25211.472   173.197    -1.34    4.86
  25497.663   172.110    -3.80    6.01
  25783.858   170.488    -5.67    7.79
  26070.056   168.812    -5.86    9.53
  26356.258   167.281    -5.35   11.68
  26642.462   166.506    -2.71   11.41
  26928.669   166.574     0.24   10.46
  27214.880   168.453     6.56   11.17
  27501.094   171.231     9.70   12.47
  27787.311   175.242    14.01   13.22
  28073.531   178.784    12.38   13.66
  28359.754   184.104    18.59   11.95
  28645.980   189.013    17.15    7.76
  28932.210   191.553     8.87    4.91
  29218.442   192.693     3.98    4.26
  29504.678   193.408     2.50    5.17
  29790.917   193.998     2.06    6.88
  30077.159   193.185    -2.84    7.34
  30363.404   190.847    -8.17    8.06
  30649.653   189.097    -6.12    8.47
  30935.904   188.853    -0.85    8.59
  31222.159   188.364    -1.71    8.44
  31508.416   186.574    -6.25    5.68
  31794.677   186.391    -0.64    5.46
  32080.942   186.940     1.92    5.10
  32367.209   188.555     5.64    4.59
  32653.479   189.994     5.03    4.58
  32939.753   191.654     5.80    6.05
  33226.029   193.887     7.80    7.32
  33512.309   196.390     8.74    7.49
  33798.592   198.701     8.07    7.18
  34084.878   201.877    11.10    6.77
  34371.168   204.205     8.13    7.22
  34657.460   205.784     5.51    6.75
  34943.755   206.368     2.04    5.88
  35230.054   205.626    -2.59    6.55
  35516.356   203.784    -6.43    7.68
  35802.661   200.764   -10.55    8.68
  36088.969   196.565   -14.67    8.92
  36375.281   191.605   -17.32    8.59
  36661.595   187.305   -15.02    8.94
  36947.913   183.338   -13.86    8.32
  37234.233   180.284   -10.66    7.73
  37520.557   177.964    -8.10    7.33
  37806.884   175.476    -8.69    7.42
  38093.215   172.614    -9.99    8.03
  38379.548   168.347   -14.90   10.56
  38665.884   163.417   -17.22   13.16
  38952.224   156.607   -23.78   14.92
  39238.567   150.669   -20.74   13.48
  39524.913   146.041   -16.16   10.93
  39811.262   143.901    -7.47    8.97
  40097.614   143.004    -3.13    7.33
  40383.970   143.540     1.87    6.78
  40670.328   145.777     7.81    6.38
  40956.690   148.344     8.96    6.34
  41243.055   150.834     8.69    6.20
  41529.423   153.833    10.47    6.89
  41815.794   157.242    11.90    7.99
  42102.168   160.763    12.30    8.57
  42388.546   163.322     8.94    8.30
  42674.926   163.784     1.61    9.55
  42961.310   162.169    -5.64   12.00
  43247.697   157.555   -16.11   14.49
  43534.087   151.940   -19.61   14.94
  43820.480   144.939   -24.45   14.36
  44106.877   136.101   -30.86   14.78
  44393.276   126.481   -33.59   17.86
  44679.679   116.591   -34.53   20.77
  44966.085   106.145   -36.47   21.53
  45252.494    95.069   -38.67   20.91
  45538.906    82.432   -44.12   22.70
  45825.321    69.555   -44.96   25.07
  46111.740    60.087   -33.06   23.46
  46398.161    55.193   -17.09   23.04
  46684.586    54.315    -3.06   25.09
  46971.014    58.350    14.09   31.14
  47257.445    69.386    38.53   37.48
  47543.879    86.972    61.40   39.86
  47830.317   106.493    68.15   38.95
  48116.757   128.614    77.23   39.45
  48403.201   160.045   109.73   64.64
  48689.648   205.316   158.04  108.62
  48976.098   266.979   215.27  145.39
  49262.551   336.558   242.90  161.51
  49549.007   401.357   226.21  156.68
  49835.466   459.882   204.31  134.56
  50121.929   502.975   150.43  100.46
  50408.395   529.770    93.53   77.42
  50694.864   537.862    28.25   65.23
  50981.336   535.875    -6.94   56.89
  51267.811   530.410   -19.08   43.84
  51554.290   519.894   -36.71   38.77
  51840.771   504.880   -52.41   42.03
  52127.256   489.020   -55.36   45.61
  52413.744   476.755   -42.81   44.98
  52700.235   471.834   -17.18   42.36
  52986.729   471.554    -0.98   40.53
  53273.226   477.486    20.71   39.73
  53559.727   486.177    30.34   35.78
  53846.230   493.246    24.67   26.52
  54132.737   495.363     7.39   19.30
  54419.247   492.510    -9.96   18.74
  54705.760   485.898   -23.08   23.19
  54992.277   473.848   -42.06   31.50
  55278.796   455.597   -63.70   41.01
  55565.319   434.784   -72.64   47.76
  55851.844   416.465   -63.94   48.03
  56138.373   401.175   -53.36   42.67
  56424.905   389.349   -41.27   36.84
  56711.441   377.221   -42.33   34.18
  56997.979   367.448   -34.11   34.68
  57284.520   359.105   -29.12   38.52
  57571.065   350.961   -28.42   42.87
  57857.613   338.073   -44.98   45.80
  58144.164   322.062   -55.87   44.71
  58430.718   307.247   -51.70   38.59
  58717.276   297.998   -32.28   34.37
  59003.836   294.959   -10.61   31.40
  59290.400   298.425    12.09   33.61
  59576.967   308.933    36.67   39.96
  59863.537   326.587    61.60   48.11
  60150.110   352.309    89.76   55.49
  60436.686   381.026   100.21   60.96
  60723.265   412.360   109.34   68.26
  61009.848   443.143   107.42   75.65
  61296.434   469.493    91.94   76.48
  61583.023   491.812    77.88   72.60
  61869.615   505.036    46.14   66.49
  62156.210   513.386    29.13   61.09
  62442.809   519.358    20.84   55.79
  62729.410   522.840    12.15   51.22
  63016.015   526.097    11.36   46.45
  63302.623   530.826    16.50   41.81
  63589.234   535.708    17.03   37.51
  63875.848   543.404    26.85   32.54
  64162.466   549.591    21.59   29.35
  64449.086   557.573    27.85   29.37
  64735.710   568.263    37.30   30.66
  65022.337   577.833    33.39   30.00
  65308.967   585.683    27.39   27.22
  65595.600   592.349    23.26   22.93
  65882.236   597.967    19.60   17.97
  66168.876   602.455    15.66   14.21
  66455.519   605.763    11.54   13.35
  66742.165   608.309     8.88   14.13
  67028.814   608.012    -1.04   14.74
  67315.466   604.517   -12.19   17.79
  67602.121   597.908   -23.06   22.48
  67888.780   589.942   -27.79   27.52
  68175.441   580.702   -32.23   31.85
  68462.106   567.327   -46.66   35.74
  68748.774   549.770   -61.25   40.16
  69035.445   528.618   -73.78   44.25
  69322.120   508.343   -70.73   47.22
  69608.797   489.230   -66.67   44.91
  69895.478   471.077   -63.32   38.28
  70182.162   456.825   -49.71   31.87
  70468.849   446.270   -36.82   30.24
  70755.539   440.727   -19.34   32.90
  71042.232   437.534   -11.14   38.55
  71328.929   433.486   -14.12   42.93
  71615.629   425.045   -29.44   45.51
  71902.331   414.074   -38.26   44.42
  72189.037   400.853   -46.12   38.22
  72475.747   386.951   -48.49   29.60
  72762.459   376.826   -35.31   22.90
  73049.174   370.066   -23.58   17.21
  73335.893   367.373    -9.39   14.32
  73622.615   365.713    -5.79   12.98
  73909.340   366.201     1.70   12.60
  74196.068   368.819     9.13   14.35
  74482.799   370.798     6.90   13.01
  74769.534   370.250    -1.91   12.34
  75056.272   369.000    -4.36   12.42
  75343.012   368.407    -2.07   11.95
  75629.756   367.981    -1.48   12.15
  75916.504   365.347    -9.19   10.86
  76203.254   363.819    -5.33    8.90
  76490.007   364.483     2.32    9.35
  76776.764   365.233     2.61    8.27
  77063.321   366.069     2.92    6.34
  77349.479   366.344     0.96    5.38
  77635.639   368.721     8.31    6.13
  77921.801   371.756    10.61    6.96
  78207.967   374.577     9.86    7.68
  78494.134   378.245    12.82    9.18
  78780.304   383.298    17.66    9.36
  79066.476   387.991    16.40    9.31
  79352.651   393.887    20.60   11.22
  79638.828   400.161    21.93   14.54
  79925.008   406.717    22.91   17.61
  80211.190   413.175    22.57   19.78
  80497.374   419.190    21.02   20.22
  80783.561   424.762    19.47   20.75
  81069.750   430.484    19.99   19.70
  81355.942   434.143    12.79   19.06
  81642.136   439.041    17.11   19.91
  81928.332   445.929    24.07   21.26
  82214.531   453.586    26.75   22.43
  82500.733   461.934    29.17   22.72
  82786.937   470.825    31.07   22.07
  83073.143   479.593    30.63   20.95
  83359.351   487.897    29.01   18.02
  83645.563   494.077    21.59   17.47
  83931.776   499.032    17.31   16.55
  84217.992   503.401    15.26   16.41
  84504.210   508.117    16.48   15.22
  84790.431   512.636    15.79   13.82
  85076.654   517.243    16.09   12.83
  85362.880   520.215    10.38   12.93
  85649.108   520.591     1.32   13.42
  85935.338   516.333   -14.88   16.70
  86221.571   507.402   -31.20   24.80
  86507.807   496.039   -39.70   32.08
  86794.045   482.387   -47.70   37.02
  87080.285   466.875   -54.19   37.38
  87366.527   450.545   -57.05   34.35
  87652.772   437.961   -43.96   30.54
  87939.020   427.108   -37.91   26.55
  88225.270   419.707   -25.86   23.00
  88511.522   415.584   -14.40   21.20
  88797.777   412.284   -11.53   21.57
  89084.034   409.805    -8.66   22.08
  89370.294   406.150   -12.77   22.24
  89656.556   403.557    -9.06   21.04
  89942.820   401.394    -7.56   18.99
  90229.087   400.500    -3.12   19.54
  90515.356   402.284     6.23   22.00
  90801.628   406.428    14.47   27.53
  91087.902   409.182     9.62   33.08
  91374.179   408.627    -1.94   35.08
  91660.458   405.373   -11.36   34.47
  91946.739   400.368   -17.48   31.83
