# NaN NaN NaN ;Mean Elev.(m), Avg Gradient(m/km), RMS Gradient(m/km) - SRTM1     
#   -7.000  -0.666   2.431 ;Mean Elev.(m), Avg Gradient(m/km), RMS Gradient(m/km) - ASTER GDEM
#    1.324  -0.602   2.297 ;Mean Elev.(m), Avg Gradient(m/km), RMS Gradient(m/km) - GMTED2010 
   1  87.798335  66.084306    13.337     6.696 13 54663.31035965 25.677
   2  87.798811  66.085209     6.043     6.073 33 54673.22600464 42.781
   3  87.798291  66.086469    -6.804    -9.989 34 54683.14164812 14.780
   4  87.823919  66.087849     6.729     6.701 19 54693.05729268 57.380
   5  87.798744  66.086331    -9.284    -9.525 34 54702.97293011 39.444
   6  87.796593  66.084343    14.831    14.184 33 54712.88857902 19.496
   7  87.798968  66.082751    -0.475    -1.116 33 54722.80423006 34.282
   8  87.796718  66.082127    56.888    57.547 33 54732.71987825 17.752
   9  87.799384  66.083183    56.579    57.645 34 54742.63552537 17.827
  10  87.797422  66.083984    14.855    14.784 33 54752.55117186 20.496
  11  87.796463  66.083740    44.889    45.767 33 54762.46681808 24.060
  12  87.799728  66.082341     4.297     4.299 33 54772.38246219 48.675
  13  87.799206  66.081123     5.409     5.368 34 54782.29810302 29.749
  14  87.798232  66.081064     4.879     4.608 33 54792.21374136 26.398
  15  87.797923  66.082468     5.791     5.182 33 54802.12937870 23.205
  16  87.797214  66.083727    46.743    46.650 33 54812.04501587 17.709
  17  87.797045  66.084204     8.771     7.347 34 54821.96065770 19.126
  18  87.797103  66.083805     9.358     8.187 33 54831.87630974 22.066
  19  87.797774  66.083968     5.073     4.945 33 54841.79194844 21.332
  20  87.797037  66.085179     9.621    10.954 34 54851.70759733 19.621
  21  87.798421  66.086930    11.507    11.573 33 54861.62324607 18.819
  22  87.796545  66.087655    47.179    47.584 33 54871.53889453 13.554
  23  87.798131  66.086439    46.449    47.128 34 54881.45454161 13.514
  24  87.798616  66.083808    45.339    46.127 33 54891.37018529 13.929
  25  87.796859  66.081620    43.722    43.856 33 54901.28582586 14.496
  26  87.797334  66.081815    43.166    44.099 34 54911.20146490 14.654
  27  87.799003  66.083503     6.736     5.956 33 54921.11710294 19.306
  28  87.798203  66.084552     4.935     4.845 34 54931.03274015 21.524
  29  87.796835  66.083587    52.025    51.638 34 54940.94837591 10.214
  30  87.799883  66.081643     5.662     5.653 33 54950.86401040 24.433
  31  87.795745  66.080105     8.257     8.299 32 54960.77965043 26.193
  32  87.798681  66.080964    11.787    11.782 34 54970.69529936 31.700
  33  87.797104  66.082783    16.780    16.780 33 54980.61094672 31.726
  34  87.798590  66.084424    34.323    39.731 33 54990.52659409 30.651
  35  87.799506  66.084627    14.948    15.015 33 55000.44224117 29.926
  36  87.797274  66.084301    55.483    55.585 34 55010.35788619 18.053
  37  87.798276  66.084098     7.179     7.156 34 55020.27352992 47.284
  38  87.797757  66.085075    11.965    12.403 34 55030.18917233 20.632
  39  87.796622  66.086390    20.068    21.020 33 55040.10481405 18.281
  40  87.799223  66.087118     5.273     4.340 33 55050.02045471 23.660
  41  87.796882  66.085709     4.280     4.250 34 55059.93609276 51.950
  42  87.798406  66.083126     4.048     4.030 33 55069.85173339 47.616
  43  87.797006  66.080947     3.977     3.805 34 55079.76738266 39.306
  44  87.799544  66.081031    20.490    20.132 33 55089.68303037 21.484
  45  87.798139  66.082773    50.555    50.378 33 55099.59867661 16.597
  46  87.798126  66.084494    13.439    10.644 33 55109.51432247 23.371
  47  87.798632  66.084151    53.818    52.485 33 55119.42996694 16.515
  48  87.798463  66.081972     4.034     3.997 33 55129.34560879 53.022
  49  87.795525  66.079956     9.105     4.952 32 55139.26124837 31.390
  50  87.794219  66.080268    41.048    43.401 32 55149.17688688 22.858
  51  87.798250  66.082646    43.555    44.445 34 55159.09252554 20.286
  52  87.797085  66.084661    43.950    45.581 33 55169.00816340 17.160
  53  87.796774  66.085143    23.935    31.440 33 55178.92380034 17.380
  54  87.797890  66.084307    25.679    31.534 34 55188.83944629 16.769
  55  87.799619  66.084113    25.453    31.321 33 55198.75509707 16.630
  56  87.799442  66.085007    31.533    33.343 33 55208.67074681 16.374
  57  87.796611  66.086331    48.999    48.544 33 55218.58639581 12.809
  58  87.798918  66.086591    49.618    48.804 33 55228.50204448 12.105
  59  87.798214  66.085189    48.552    48.623 33 55238.41768980 12.595
  60  87.797015  66.082688    47.600    47.325 34 55248.33333149 12.892
  61  87.799826  66.081078    47.213    47.271 33 55258.24897116 13.050
  62  87.798314  66.081201    46.397    46.434 34 55268.16460968 12.810
  63  87.796736  66.082763    47.383    47.724 34 55278.08024785 12.589
  64  87.797857  66.083860    48.309    48.182 33 55287.99588501 12.754
  65  87.799259  66.083494    47.596    48.113 33 55297.91151979 13.011
  66  87.798353  66.081662    36.035    38.295 34 55307.82716195  6.565
  67  87.799988  66.080403    48.548    49.874 33 55317.74280843  4.983
  68  87.797378  66.080742     6.374     6.378 34 55327.65845346 25.981
  69  87.799031  66.082760    11.375    11.313 33 55337.57409814 36.488
  70  87.796823  66.084603    17.568    17.597 34 55347.48974200 46.096
  71  87.796007  66.085270    19.470    16.107 33 55357.40538436 29.867
  72  87.796985  66.085017    57.028    58.250 34 55367.32102481 19.492
  73  87.797934  66.084612    13.768    12.450 34 55377.23666381 23.008
  74  87.798940  66.084886     6.776     6.734 33 55387.15230196 55.867
  75  87.796994  66.085361    55.809    56.134 34 55397.06793893 15.096
  76  87.796804  66.085331    58.079    58.154 33 55406.98358170 16.977
  77  87.797044  66.084213    24.592    23.595 33 55416.89923284 18.786
  78  87.797676  66.082278     9.320    10.083 33 55426.81488060 24.548
  79  87.797493  66.081044    57.124    57.264 34 55436.73052560 16.326
  80  87.798238  66.081328    55.028    56.389 34 55446.64616940 17.369
  81  87.796978  66.082518    10.739    11.953 33 55456.56181256 26.162
  82  87.798075  66.083572    54.563    54.176 34 55466.47745523 16.539
  83  87.798394  66.083179    16.630    14.889 33 55476.39309467 21.481
  84  87.798994  66.081769    13.331    13.488 34 55486.30873094 26.716
  85  87.799940  66.080606    40.439    41.644 33 55496.22436508 23.870
  86  87.798766  66.081182     4.059     3.694 34 55506.14000023 29.565
  87  87.798193  66.082931     4.923     4.909 33 55516.05565073 48.299
  88  87.796707  66.084585     5.099     5.110 34 55525.97130022 37.240
  89  87.797027  66.085242     4.506     4.486 33 55535.88694785 32.640
  90  87.798827  66.085139     4.144     4.137 33 55545.80259348 26.681
  91  87.797519  66.085080     4.326     4.317 33 55555.71823700 25.297
  92  87.798430  66.085507     5.080     5.008 34 55565.63387983 24.229
  93  87.797810  66.085511     5.558     5.124 34 55575.54952189 24.060
  94  87.797152  66.084452     5.062     4.969 33 55585.46516224 24.334
  95  87.798082  66.082841     7.506     5.938 34 55595.38079943 22.551
  96  87.799667  66.081618     9.400     9.753 33 55605.29643347 21.846
  97  87.799513  66.081317    10.923    11.982 33 55615.21206527 22.333
  98  87.799374  66.082012     9.886    10.595 33 55625.12770556 20.685
  99  87.796298  66.082594     8.524     8.272 33 55635.04335759 20.673
 100  87.799313  66.082743     6.005     4.572 33 55644.95900800 21.936
 101  87.799728  66.082191     6.765     4.829 33 55654.87465536 20.810
 102  87.797065  66.081435    46.662    46.596 34 55664.79029791 12.903
 103  87.799686  66.081505     5.120     5.087 33 55674.70593801 47.491
 104  87.799239  66.082364    13.159    13.136 34 55684.62157621 56.284
 105  87.798963  66.083588    17.435    17.417 34 55694.53721324 55.796
 106  87.798985  66.084496    25.579    24.720 34 55704.45284894 31.064
 107  87.798230  66.084759    18.781    19.874 34 55714.36849541 27.256
 108  87.798587  66.084897     7.600     7.588 33 55724.28414451 36.210
 109  87.797804  66.085267    53.313    52.606 34 55734.19979156 14.926
 110  87.798759  66.085737    10.721    11.601 34 55744.11543750 20.879
 111  87.798924  66.085453    54.275    53.997 33 55754.03108185 13.732
 112  87.797554  66.083919    13.193    12.918 34 55763.94672375 20.733
 113  87.799083  66.082101     5.724     5.736 34 55773.86236310 40.916
 114  87.798444  66.080894    19.690    15.567 34 55783.77799891 21.655
 115  87.798123  66.081468     5.883     5.882 34 55793.69363236 51.380
 116  87.798897  66.082758     6.333     6.309 33 55803.60926854 39.853
 117  87.797315  66.083380     6.279     6.299 34 55813.52491812 50.591
 118  87.796769  66.082648     5.343     5.326 34 55823.44056585 38.756
 119  87.799073  66.081457    17.617    14.222 33 55833.35620909 20.884
 120  87.797290  66.080809    43.721    48.229 33 55843.27184779 19.594
 121  87.798443  66.081629    52.512    52.662 33 55853.18748372 17.158
 122  87.799329  66.083396     4.348     4.339 33 55863.10311987 43.526
 123  87.796696  66.084673     4.841     4.826 34 55873.01877370 41.108
 124  87.798953  66.084969     5.236     4.615 33 55882.93442288 33.209
 125  87.798401  66.084620    14.378    12.735 34 55892.85006542 25.619
 126  87.796554  66.084410    13.420    13.402 34 55902.76570223 23.709
 127  87.797295  66.085041    11.694    11.905 33 55912.68133871 24.977
 128  87.798063  66.085884    10.868    11.214 34 55922.59699307 25.093
 129  87.796763  66.085535     9.477     9.006 34 55932.51264437 25.982
 130  87.797487  66.083615     7.903     8.340 33 55942.42829157 26.852
 131  87.799428  66.081345     9.459    11.193 33 55952.34393453 27.219
 132  87.796150  66.080415    12.729    13.308 33 55962.25957362 23.814
 133  87.797497  66.081593     4.219     3.888 34 55972.17521109 30.646
 134  87.798429  66.083497     4.135     4.058 33 55982.09084728 33.195
 135  87.798025  66.083906     4.060     4.055 34 55992.00648178 31.161
 136  87.798466  66.082839     5.853     3.978 34 56001.92212904 28.223
 137  87.798408  66.081087     6.561     3.893 33 56011.83777892 26.992
 138  87.798456  66.080707    55.369    56.789 33 56021.75342518  4.243
 139  87.796765  66.082089     4.048     4.040 33 56031.66906845 16.149
 140  87.797337  66.084395    54.347    53.066 34 56041.58470989  7.481
 141  87.796467  66.085680     4.936     4.927 34 56051.50034883 45.682
 142  87.797090  66.085579    10.593     9.005 34 56061.41598511 27.544
 143  87.796895  66.084421    16.409    16.427 33 56071.33162355 31.147
 144  87.797700  66.084097    19.693    15.323 34 56081.24727422 37.732
 145  87.802064  66.084929    10.908    10.885 33 56091.16292259 57.147
 146  87.797131  66.085864    20.245    21.711 33 56101.07856774 19.460
 147  87.797671  66.085576     4.985     4.970 33 56110.99419915 46.808
 148  87.797269  66.083576    22.591    20.709 34 56120.90983870 19.187
 149  87.798856  66.081096     3.537     3.506 34 56130.82547471 52.869
 150  87.795290  66.079943    21.208    19.975 32 56140.74110850 22.816
 151  87.797849  66.081499    13.555    11.742 33 56150.65675974 22.639
 152  87.796575  66.083697     2.982     3.003 34 56160.57240878 37.090
 153  87.799165  66.084656     2.970     2.977 33 56170.48805654 46.303
 154  87.797719  66.083331    53.309    53.475 33 56180.40369995 15.253
 155  87.798878  66.081465    17.114    16.193 34 56190.31933959 20.301
 156  87.796917  66.080732    27.587    33.382 34 56200.23497606 21.481
 157  87.798222  66.082350    25.635    28.480 34 56210.15061042 20.327
 158  87.796082  66.084671     2.521     2.493 33 56220.06624263 41.045
 159  87.797697  66.086375     3.140     3.147 34 56229.98189235 36.539
 160  87.798447  66.086069    44.901    45.750 34 56239.89754571 26.096
 161  87.796353  66.084945    43.708    43.610 33 56249.81319486 24.416
 162  87.796934  66.084087    43.477    44.318 34 56259.72883944 23.367
 163  87.799658  66.084608    45.149    45.347 33 56269.64448160 20.511
 164  87.796950  66.085142    45.604    46.154 34 56279.56012153 19.914
 165  87.797583  66.085299    45.982    46.005 34 56289.47577244 18.424
 166  87.799248  66.083718    19.945    13.663 33 56299.39142093 19.629
 167  87.797855  66.081504    12.551    12.469 33 56309.30706515 20.515
 168  87.798346  66.080482    21.255    21.699 34 56319.22270716 17.781
 169  87.798006  66.081712    45.294    44.744 33 56329.13834814 15.538
 170  87.796796  66.083656    45.953    44.874 33 56339.05398820 15.334
 171  87.797227  66.084622    45.880    45.918 34 56348.96962633 14.988
 172  87.799353  66.083557    45.369    45.928 33 56358.88526188 14.299
 173  87.799280  66.081862    45.137    45.494 34 56368.80091246 14.067
 175  87.799115  66.083160    47.188    47.188 34 56388.63220563 12.529
 176  87.799627  66.085574    49.347    49.091 33 56398.54784911 11.555
 177  87.796872  66.086838    48.344    47.993 33 56408.46348982  5.379
 178  87.799408  66.086445     5.395     4.748 33 56418.37912672 27.739
 179  87.798568  66.084977    17.883    17.893 34 56428.29475927 46.489
 180  87.799621  66.084321    18.876    18.852 33 56438.21041323 44.509
 181  87.796723  66.084448    13.699    13.696 34 56448.12606425 56.460
 182  87.799190  66.085125    16.627    14.105 34 56458.04171356 22.536
 183  87.797418  66.084689     6.751     6.681 33 56467.95735918 33.886
 184  87.797464  66.083439     8.333     8.814 33 56477.87300091 26.923
 185  87.797305  66.081770     4.950     4.971 34 56487.78863881 46.128
 186  87.799679  66.081323     4.396     4.376 34 56497.70427440 51.608
 187  87.796478  66.081920     3.317     3.313 33 56507.61990828 39.226
 188  87.796464  66.083330    10.380    10.947 33 56517.53554560 22.767
 189  87.797008  66.084056    19.976    19.462 34 56527.45119997 19.873
 190  87.796824  66.083657    48.282    48.867 33 56537.36684999 14.762
 192  87.796932  66.082624    51.141    51.379 34 56557.19813964 15.018
 193  87.797729  66.083828    12.811    13.380 34 56567.11378228 26.091
 194  87.797531  66.085662     3.686     3.666 34 56577.02942351 36.497
 195  87.798007  66.086625     3.560     3.558 34 56586.94506131 49.518
 196  87.798904  66.086283     4.589     4.586 33 56596.86070140 46.578
 197  87.798645  66.085285     5.417     5.388 34 56606.77635324 20.262
 198  87.799437  66.084650     5.051     5.046 33 56616.69200028 22.524
 199  87.799639  66.084543     7.641     4.946 33 56626.60764383 24.175
 200  87.798231  66.084480     4.317     4.318 33 56636.52328448 23.578
 201  87.797217  66.083899     4.190     4.172 34 56646.43892494 24.331
 202  87.796890  66.082957     4.101     3.750 34 56656.35457716 24.845
 203  87.797326  66.081947     9.251    11.620 34 56666.27022510 22.233
 204  87.797165  66.081972     9.113    10.565 34 56676.18587037 19.370
 205  87.798929  66.082898     4.582     4.059 34 56686.10151472 19.993
 206  87.798995  66.083822     4.043     3.442 33 56696.01715693 20.377
 207  87.798014  66.083909     4.855     3.564 34 56705.93279448 19.790
 208  87.797841  66.083253     4.317     3.640 34 56715.84842702 20.809
 209  87.797437  66.083023    46.516    47.150 34 56725.76408046 12.168
 210  87.799067  66.083791     3.646     3.665 34 56735.67973012 22.470
 211  87.797486  66.085328     4.440     4.050 33 56745.59537614 19.907
 212  87.797521  66.086386    36.747    37.567 33 56755.51101803  4.906
 213  87.796485  66.086304     4.156     4.197 33 56765.42665417 22.702
 214  87.798044  66.085503     5.424     5.468 34 56775.34229317 17.310
 215  87.796703  66.085106     7.898     7.879 33 56785.25794980 38.169
 216  87.797680  66.085243    17.916    17.928 33 56795.17360300 29.892
 217  87.797110  66.085345    15.718    15.873 34 56805.08925210 29.426
 218  87.799070  66.084734    13.314    13.338 34 56815.00489451 51.082
 219  87.797961  66.083374    14.184    14.011 33 56824.92053315 29.156
 220  87.797080  66.082177    42.746    58.664 34 56834.83616802 35.891
 221  87.797815  66.082029     8.046     7.933 33 56844.75179969 26.383
 222  87.797746  66.082857     5.307     5.159 33 56854.66744478 30.839
 223  87.799178  66.083847    16.852    17.008 33 56864.58309860 26.510
 224  87.799353  66.084068    52.126    52.272 33 56874.49875159 13.790
 225  87.797161  66.083700    24.539    22.651 33 56884.41440119 18.413
 226  87.796273  66.083306    55.112    55.923 33 56894.33004777 14.620
 227  87.797978  66.083734    57.425    57.903 33 56904.24569140 16.115
 228  87.799152  66.085067    58.159    58.445 33 56914.16133294 16.640
 229  87.799067  66.086373     8.639     7.314 34 56924.07697261 24.845
 230  87.796769  66.086799     4.999     5.006 33 56933.99260943 40.959
 231  87.796364  66.086051     4.336     4.250 34 56943.90824112 30.913
 232  87.797911  66.084921     4.122     4.091 34 56953.82388868 48.755
 233  87.799222  66.084390     4.910     4.926 34 56963.73953894 39.081
 234  87.799658  66.084867    11.718    11.767 33 56973.65518439 24.821
 235  87.798254  66.085403     4.815     4.809 34 56983.57082534 26.662
 236  87.798188  66.084810     4.812     4.491 33 56993.48646159 21.859
 237  87.798755  66.082959     4.453     4.190 33 57003.40209863 22.212
 238  87.798384  66.081466    11.197    12.477 33 57013.31775508 22.651
 239  87.799496  66.081481     5.010     4.755 34 57023.23340636 21.989
 240  87.796948  66.083165    51.200    50.625 33 57033.14905473 13.586
 241  87.796830  66.084720     4.737     4.520 34 57043.06470104 21.574
 242  87.798041  66.084914    47.468    47.039 33 57052.98034510 14.221
 243  87.799141  66.083650     5.617     4.341 34 57062.89598466 20.359
 244  87.797459  66.082661     7.184     4.157 33 57072.81161879 21.341
 245  87.799749  66.083334     4.280     4.179 33 57082.72724942 22.693
 246  87.796639  66.085370     4.125     4.084 34 57092.64289648 21.605
 247  87.797082  66.087359     6.233     4.655 34 57102.55855367 19.083
 248  87.796637  66.087515     5.711     4.551 34 57112.47420713 21.557
 249  87.796290  66.085916    56.309    56.214 33 57122.38985463  6.467
 250  87.797870  66.084218    10.997    10.471 33 57132.30549677 10.661
 251  87.798359  66.083815     5.267     5.181 33 57142.22113398 21.651
 252  87.796402  66.084697     8.613     8.605 33 57152.13676793 30.049
 253  87.798769  66.085433    17.372    17.382 33 57162.05239923 43.268
 254  87.796382  66.084891    18.871    18.849 33 57171.96805638 52.622
 255  87.797492  66.083079    17.009    17.039 33 57181.88371091 34.174
 256  87.799467  66.081468    10.763    10.726 34 57191.79936165 50.899
 257  87.798630  66.081601    12.304    12.985 34 57201.71500928 25.758
 258  87.797683  66.083310    52.752    52.346 34 57211.63064333 15.754
 259  87.797150  66.085040     4.906     4.856 34 57221.54628713 53.377
 260  87.796395  66.085200     7.222     7.079 33 57231.46192954 28.575
 261  87.796888  66.084269    53.323    52.866 33 57241.37756954 14.386
 262  87.797138  66.083148    49.937    51.558 33 57251.29320689 15.337
 263  87.798759  66.083655    52.246    51.774 33 57261.20884245 14.697
 264  87.797057  66.085401    57.164    58.208 34 57271.12447647 16.774
 265  87.796585  66.087384     6.151     6.120 33 57281.04013203 50.127
 266  87.796965  66.087627     5.100     5.108 33 57290.95578727 39.804
 267  87.797754  66.086053    20.615    14.844 34 57300.87143947 20.557
 268  87.797428  66.083866     4.251     4.199 34 57310.78708784 34.704
 269  87.798662  66.083090     4.394     4.354 33 57320.70273303 51.969
 270  87.799077  66.084025     5.978     5.953 34 57330.61837556 44.044
 271  87.797418  66.085429     9.374     5.345 33 57340.53401580 24.839
 272  87.798833  66.085390    13.152    13.048 34 57350.44966631 22.252
 273  87.797818  66.083449    16.631    14.923 34 57360.36531132 22.631
 274  87.798858  66.081278     8.026     6.599 33 57370.28095334 23.758
 275  87.797340  66.081054    15.229    13.857 34 57380.19659286 22.292
 276  87.799310  66.083010    16.768    15.225 33 57390.11223167 20.235
 277  87.799119  66.085024    13.414    12.069 34 57400.02786931 19.341
 278  87.798367  66.085432    17.070    18.465 34 57409.94350822 18.487
 279  87.799351  66.084417    43.759    44.575 33 57419.85916077 15.981
 280  87.799748  66.083628    43.499    44.721 33 57429.77481070 17.351
 281  87.797293  66.084241     6.562     4.805 33 57439.69045821 24.353
 282  87.797377  66.086116     5.981     4.758 34 57449.60610491 21.511
 283  87.796382  66.087457     4.745     4.023 34 57459.52175012 22.601
 284  87.798180  66.087288    56.592    57.321 33 57469.43739244  7.214
 285  87.797348  66.085462    51.718    51.194 34 57479.35303043 11.830
 286  87.798725  66.083643    22.070    20.345 33 57489.26866556  8.984
 287  87.797164  66.082828    52.532    52.150 33 57499.18429844 10.008
 288  87.797972  66.083638    43.456    47.201 33 57509.09994155 13.485
 289  87.798120  66.084539     8.969     8.287 34 57519.01559751 15.691
 290  87.798780  66.084682     8.670     8.616 34 57528.93125069 33.666
 291  87.798981  66.083381    16.242    14.713 33 57538.84690074 28.878
 292  87.797485  66.081926    15.618    15.590 33 57548.76254799 56.539
 293  87.797800  66.081649    10.429    10.411 33 57558.67819406 36.072
 294  87.799428  66.083092     5.846     5.812 34 57568.59383947 55.598
 295  87.797160  66.084703    10.890    11.391 33 57578.50948399 23.752
 296  87.798612  66.085549    21.916    20.938 33 57588.42512736 19.146
 297  87.796950  66.085076    24.155    22.366 33 57598.34076784 19.291
