# NaN NaN NaN ;Mean Elev.(m), Avg Gradient(m/km), RMS Gradient(m/km) - SRTM1     
#  -18.289  -1.212   9.678 ;Mean Elev.(m), Avg Gradient(m/km), RMS Gradient(m/km) - ASTER GDEM
#   14.019  -0.164   2.985 ;Mean Elev.(m), Avg Gradient(m/km), RMS Gradient(m/km) - GMTED2010 
   1  87.342656  63.544567    35.991    38.818  4 54660.42451407 20.916
   2  87.347618  63.542702    32.810    31.814  5 54670.34016034 19.356
   3  87.348129  63.543197   -25.053   -24.928  5 54680.25580432  6.748
   4  87.349412  63.544351    36.037    39.255  6 54690.17144719 23.149
   5  87.349630  63.545417   -23.638   -23.629  6 54700.08708778  7.241
   6  87.347569  63.544876    30.669    32.627  5 54710.00273298 19.936
   7  87.345560  63.542880   -15.207   -15.157  6 54719.91838437  7.543
   8  87.344566  63.540520    28.182    29.393  6 54729.83403323 25.782
   9  87.343380  63.539716    30.211    31.763  5 54739.74968028 24.766
  10  87.344913  63.539654    19.883    15.571  5 54749.66532746 30.003
  11  87.344932  63.540300    19.281    18.765  5 54759.58097422 30.471
  12  87.345370  63.540359    38.890    38.898  6 54769.49661873 21.562
  13  87.342683  63.540394    14.410    14.350  5 54779.41225961 44.938
  14  87.342424  63.539681    15.427    15.472  5 54789.32789832 30.752
  15  87.343219  63.539735    20.329    19.771  5 54799.24353608 26.779
  16  87.345563  63.540785    36.704    39.075  6 54809.15917401 18.386
  17  87.345627  63.542964    38.926    38.834  6 54819.07481136 14.386
  18  87.347361  63.543044    39.598    39.739  5 54828.99046388 14.893
  19  87.345777  63.542953    36.236    38.701  6 54838.90610265 14.297
  20  87.345488  63.542585    33.934    33.563  6 54848.82175184 14.871
  21  87.345943  63.542731    32.130    33.786  5 54858.73740049 15.475
  22  87.347872  63.542895    21.297    21.468  5 54868.65304936 15.189
  23  87.346971  63.542738    21.303    21.516  6 54878.56869712 15.022
  24  87.345043  63.541790    21.648    21.669  5 54888.48434176 14.307
  25  87.343735  63.540026    31.207    37.519  5 54898.39998328 14.794
  26  87.345358  63.538706    21.320    21.217  5 54908.31562258 14.406
  27  87.344376  63.539550    35.727    38.598  5 54918.23126023 12.213
  28  87.343990  63.540852    17.171    17.239  5 54928.14689777 18.935
  29  87.344642  63.541261    40.715    40.711  5 54938.06253479 10.712
  30  87.345496  63.540982    18.296    18.316  5 54947.97817017 26.791
  31  87.344318  63.540904    20.720    20.717  5 54957.89380568 26.471
  32  87.345246  63.540257    27.107    27.095  5 54967.80945436 32.461
  33  87.343298  63.541203    24.126    24.128  5 54977.72510153 55.365
  34  87.344545  63.541711    37.283    35.548  5 54987.64074902 30.720
  35  87.347354  63.541556    25.584    21.880  5 54997.55639687 31.210
  36  87.346971  63.541843    17.663    17.505  6 55007.47204263 33.968
  37  87.345884  63.542369    17.415    17.258  6 55017.38768627 37.171
  38  87.346266  63.542965    30.854    31.516  6 55027.30332866 25.529
  39  87.348622  63.543525    25.411    22.465  5 55037.21897081 21.602
  40  87.347603  63.544435    25.055    26.784  5 55047.13461164 24.040
  41  87.348000  63.543828    20.224    19.765  6 55057.05025084 26.223
  42  87.345548  63.542616    20.617    21.658  5 55066.96588759 23.588
  43  87.345010  63.540313    15.523    15.750  6 55076.88153817 42.599
  44  87.344595  63.539476    15.308    15.794  5 55086.79718598 28.096
  45  87.344642  63.540049    15.358    15.600  6 55096.71283201 29.420
  46  87.345687  63.540632    15.387    15.446  6 55106.62847773 32.256
  47  87.344596  63.540570    15.497    15.509  6 55116.54412285 26.204
  48  87.344735  63.539234    29.300    28.319  5 55126.45976589 18.507
  49  87.344529  63.538311    14.288    14.228  5 55136.37540647 45.021
  50  87.344439  63.538747    15.775    15.634  5 55146.29104498 34.080
  51  87.345499  63.540486    20.289    21.549  5 55156.20668281 23.206
  52  87.346284  63.542164    19.891    19.535  6 55166.12232075 20.562
  53  87.347794  63.543049    20.548    20.351  5 55176.03795857 18.373
  54  87.346292  63.543167    21.297    21.300  5 55185.95360031 15.978
  55  87.347544  63.542209    21.242    21.216  5 55195.86925163 15.888
  56  87.345502  63.542857    20.995    21.386  5 55205.78490118 15.432
  57  87.346976  63.543607    20.483    20.243  6 55215.70055038 15.220
  58  87.346344  63.543917    20.607    20.856  5 55225.61619885 14.794
  59  87.347487  63.541967    20.138    19.887  5 55235.53184551 14.864
  60  87.345050  63.539757    20.694    21.054  5 55245.44748854 14.714
  61  87.342524  63.538150    20.466    20.218  5 55255.36312876 14.483
  62  87.342064  63.538548    21.000    21.316  5 55265.27876754 13.428
  63  87.345923  63.540019    19.501    19.622  5 55275.19440583 13.316
  64  87.346634  63.541749    32.088    31.568  6 55285.11004307 13.058
  65  87.345636  63.541868    27.113    21.901  5 55295.02567850 12.958
  66  87.343508  63.540437    31.044    31.610  5 55304.94131721 11.802
  67  87.341919  63.538901    16.246    16.224  5 55314.85696451 32.819
  68  87.343843  63.539109    28.538    28.530  5 55324.77261016 30.275
  69  87.344690  63.541156    23.415    23.453  6 55334.68825421 36.125
  70  87.346860  63.542491    38.562    44.288  6 55344.60389814 34.462
  71  87.346943  63.542639    37.155    39.206  5 55354.51954123 28.943
  72  87.347505  63.542034    43.412    44.343  5 55364.43518238 28.583
  73  87.346763  63.542120    38.271    40.837  6 55374.35082171 28.879
  74  87.347430  63.543173    16.835    16.893  6 55384.26645996 43.301
  75  87.348571  63.544435    35.358    39.399  5 55394.18209743 27.522
  76  87.347975  63.545466    33.371    31.806  6 55404.09773521 24.372
  77  87.347344  63.543517    15.452    15.263  6 55414.01338709 53.927
  78  87.345132  63.540739    16.067    16.224  6 55423.92903591 29.756
  79  87.343651  63.538509    27.814    27.738  5 55433.84468210 25.042
  80  87.342618  63.538675    35.762    33.188  5 55443.76032643 24.520
  81  87.344554  63.539976    15.398    15.312  6 55453.67596957 48.066
  82  87.344867  63.541912    36.454    39.023  6 55463.59161169 28.937
  83  87.345081  63.541839    15.867    15.905  5 55473.50725169 40.763
  84  87.346242  63.539909    40.158    39.163  5 55483.42288911 28.525
  85  87.343338  63.538924    36.315    38.468  6 55493.33852399 19.631
  86  87.343929  63.539858    14.277    14.215  5 55503.25415771 34.951
  87  87.345318  63.541788    14.317    14.369  5 55513.16980493 43.286
  88  87.347468  63.543372    14.773    14.750  6 55523.08545463 44.951
  89  87.348613  63.543407    15.523    15.528  5 55533.00110283 33.944
  90  87.345783  63.542725    15.489    15.475  6 55542.91674899 28.257
  91  87.345187  63.541821    16.045    15.981  5 55552.83239335 23.806
  92  87.345895  63.542065    17.225    17.239  5 55562.74803643 23.901
  93  87.345835  63.543464    17.441    17.432  5 55572.66367863 21.169
  94  87.346137  63.543894    17.992    18.296  5 55582.57931966 18.792
  95  87.347156  63.542383    18.417    18.402  6 55592.49495762 17.435
  96  87.345536  63.540630    18.262    18.195  5 55602.41059206 17.272
  97  87.345236  63.539593    18.170    18.209  5 55612.32622450 17.654
  98  87.345763  63.540434    18.401    18.580  5 55622.24185908 17.235
  99  87.344585  63.541904    21.115    21.055  5 55632.15751182 15.240
 100  87.347754  63.542029    18.568    18.547  5 55642.07316290 15.428
 101  87.346990  63.541504    30.620    32.239  5 55651.98881085 10.561
 102  87.344219  63.539933    42.733    42.629  5 55661.90445468  5.938
 103  87.342684  63.538964    16.722    16.743  5 55671.82009538 39.497
 104  87.344303  63.539374    31.159    31.739  5 55681.73573464 35.084
 105  87.345595  63.541879    23.055    23.057  6 55691.65137197 53.118
 106  87.346472  63.544366    25.465    22.955  5 55701.56700762 28.828
 107  87.348135  63.544839    19.990    19.967  6 55711.48264922 47.383
 108  87.347670  63.543693    16.283    16.289  5 55721.39829897 45.641
 109  87.345873  63.543007    14.927    14.981  5 55731.31394652 47.975
 110  87.346122  63.542708    15.568    16.015  6 55741.22959299 25.336
 111  87.347584  63.542658    14.921    15.219  5 55751.14523833 30.880
 112  87.346941  63.542724    33.141    33.814  6 55761.06088113 21.420
 113  87.346139  63.542020    19.341    15.845  6 55770.97652113 27.304
 114  87.346116  63.540338    24.692    15.861  5 55780.89215783 26.160
 115  87.343799  63.540128    36.149    37.756  6 55790.80779152 28.306
 116  87.346517  63.540520    20.185    15.952  5 55800.72342436 27.179
 117  87.345665  63.541698    15.934    15.860  5 55810.63907305 40.005
 118  87.345271  63.542628    15.613    15.565  6 55820.55472162 49.065
 119  87.346894  63.542086    15.256    15.406  6 55830.47036584 31.929
 120  87.345150  63.541163    35.435    38.860  6 55840.38600525 24.920
 121  87.344255  63.540457    15.311    15.343  6 55850.30164171 50.482
 122  87.345534  63.541353    41.190    39.251  5 55860.21727628 20.263
 123  87.346736  63.542586    14.000    14.002  5 55870.13292735 41.928
 124  87.347578  63.543880    16.119    16.078  6 55880.04857825 40.100
 125  87.348322  63.544169    16.245    15.550  6 55889.96422254 27.544
 126  87.348607  63.543833    21.028    21.047  6 55899.87986097 23.972
 127  87.347730  63.544091    21.259    21.287  5 55909.79549440 21.885
 128  87.346559  63.543705    21.405    21.467  6 55919.71114599 21.261
 129  87.345916  63.543203    21.549    21.340  5 55929.62679850 22.028
 130  87.346915  63.541865    20.790    21.363  6 55939.54244750 21.554
 131  87.345200  63.540419    21.472    21.498  6 55949.45809151 21.873
 132  87.341910  63.539978    21.885    21.855  5 55959.37373100 20.182
 133  87.344346  63.539660    20.241    20.302  5 55969.28936868 17.497
 134  87.344302  63.541091    17.069    16.123  5 55979.20500507 21.442
 135  87.345633  63.542143    19.363    19.120  6 55989.12064091 18.410
 136  87.346166  63.542176    19.517    19.802  6 55999.03628319 18.955
 137  87.345361  63.541102    19.333    19.098  5 56008.95193427 18.764
 138  87.343742  63.540447    44.638    44.579  5 56018.86758103  9.016
 139  87.344927  63.540124    15.446    15.466  6 56028.78322502 28.752
 140  87.346823  63.540770    16.043    16.067  5 56038.69886716 24.706
 141  87.345400  63.542671    16.782    16.724  5 56048.61450690 35.332
 142  87.348400  63.543582    23.315    23.317  5 56058.53014440 51.976
 143  87.348133  63.544630    22.443    22.434  6 56068.44577738 50.195
 144  87.347154  63.543979    20.754    20.708  5 56078.36142861 54.015
 145  87.347181  63.543328    21.597    18.096  6 56088.27707726 25.989
 146  87.348184  63.543045    15.209    14.759  6 56098.19272351 30.773
 147  87.347015  63.542803    14.386    14.400  6 56108.10836731 29.670
 148  87.346019  63.541811    14.314    14.271  5 56118.02399680 51.778
 149  87.344663  63.540909    13.752    13.745  6 56127.93963414 50.646
 150  87.343443  63.540749    14.299    14.251  5 56137.85526778 47.643
 151  87.343200  63.541108    13.482    13.435  5 56147.77091405 30.806
 152  87.344907  63.541698    13.960    13.711  6 56157.68656326 35.000
 153  87.346774  63.541798    13.603    13.613  6 56167.60221151 35.518
 154  87.343699  63.541708    13.380    13.363  5 56177.51785665 31.110
 155  87.343436  63.540754    13.530    13.508  5 56187.43349747 50.058
 156  87.344406  63.540261    13.126    13.157  5 56197.34913480 26.449
 157  87.344289  63.541789    12.582    12.572  5 56207.26476894 29.802
 158  87.346160  63.543948    21.488    21.541  5 56217.18040170 22.896
 159  87.348257  63.545050    13.146    13.160  5 56227.09604455 46.224
 160  87.347526  63.544597    14.885    14.917  6 56237.01169931 34.117
 161  87.347719  63.543285    14.304    14.290  5 56246.92735037 29.266
 162  87.347579  63.542587    16.922    17.353  6 56256.84299624 24.280
 163  87.347924  63.543052    16.227    15.566  6 56266.75863844 23.077
 164  87.346455  63.544037    17.945    18.170  6 56276.67427871 21.256
 165  87.346198  63.543402    19.812    19.501  5 56286.58992586 18.156
 166  87.345557  63.541182    20.191    20.643  5 56296.50557574 18.098
 167  87.342334  63.539377    20.565    20.007  5 56306.42122134 17.364
 168  87.344679  63.538124    21.190    20.848  5 56316.33686434 15.752
 169  87.343599  63.540017    20.263    20.320  6 56326.25250510 16.278
 170  87.346188  63.541797    20.704    20.805  6 56336.16814528 15.836
 171  87.348072  63.542463    19.749    19.464  5 56346.08378419 16.348
 172  87.344598  63.542488    20.400    20.300  5 56355.99942025 16.229
 173  87.343750  63.540576    20.413    20.377  5 56365.91506724 16.395
 174  87.344913  63.539497    20.636    20.837  5 56375.83071621 15.600
 176  87.345453  63.543186    32.922    36.972  5 56395.66200526 12.169
 177  87.347180  63.544290    14.677    14.594  5 56405.57764681 18.803
 178  87.347295  63.544456    42.906    43.501  6 56415.49328502 27.167
 179  87.346731  63.543985    35.220    36.194  5 56425.40891845 34.847
 180  87.346078  63.542990    31.886    32.269  6 56435.32456675 30.378
 181  87.347133  63.542313    32.262    33.599  5 56445.24021887 27.766
 182  87.347453  63.542883    36.456    39.184  5 56455.15586841 20.969
 183  87.346846  63.542606    29.599    29.061  6 56465.07151499 22.653
 184  87.345045  63.541188    31.248    32.378  5 56474.98715789 24.373
 185  87.341642  63.539759    15.544    15.164  5 56484.90279718 33.242
 186  87.345151  63.538565    18.456    16.530  5 56494.81843399 22.254
 187  87.343138  63.541158    15.444    15.638  5 56504.73406797 27.879
 188  87.348063  63.543488    14.258    14.198  5 56514.64970102 52.171
 189  87.348097  63.543991    13.989    13.927  5 56524.56535313 27.201
 190  87.345720  63.542716    14.652    14.731  5 56534.48100418 23.779
 192  87.345090  63.539597    15.045    14.903  5 56554.31229630 44.099
 193  87.346015  63.541267    15.252    15.278  6 56564.22793902 50.639
 194  87.348183  63.543740    40.627    40.806  6 56574.14358051 22.859
 195  87.348613  63.545614    21.187    21.353  6 56584.05921929 19.977
 196  87.348860  63.545647    13.787    13.704  5 56593.97485376 46.787
 197  87.346888  63.543534    15.786    15.752  5 56603.89050722 42.239
 198  87.345688  63.542105    18.279    18.288  6 56613.80615585 27.041
 199  87.345648  63.542460    23.847    21.093  6 56623.72180036 17.566
 200  87.346941  63.543077    21.185    21.172  5 56633.63744209 17.746
 201  87.348075  63.543478    19.671    19.474  5 56643.55307910 22.878
 202  87.346070  63.541743    20.804    20.946  6 56653.46873073 18.415
 203  87.343796  63.539703    32.559    31.052  5 56663.38437973 15.714
 204  87.345164  63.538220    29.221    31.180  5 56673.30002632 14.678
 205  87.344198  63.539828    20.667    21.340  5 56683.21567112 19.417
 206  87.344307  63.542081    25.144    21.689  5 56693.13131388 15.172
 207  87.346496  63.543357    32.612    34.013  5 56703.04695273 15.408
 208  87.347822  63.542800    30.441    30.523  6 56712.96258648 14.129
 209  87.347006  63.540857    25.307    21.636  5 56722.87823438 14.738
 210  87.343318  63.540390    39.367    39.471  5 56732.79388507 13.891
 211  87.345321  63.541428    40.123    40.048  6 56742.70953256 12.768
 212  87.346159  63.543914    32.761    31.742  6 56752.62517545 11.631
 213  87.348408  63.545391    17.577    17.519  5 56762.54081327 25.798
 214  87.350082  63.545256    19.001    18.951  6 56772.45644453 20.573
 215  87.345824  63.543314    36.168    37.259  6 56782.37210218 35.443
 216  87.347105  63.540958    24.355    24.348  5 56792.28775673 52.205
 217  87.345577  63.540703    41.277    44.054  6 56802.20340802 32.064
 218  87.345641  63.541477    43.969    44.404  5 56812.11905180 28.028
 219  87.344982  63.541969    21.164    21.159  6 56822.03469158 53.627
 220  87.346894  63.540934    19.107    19.070  5 56831.95032753 46.550
 221  87.345020  63.540561    16.922    16.969  5 56841.86595967 26.584
 222  87.345945  63.540264    31.230    28.220  5 56851.78159808 25.623
 223  87.345246  63.540739    17.405    16.831  6 56861.69725220 27.661
 224  87.346854  63.541570    15.476    15.435  5 56871.61290586 28.683
 225  87.345032  63.542391    24.988    28.261  5 56881.52855624 26.339
 226  87.346126  63.541480    14.853    14.833  6 56891.44420338 38.482
 227  87.345987  63.540179    35.624    39.223  5 56901.35984750 25.460
 228  87.345399  63.540334    15.622    15.644  6 56911.27548952 32.891
 229  87.345399  63.541873    34.777    38.797  5 56921.19112992 26.789
 230  87.346804  63.544015    30.953    31.463  6 56931.10676824 21.709
 231  87.349722  63.544989    39.660    39.566  6 56941.02240175 19.982
 232  87.347811  63.545122    14.428    14.388  5 56950.93804181 46.697
 233  87.345722  63.543434    13.774    13.749  5 56960.85369338 46.030
 234  87.346127  63.542008    19.812    19.426  5 56970.76934011 19.893
 235  87.344886  63.542237    39.008    38.790  5 56980.68498250 15.250
 236  87.345625  63.542764    34.857    37.787  6 56990.60062060 12.934
 237  87.347502  63.542996    32.557    31.703  6 57000.51625250 13.391
 238  87.346606  63.541547    31.870    31.510  6 57010.43190810 12.516
 239  87.344017  63.540501    31.821    38.142  5 57020.34755996 15.726
 240  87.344344  63.540110    42.792    42.548  5 57030.26320913 13.683
 241  87.344475  63.540782    38.122    38.224  6 57040.17885648 12.658
 242  87.345931  63.541677    32.118    31.413  6 57050.09450178 12.564
 243  87.345467  63.542527    35.393    38.023  5 57060.01014286 12.622
 244  87.346408  63.542631    24.191    19.815  5 57069.92577846 14.093
 245  87.345719  63.543189    18.808    18.801  5 57079.84140949 15.845
 246  87.346868  63.543772    17.909    18.270  6 57089.75704826 17.302
 247  87.348134  63.543857    16.958    15.755  5 57099.67270630 17.474
 248  87.347194  63.544533    16.757    16.036  6 57109.58836106 19.477
 249  87.348046  63.544018    16.509    16.510  5 57119.50401066 14.307
 250  87.348118  63.542865    16.200    16.227  6 57129.41965432  7.779
 251  87.346782  63.542480    16.996    17.085  6 57139.33529238 31.473
 252  87.347266  63.542849    23.746    23.733  5 57149.25092695 36.359
 253  87.347571  63.543837    24.224    24.194  6 57159.16655868 52.864
 254  87.346325  63.543336    26.742    26.758  6 57169.08220899 54.413
 255  87.346514  63.541472    24.045    24.045  5 57178.99786512 54.693
 256  87.345272  63.540078    33.335    32.190  5 57188.91351699 23.662
 257  87.344337  63.539987    30.980    31.788  6 57198.82916485 24.262
 258  87.344298  63.540874    20.839    22.622  5 57208.74479895 26.180
 259  87.345291  63.541821    29.480    28.842  6 57218.66044320 29.220
 260  87.346046  63.542115    21.323    22.637  5 57228.57608649 26.279
 261  87.346171  63.542098    14.759    14.381  6 57238.49172757 33.613
 262  87.347145  63.542044    23.549    21.794  6 57248.40736555 25.023
 263  87.348037  63.542871    35.031    39.317  5 57258.32300099 20.658
 264  87.347440  63.544873    15.044    15.045  5 57268.23863501 35.816
 265  87.349507  63.545413    39.348    39.296  6 57278.15428405 20.395
 266  87.348160  63.545233    36.412    39.212  6 57288.06994019 21.076
 267  87.348444  63.543563    33.390    32.564  6 57297.98559375 19.749
 268  87.345274  63.542379    25.440    21.997  5 57307.90124332 22.843
 269  87.346718  63.541119    14.341    14.395  5 57317.81688959 40.316
 270  87.344688  63.541677    13.975    13.887  5 57327.73253212 48.254
 271  87.345522  63.542457    13.616    13.584  6 57337.64817271 47.056
 272  87.346703  63.541626    14.024    13.973  5 57347.56382083 36.231
 273  87.343820  63.540652    14.894    14.890  5 57357.47946718 29.643
 274  87.344761  63.539029    16.021    16.048  5 57367.39511056 29.901
 275  87.345149  63.539241    15.923    15.905  5 57377.31075069 27.450
 276  87.344722  63.541532    15.265    15.287  6 57387.22638883 28.171
 277  87.346926  63.543349    15.334    15.378  5 57397.14202656 26.111
 278  87.347137  63.544397    15.066    15.103  6 57407.05766292 24.631
 279  87.346264  63.543030    17.357    17.557  5 57416.97331457 21.169
 280  87.346370  63.541636    18.685    18.788  6 57426.88896575 17.914
 281  87.345724  63.542004    17.620    18.550  6 57436.80461380 17.981
 282  87.348513  63.543260    18.185    18.050  6 57446.72026047 17.265
 283  87.347394  63.545145    17.903    17.823  5 57456.63590575 19.357
 284  87.348819  63.544885    35.015    38.810  5 57466.55154912 15.806
 285  87.347726  63.543600    42.656    41.652  5 57476.46718844 10.991
 286  87.345003  63.542549    39.570    39.571  5 57486.38282433  4.749
 287  87.347308  63.542104    16.053    16.008  5 57496.29845827 18.411
 288  87.347306  63.543943    19.905    19.904  5 57506.21409373 21.034
 289  87.346637  63.544240    19.240    19.172  5 57516.12975007 27.423
 290  87.347764  63.542912    19.994    19.986  5 57526.04540409 52.761
 291  87.345896  63.540802    44.727    44.492  5 57535.96105544 29.399
 292  87.342449  63.539479    36.628    33.805  5 57545.87670377 28.628
 293  87.344117  63.539165    25.029    25.596  6 57555.79235053 29.095
 294  87.346725  63.540749    17.829    17.225  5 57565.70799574 24.563
 295  87.347224  63.542654    14.755    14.820  5 57575.62363998 43.235
 296  87.345728  63.543429    18.145    18.225  6 57585.53928334 19.702
 297  87.346224  63.542454    15.720    15.736  6 57595.45492492 24.081
