# NaN NaN NaN ;Mean Elev.(m), Avg Gradient(m/km), RMS Gradient(m/km) - SRTM1     
#  -14.857  -2.319   7.986 ;Mean Elev.(m), Avg Gradient(m/km), RMS Gradient(m/km) - ASTER GDEM
#   10.003  -1.179   5.110 ;Mean Elev.(m), Avg Gradient(m/km), RMS Gradient(m/km) - GMTED2010 
   1  87.795214  64.945373    18.147    20.362  3 54659.40867969 27.663
   2  87.808395  64.942693    13.878    13.902  6 54669.32432711 24.121
   3  87.810567  64.943037   -17.497   -17.425  7 54679.23997143 15.959
   4  87.808392  64.944900    15.371    15.360  7 54689.15561411 28.643
   5  87.808998  64.946003   -17.352   -17.279  6 54699.07125501  7.198
   6  87.808269  64.945308     9.790     9.807  7 54708.98689885 46.240
   7  87.809474  64.942760     0.347     1.319  7 54718.90255069 16.748
   8  87.806824  64.940581    13.637    14.066  7 54728.81819952 24.880
   9  87.806202  64.939668    24.270    23.724  6 54738.73384686 23.794
  10  87.805874  64.940275    12.350    13.518  7 54748.64949399 39.125
  11  87.808089  64.940941    11.918    12.289  6 54758.56514106 33.375
  12  87.805381  64.941580    18.722    18.767  7 54768.48078545 20.003
  13  87.807111  64.940428     9.020     8.944  6 54778.39642700 45.947
  14  87.807825  64.939129     9.782     9.815  7 54788.31206605 32.791
  15  87.806824  64.939154    10.972    10.691  7 54798.22770388 26.989
  16  87.805703  64.940938    11.766    11.878  7 54808.14334159 22.014
  17  87.807877  64.942788    15.625    15.468  6 54818.05897908 18.693
  18  87.808958  64.943447    16.980    17.236  6 54827.97462991 15.991
  19  87.807973  64.943134    18.093    17.931  7 54837.89026884 15.696
  20  87.808079  64.942741    18.369    18.822  7 54847.80591820 14.363
  21  87.809633  64.942755    18.237    18.554  7 54857.72156707 14.489
  22  87.807630  64.943796    17.738    17.841  7 54867.63721561 14.601
  23  87.808584  64.943618    18.334    18.319  6 54877.55286379 15.007
  24  87.806782  64.942805    18.609    18.296  7 54887.46850873 13.559
  25  87.805934  64.940960    18.984    18.954  7 54897.38415047 13.496
  26  87.807046  64.939496    17.648    18.162  6 54907.29978978 13.555
  27  87.806475  64.939739    18.594    18.538  6 54917.21542765 12.489
  28  87.808011  64.940534    12.833    12.869  7 54927.13106556 13.625
  29  87.805499  64.941613    34.458    34.268  7 54937.04670246  9.456
  30  87.809603  64.941160    11.284    11.293  7 54946.96233825 34.107
  31  87.809549  64.940677    13.352    12.827  7 54956.87797210 23.008
  32  87.807361  64.940142    16.100    16.106  7 54966.79362055 30.811
  33  87.807621  64.940274    20.428    20.375  6 54976.70926816 55.436
  34  87.807409  64.941253    19.848    19.874  6 54986.62491566 36.497
  35  87.808499  64.942046    19.034    19.077  6 54996.54056340 31.355
  36  87.808621  64.942549    14.257    14.122  6 55006.45620941 27.138
  37  87.808122  64.942850    12.164    12.165  6 55016.37185321 29.004
  38  87.809280  64.943028    18.787    18.949  7 55026.28749578 31.395
  39  87.809278  64.943899    14.561    14.882  7 55036.20313777 27.215
  40  87.808519  64.944572     9.254     9.233  6 55046.11877885 51.539
  41  87.809540  64.944022     9.267     9.259  7 55056.03441837 50.194
  42  87.806340  64.942841     9.598     9.246  7 55065.95005522 51.023
  43  87.807505  64.940749    15.268    15.709  6 55075.86570451 24.072
  44  87.808833  64.939701    11.730    12.444  7 55085.78135251 30.410
  45  87.806451  64.940440    22.248    22.392  7 55095.69699839 24.440
  46  87.807592  64.940826    24.313    24.670  6 55105.61264435 22.849
  47  87.807068  64.940726    25.035    27.350  7 55115.52828990 22.169
  48  87.806764  64.939858    10.423     8.675  6 55125.44393313 33.809
  49  87.808965  64.938869     8.479     8.505  7 55135.35957402 40.232
  50  87.805046  64.939506    10.490    10.197  7 55145.27521216 33.486
  51  87.806103  64.940638    11.443    11.726  7 55155.19085006 25.131
  52  87.805588  64.942069    13.933    13.877  7 55165.10648807 23.474
  53  87.808138  64.942928    15.347    15.150  7 55175.02212620 20.788
  54  87.809333  64.943030    16.116    16.369  7 55184.93776661 19.387
  55  87.809890  64.942720    16.256    16.471  7 55194.85341785 18.831
  56  87.808896  64.943124    17.166    17.668  6 55204.76906758 17.938
  57  87.807106  64.944235    17.474    17.638  7 55214.68471650 16.964
  58  87.809654  64.943995    18.257    18.118  7 55224.60036539 14.612
  59  87.806063  64.943001    18.151    18.103  7 55234.51601192 14.506
  60  87.806092  64.940604    18.403    18.359  7 55244.43165563 13.974
  61  87.806310  64.938717    18.254    18.340  7 55254.34729636 14.129
  62  87.808903  64.938525    17.962    18.035  7 55264.26293542 13.192
  63  87.807493  64.940604    18.193    18.072  7 55274.17857307 13.204
  64  87.808590  64.941860    18.580    18.421  7 55284.09421048 13.471
  65  87.805897  64.941876    18.789    19.122  7 55294.00984613 13.522
  66  87.806472  64.940206    17.779    17.659  6 55303.92548378 13.408
  67  87.804748  64.939008    16.499    15.532  7 55313.84113121 16.081
  68  87.807092  64.939362    11.484    11.488  6 55323.75677685 38.885
  69  87.807691  64.941171    15.941    15.946  6 55333.67242090 31.791
  70  87.809314  64.942433    23.575    23.568  7 55343.58806491 32.074
  71  87.809020  64.942582    21.064    18.889  7 55353.50370833 31.655
  72  87.807523  64.942447    16.059    16.124  6 55363.41934954 28.217
  73  87.807225  64.942604    20.254    21.096  7 55373.33498905 26.901
  74  87.808358  64.943607    16.793    15.887  7 55383.25062738 28.517
  75  87.808355  64.944933    13.262    13.560  6 55393.16626482 26.012
  76  87.809018  64.945431    14.444    14.403  6 55403.08190106 23.765
  77  87.810305  64.943270    12.952    13.156  7 55412.99755333 27.393
  78  87.805312  64.941018    19.241    18.975  7 55422.91320217 30.872
  79  87.808060  64.938500    25.141    26.010  7 55432.82884906 20.782
  80  87.806458  64.938994    13.838    15.114  6 55442.74449345 28.532
  81  87.807310  64.940532    25.903    25.642  6 55452.66013650 22.473
  82  87.806085  64.942296     9.845     9.834  7 55462.57577853 36.722
  83  87.807324  64.941659    18.511    16.181  6 55472.49141908 25.625
  84  87.806397  64.940088    20.896    18.594  6 55482.40705668 22.163
  85  87.806116  64.938752    18.644    18.591  6 55492.32269214 25.132
  86  87.806252  64.939791     8.260     8.204  6 55502.23832585 29.684
  87  87.809928  64.941501     8.502     8.502  7 55512.15397145 46.126
  88  87.807407  64.943640    10.249    10.253  7 55522.06962071 34.191
  89  87.808714  64.943699     9.478     9.476  6 55531.98526915 31.075
  90  87.806046  64.942997     9.201     9.243  7 55541.90091561 25.962
  91  87.807670  64.942010    10.070     9.737  7 55551.81656039 24.707
  92  87.807683  64.942551    10.628    10.648  7 55561.73220348 25.238
  93  87.808387  64.943841    11.363    11.147  6 55571.64784582 21.936
  94  87.808905  64.944214    12.749    12.906  6 55581.56348704 17.853
  95  87.806409  64.943030    14.006    14.264  7 55591.47912494 16.469
  96  87.806395  64.940609    14.438    14.470  6 55601.39475991 16.947
  97  87.806366  64.939226    14.217    13.602  6 55611.31039269 16.425
  98  87.804923  64.940467    16.122    15.484  7 55621.22602494 15.160
  99  87.808768  64.941669    17.262    17.983  7 55631.14167815 13.715
 100  87.808635  64.942743    16.470    17.513  6 55641.05732894 14.364
 101  87.807781  64.941957    17.969    18.229  6 55650.97297711 11.303
 102  87.806665  64.939717    38.672    38.761  7 55660.88862163 13.479
 103  87.805072  64.938602    10.232    10.220  7 55670.80426268 45.589
 104  87.808876  64.939077    16.515    16.307  7 55680.71990235 31.174
 105  87.807334  64.942081    19.883    19.875  6 55690.63553951 50.287
 106  87.809481  64.944149    18.866    18.848  7 55700.55117547 55.455
 107  87.808252  64.944868    16.448    16.438  6 55710.46681515 30.191
 108  87.808857  64.943562    19.274    18.832  7 55720.38246533 24.315
 109  87.808047  64.942823    19.419    20.850  7 55730.29811318 25.637
 110  87.806368  64.943111    15.885    16.016  7 55740.21375960 31.498
 111  87.810638  64.943067    14.876    15.852  7 55750.12940538 23.932
 112  87.808994  64.943292    16.358    16.345  6 55760.04504824 20.954
 113  87.808928  64.942265    19.388    21.074  7 55769.96068846 24.225
 114  87.807442  64.940536     9.953     9.893  6 55779.87632526 38.024
 115  87.804798  64.939769    15.650    16.906  7 55789.79195928 25.015
 116  87.806696  64.940243    23.351    24.224  6 55799.70759241 21.153
 117  87.807138  64.941577    18.255    15.582  7 55809.62323947 30.011
 118  87.806282  64.942923    10.781    10.584  7 55819.53888814 51.679
 119  87.807603  64.942502     9.589     9.556  7 55829.45453267 51.471
 120  87.808590  64.940781    23.859    23.753  7 55839.37017280 25.330
 121  87.807137  64.939687    24.906    25.239  6 55849.28580964 23.917
 122  87.806759  64.940701    12.914     9.813  7 55859.20144447 31.867
 123  87.808290  64.942494     8.355     8.329  6 55869.11709341 46.106
 124  87.808323  64.944280    10.341    10.317  7 55879.03274470 36.177
 125  87.808121  64.944770    12.807    11.516  7 55888.94838941 28.685
 126  87.809205  64.944012    17.484    17.401  6 55898.86402850 24.177
 127  87.807670  64.943822    17.754    17.746  7 55908.77966236 21.702
 128  87.807870  64.943504    18.172    18.154  6 55918.69531188 20.051
 129  87.808735  64.943239    17.988    17.998  7 55928.61096486 19.950
 130  87.807288  64.942812    18.400    18.367  7 55938.52661407 18.273
 131  87.806805  64.941232    18.256    18.291  6 55948.44225856 16.809
 132  87.806328  64.939830    18.594    18.541  7 55958.35789856 16.512
 133  87.808650  64.939186    17.992    17.873  7 55968.27353637 16.006
 134  87.805123  64.940736    18.308    18.232  7 55978.18917268 16.307
 135  87.806580  64.941933    18.146    18.033  7 55988.10480884 15.949
 136  87.810227  64.942021    17.510    17.610  7 55998.02044946 16.864
 137  87.807532  64.941497    17.899    17.862  7 56007.93610052 17.099
 138  87.807752  64.940272    18.253    18.248  6 56017.85174767 15.308
 139  87.806709  64.940094    18.501    18.527  7 56027.76739169 12.151
 140  87.806954  64.940947    17.166    17.808  6 56037.68303405  9.811
 141  87.806381  64.942718    10.269    10.376  7 56047.59867431 28.228
 142  87.810557  64.943691    12.971    13.069  7 56057.51431228 30.083
 143  87.809016  64.944742    19.328    19.251  7 56067.42994538 37.374
 144  87.809752  64.943998    21.983    23.898  7 56077.34559490 32.488
 145  87.808535  64.943555    16.125    16.114  6 56087.26124365 41.787
 146  87.810276  64.943097    18.249    17.023  7 56097.17689024 25.075
 147  87.809527  64.942800    13.403    14.024  7 56107.09253444 29.140
 148  87.810108  64.941732    14.563    14.379  7 56117.00816442 23.185
 149  87.807188  64.941150     8.865     8.236  7 56126.92380191 51.988
 150  87.808489  64.940368    13.160    15.112  7 56136.83943596 26.001
 151  87.806101  64.940782    10.360    11.720  7 56146.75508014 31.247
 152  87.808146  64.941100     8.638     7.462  7 56156.67072966 34.994
 153  87.806101  64.941929     7.977     7.238  7 56166.58637783 35.158
 154  87.808071  64.941409     7.377     7.367  6 56176.50202406 44.357
 155  87.808284  64.940795    16.639    14.933  7 56186.41766523 26.550
 156  87.807639  64.940433     7.617     7.572  6 56196.33330259 40.392
 157  87.806299  64.941407     8.027     7.339  7 56206.24893684 40.452
 158  87.807284  64.943129     6.900     6.780  7 56216.16456981 38.969
 159  87.807033  64.944849     6.993     7.020  7 56226.08020998 43.114
 160  87.808393  64.944659    14.501    15.426  7 56235.99586535 32.011
 161  87.809465  64.943739    13.146    13.124  7 56245.91151685 29.665
 162  87.807964  64.943305    17.809    17.706  6 56255.82716297 23.056
 163  87.808260  64.943544    18.025    18.081  7 56265.74280534 22.173
 164  87.809119  64.943881    17.267    17.482  6 56275.65844603 20.716
 165  87.808798  64.943306    18.114    18.364  6 56285.57409199 18.590
 166  87.806571  64.941625    18.188    18.369  7 56295.48974225 17.410
 167  87.806063  64.939525    18.173    18.036  7 56305.40538857 17.736
 168  87.805279  64.939050    18.307    18.322  7 56315.32103130 15.788
 169  87.808637  64.939973    17.965    17.798  7 56325.23667248 15.617
 170  87.810011  64.941652    18.004    18.011  7 56335.15231261 15.102
 171  87.807634  64.942584    18.445    18.487  6 56345.06795147 14.040
 172  87.809630  64.941574    18.028    17.992  7 56354.98358852 14.412
 173  87.805731  64.940652    18.288    18.317  7 56364.89923353 14.994
 174  87.808768  64.939847    17.890    17.906  7 56374.81488275 14.784
 176  87.807267  64.943287    18.969    18.886  7 56394.64617209 14.419
 177  87.809799  64.944037    14.827    14.351  7 56404.56181412  9.613
 178  87.808066  64.944417    10.074     9.734  7 56414.47745273 37.227
 179  87.808002  64.943898    19.857    19.858  7 56424.39308668 53.045
 180  87.808325  64.943282    21.694    21.698  7 56434.30873279 50.117
 181  87.806386  64.943309    18.142    18.137  7 56444.22438477 32.326
 182  87.809076  64.943452    15.653    15.651  6 56454.14003468 24.319
 183  87.809769  64.942789    11.990    11.691  7 56464.05568166 36.497
 184  87.806373  64.941486    10.946    10.557  7 56473.97132484 43.083
 185  87.806544  64.939446     9.806     9.755  7 56483.88696499 36.638
 186  87.807700  64.938921     9.056     9.060  7 56493.80260181 35.249
 187  87.808323  64.940669     8.516     8.438  7 56503.71823618 52.543
 188  87.806431  64.943658    10.667    10.703  7 56513.63386861 30.386
 189  87.808073  64.943938     7.921     7.882  6 56523.54951873 37.076
 190  87.807941  64.942361     8.104     8.107  6 56533.46517059 27.877
 192  87.807425  64.939927     9.489     9.437  7 56553.29646344 49.672
 193  87.807108  64.941822    17.369    18.057  7 56563.21210603 27.278
 194  87.807596  64.944358    16.618    17.987  7 56573.12774742 24.685
 195  87.809943  64.945600     7.990     8.000  6 56583.04338687 31.556
 196  87.809487  64.945374     8.006     7.878  7 56592.95902166 48.353
 197  87.806544  64.943731    10.865    10.818  7 56602.87467324 35.723
 198  87.809825  64.941992    11.006    11.004  7 56612.79032279 24.465
 199  87.810092  64.942536    13.288    13.609  7 56622.70596763 18.288
 200  87.808443  64.943671    13.225    12.768  6 56632.62160933 17.933
 201  87.808109  64.943909    14.738    14.601  6 56642.53724677 18.287
 202  87.806322  64.942016    18.843    18.757  7 56652.45289666 15.760
 203  87.807052  64.939480    18.331    18.287  6 56662.36854643 17.086
 204  87.806514  64.938646    16.844    17.936  6 56672.28419311 15.704
 205  87.806015  64.940411    15.266    15.666  7 56682.19983804 17.045
 206  87.807416  64.942385    14.357    14.208  7 56692.11548111 15.311
 207  87.810269  64.943218    12.834    11.737  7 56702.03112043 15.369
 208  87.808850  64.942564    17.404    17.403  7 56711.94675448 15.305
 209  87.809016  64.940792    16.578    16.849  7 56721.86240027 15.323
 210  87.808350  64.940116    16.788    16.773  7 56731.77805172 14.594
 211  87.807741  64.941929    23.953    22.586  7 56741.69369931 13.813
 212  87.807057  64.944529    24.018    26.111  7 56751.60934251  7.185
 213  87.810227  64.945611     9.446     9.427  7 56761.52498103 23.520
 214  87.809446  64.945469    10.547    10.656  6 56771.44061253 30.542
 215  87.808569  64.943230    13.679    13.698  6 56781.35626791 36.991
 216  87.808175  64.941603    19.741    19.778  6 56791.27192266 35.148
 217  87.806943  64.941572    19.710    19.721  6 56801.18757424 28.950
 218  87.808264  64.942321    18.898    16.414  7 56811.10321893 28.222
 219  87.806020  64.942926    18.990    16.638  7 56821.01885877 29.879
 220  87.807576  64.941669    16.385    16.375  7 56830.93449498 50.984
 221  87.805551  64.940508    12.116    11.803  7 56840.85012755 31.745
 222  87.805429  64.940206    18.940    18.445  7 56850.76576361 23.923
 223  87.806914  64.940803    16.774    16.933  7 56860.68141810 27.437
 224  87.809624  64.942133    14.606    14.806  7 56870.59707190 25.267
 225  87.807449  64.943098    13.411    11.673  7 56880.51272253 35.584
 226  87.807050  64.942243    14.092    13.832  7 56890.42836980 23.674
 227  87.808956  64.940391    21.415    20.567  7 56900.34401452 21.299
 228  87.807404  64.940540    13.855    13.763  7 56910.25965673 24.183
 229  87.809842  64.941893    27.117    28.198  7 56920.17529761 19.062
 230  87.809856  64.944348    13.954    13.538  7 56930.09093609 36.267
 231  87.811232  64.945491    17.605    15.055  7 56940.00656999 26.941
 232  87.809360  64.945294     8.658     8.562  7 56949.92220749 49.237
 233  87.808473  64.943295     8.816     8.732  7 56959.83785972 42.389
 234  87.808469  64.941988    14.473    14.277  7 56969.75350687 20.228
 235  87.808264  64.942075    17.284    18.850  7 56979.66914997 15.737
 236  87.809966  64.942613    15.573    16.974  7 56989.58478877 17.102
 237  87.808468  64.943277    18.115    18.083  6 56999.50042098 15.031
 238  87.808637  64.941955    18.850    18.751  7 57009.41607374 13.410
 239  87.808840  64.940229    18.835    18.937  7 57019.33172632 16.051
 240  87.806887  64.939917    18.864    18.732  6 57029.24737560 13.468
 241  87.809285  64.940381    18.500    18.654  7 57039.16302358 13.324
 242  87.807953  64.941980    18.890    18.874  6 57049.07866884 12.994
 243  87.807951  64.942926    18.827    18.865  6 57058.99431033 13.058
 244  87.809506  64.942730    18.560    18.580  7 57068.90994633 14.573
 245  87.808247  64.942790    19.189    19.213  7 57078.82557773 12.299
 246  87.806710  64.943527    20.565    19.229  7 57088.74121338 12.135
 247  87.808840  64.943894    18.789    18.782  7 57098.65687185 12.116
 248  87.808171  64.944911    18.486    18.394  6 57108.57252703 12.154
 249  87.809222  64.944825    13.581    14.091  7 57118.48817725 15.063
 250  87.809332  64.943804    18.242    16.588  6 57128.40382138  6.150
 251  87.806693  64.943123    10.337    10.306  7 57138.31945976 37.568
 252  87.807626  64.942884    14.122    14.187  7 57148.23509466 25.016
 253  87.807247  64.943549    18.833    18.771  7 57158.15072681 36.341
 254  87.810504  64.942896    22.162    22.163  7 57168.06637485 56.869
 255  87.809463  64.941939    21.229    21.223  7 57177.98203107 38.794
 256  87.808335  64.940763    16.132    16.143  7 57187.89768321 29.396
 257  87.808270  64.940191    21.550    22.758  7 57197.81333130 22.097
 258  87.806900  64.940743    13.679    14.508  7 57207.72896550 27.781
 259  87.807956  64.941556    11.362    11.576  6 57217.64461012 26.512
 260  87.808936  64.942127    10.618    11.062  7 57227.56025372 40.540
 261  87.806790  64.942699     9.081     9.166  7 57237.47589492 52.625
 262  87.808319  64.942605    14.383    15.048  7 57247.39153311 26.032
 263  87.808041  64.943163    16.541    16.319  6 57257.30716857 27.075
 264  87.809320  64.944351    21.093    21.361  6 57267.22280294 23.349
 265  87.808562  64.945468    20.386    22.522  7 57277.13844939 26.793
 266  87.809226  64.945323    10.791    11.484  7 57287.05410606 32.057
 267  87.810011  64.944072    14.418    15.075  7 57296.96975992 30.543
 268  87.809181  64.942746    17.849    17.772  7 57306.88541000 25.957
 269  87.807613  64.942094     8.967     8.890  7 57316.80105616 49.417
 270  87.807633  64.942025     8.699     8.655  6 57326.71669913 45.654
 271  87.808295  64.942425     8.961     8.849  7 57336.63234003 43.964
 272  87.809379  64.941803     8.852     8.753  7 57346.54798739 37.563
 273  87.807399  64.940816     8.762     8.788  7 57356.46363431 29.845
 274  87.808665  64.939615     9.904     9.859  7 57366.37927794 28.857
 275  87.805580  64.940183    10.671    10.480  7 57376.29491782 23.742
 276  87.805529  64.941705    10.145    10.125  7 57386.21055610 22.772
 277  87.807693  64.942971     9.622     9.658  7 57396.12619403 22.809
 278  87.810145  64.943502    13.436    13.379  7 57406.04183098 19.959
 279  87.809652  64.942757    16.748    17.451  7 57415.95748088 17.901
 280  87.808828  64.942103    16.965    17.392  7 57425.87313212 17.170
 281  87.805952  64.942793    18.289    18.194  7 57435.78878008 16.437
 282  87.809436  64.943834    17.637    17.853  7 57445.70442689 17.743
 283  87.810080  64.945064    18.027    18.026  7 57455.62007258 16.526
 284  87.808372  64.945320    18.893    18.870  7 57465.53571606 14.858
 285  87.809023  64.943826    18.767    18.698  7 57475.45135604 13.195
 286  87.807633  64.942530    17.471    17.267  6 57485.36699242 13.155
 287  87.810192  64.942049    32.655    34.779  7 57495.28262651  7.078
 288  87.806884  64.944081    11.469    10.190  7 57505.19825899 27.006
 289  87.809123  64.944047    12.826    12.823  6 57515.11391570 24.050
 290  87.806998  64.943303    14.373    14.437  7 57525.02956970 27.331
 291  87.807925  64.940963    16.062    16.030  6 57534.94522173 49.058
 292  87.804757  64.939679    17.316    17.228  7 57544.86087038 32.307
 293  87.805779  64.939824    15.852    15.775  7 57554.77651705 27.990
 294  87.807094  64.941577    11.164    11.231  7 57564.69216211 52.795
 295  87.808452  64.943036     9.101     9.099  6 57574.60780653 49.344
 296  87.807505  64.943312    13.628    13.761  7 57584.52345032 33.208
 297  87.808000  64.942426    15.812    15.944  7 57594.43909228 23.571
