-137221.247    99.141     0.00    3.28
-136934.951    99.400     0.90    3.28
-136648.663    99.452     0.18    3.19
-136362.383    99.866     1.45    2.98
-136076.111   100.222     1.24    2.94
-135789.847   100.197    -0.09    3.03
-135503.592    99.644    -1.93    3.14
-135217.345    98.727    -3.20    3.45
-134931.106    97.692    -3.62    4.00
-134644.875    96.150    -5.39    4.64
-134358.653    94.486    -5.81    4.72
-134072.439    93.082    -4.90    4.85
-133786.233    91.607    -5.16    3.83
-133500.035    90.647    -3.36    3.49
-133213.845    90.068    -2.02    3.15
-132927.664    89.772    -1.03    3.20
-132641.491    89.425    -1.21    3.41
-132355.326    88.377    -3.66    4.44
-132069.169    86.634    -6.09    5.16
-131783.020    84.478    -7.53    5.54
-131496.880    83.102    -4.81    5.68
-131210.748    82.179    -3.23    5.49
-130924.624    81.917    -0.92    5.60
-130638.508    82.891     3.40    6.45
-130352.400    84.555     5.81    7.22
-130066.301    86.562     7.02    7.18
-129780.209    88.579     7.05    6.30
-129494.126    89.752     4.10    5.24
-129208.052    89.874     0.42    4.70
-128921.985    89.891     0.06    4.31
-128635.927    89.373    -1.81    3.77
-128349.876    89.122    -0.88    3.32
-128063.834    89.195     0.26    3.42
-127777.800    89.656     1.61    3.33
-127491.775    89.705     0.17    3.63
-127205.757    88.579    -3.93    5.46
-126919.748    86.323    -7.89    8.14
-126633.747    83.438   -10.09    9.45
-126347.754    80.846    -9.06    9.28
-126061.769    77.805   -10.63    8.67
-125775.793    75.069    -9.57    7.87
-125489.824    72.968    -7.35    6.79
-125203.864    71.877    -3.81    5.95
-124917.912    71.967     0.32    6.19
-124631.968    73.019     3.68    6.72
-124346.033    74.465     5.06    7.58
-124060.105    76.880     8.45    7.64
-123774.186    79.279     8.39    6.61
-123488.275    81.151     6.54    5.09
-123202.372    82.197     3.66    4.06
-122916.477    82.386     0.66    3.88
-122630.590    82.361    -0.09    3.75
-122344.712    82.215    -0.51    3.70
-122058.842    82.576     1.26    3.88
-121772.980    82.940     1.27    3.89
-121487.126    83.147     0.72    3.58
-121201.280    83.203     0.20    3.59
-120915.442    83.404     0.70    3.51
-120629.613    83.659     0.89    3.25
-120343.792    84.192     1.87    3.62
-120057.979    85.018     2.89    4.10
-119772.174    86.540     5.32    4.84
-119486.377    87.835     4.53    5.28
-119200.588    88.033     0.69    5.48
-118914.808    86.785    -4.36    6.99
-118629.036    83.968    -9.86    8.79
-118343.271    80.792   -11.11    9.04
-118057.516    78.025    -9.68    7.91
-117771.768    76.413    -5.64    5.84
-117486.028    75.856    -1.95    4.80
-117200.297    77.224     4.79    5.62
-116914.573    78.823     5.60    5.95
-116628.858    81.388     8.98    5.92
-116343.151    83.826     8.54    5.52
-116057.452    86.318     8.72    5.24
-115771.762    88.144     6.39    4.88
-115486.079    89.550     4.92    4.74
-115200.405    90.313     2.67    4.25
-114914.738    90.274    -0.14    4.25
-114629.080    89.731    -1.90    4.67
-114343.430    89.202    -1.85    5.14
-114057.788    89.114    -0.31    6.05
-113772.155    90.418     4.56    7.45
-113486.529    92.893     8.66    9.48
-113200.572    95.634     9.59   10.45
-112913.106    98.846    11.17   10.30
-112625.650   102.335    12.14    9.77
-112338.203   105.629    11.46    8.30
-112050.765   109.373    13.02    6.96
-111763.336   112.104     9.50    6.21
-111475.916   115.676    12.43    7.49
-111188.505   119.068    11.80    7.93
-110901.104   121.834     9.62    7.14
-110613.711   123.482     5.74    6.16
-110326.327   124.146     2.31    5.36
-110038.952   123.917    -0.80    5.47
-109751.587   122.758    -4.03    5.45
-109464.230   120.756    -6.97    4.69
-109176.882   119.507    -4.34    4.12
-108889.544   118.673    -2.90    3.62
-108602.214   118.109    -1.96    3.71
-108314.894   116.770    -4.66    4.98
-108027.582   114.807    -6.83    5.21
-107740.280   113.444    -4.74    5.20
-107452.987   113.041    -1.40    5.35
-107165.702   112.754    -1.00    5.70
-106878.427   112.412    -1.19    6.01
-106591.161   112.591     0.62    6.34
-106303.903   113.656     3.71    6.41
-106016.655   115.011     4.72    6.31
-105729.416   115.340     1.14    5.84
-105442.186   116.040     2.44    5.67
-105154.965   115.856    -0.64    5.51
-104867.752   114.294    -5.44    6.93
-104580.549   111.568    -9.49    9.03
-104293.355   107.661   -13.60   10.73
-104006.170   101.666   -20.88   12.59
-103718.994    94.734   -24.14   12.95
-103431.827    88.740   -20.88   12.28
-103144.669    83.547   -18.08   10.46
-102857.520    78.976   -15.92    8.42
-102570.380    75.472   -12.20    6.25
-102283.249    73.661    -6.31    4.76
-101996.127    73.525    -0.47    5.29
-101709.014    74.808     4.47    5.70
-101421.910    76.243     5.00    6.00
-101134.815    77.616     4.78    6.25
-100847.729    79.592     6.88    6.17
-100560.652    81.357     6.15    5.62
-100273.584    82.656     4.53    5.16
 -99986.525    83.533     3.05    4.92
 -99699.475    84.410     3.05    4.89
 -99412.435    85.493     3.77    5.53
 -99125.403    86.372     3.06    5.70
 -98838.380    86.910     1.88    6.56
 -98551.366    87.777     3.02    7.69
 -98264.361    87.446    -1.15    8.46
 -97977.365    86.646    -2.79    9.49
 -97690.378    85.025    -5.65   10.52
 -97403.400    82.857    -7.56   11.48
 -97116.431    80.968    -6.58   12.56
 -96829.471    79.763    -4.20   13.31
 -96542.520    77.917    -6.43   13.57
 -96255.578    74.757   -11.01   15.28
 -95968.645    70.375   -15.27   16.74
 -95681.721    64.688   -19.82   17.32
 -95394.806    58.385   -21.97   16.10
 -95107.900    52.613   -20.12   13.41
 -94821.003    46.946   -19.75    9.61
 -94534.115    43.408   -12.33    6.40
 -94247.236    41.352    -7.17    4.79
 -93960.366    40.152    -4.18    3.85
 -93673.504    39.638    -1.79    3.51
 -93386.652    40.070     1.51    3.87
 -93099.809    40.902     2.90    3.81
 -92812.975    41.375     1.65    3.97
 -92526.150    41.188    -0.65    4.05
 -92239.333    41.250     0.22    4.24
 -91952.526    40.525    -2.53    4.74
 -91665.728    39.156    -4.77    4.80
 -91378.938    38.270    -3.09    4.50
 -91092.158    37.249    -3.56    4.08
 -90805.387    36.291    -3.34    3.32
 -90518.624    36.287    -0.01    3.43
 -90231.871    36.385     0.34    3.38
 -89945.126    36.975     2.06    3.42
 -89658.391    37.440     1.62    3.68
 -89371.664    37.082    -1.25    4.17
 -89084.947    36.589    -1.72    4.53
 -88798.238    35.454    -3.96    4.53
 -88511.538    34.162    -4.51    4.21
 -88224.848    32.975    -4.14    3.65
 -87938.166    32.076    -3.14    2.77
 -87651.493    31.497    -2.02    2.12
 -87364.829    31.430    -0.23    1.96
 -87078.174    31.165    -0.92    2.12
 -86791.528    31.163    -0.00    2.34
 -86504.891    31.330     0.58    2.67
 -86218.263    31.018    -1.09    3.03
 -85931.644    30.945    -0.25    3.32
 -85645.034    31.166     0.77    3.57
 -85358.433    31.181     0.05    3.39
 -85071.840    31.041    -0.49    2.87
 -84785.257    31.149     0.38    2.56
 -84498.683    31.134    -0.05    2.31
 -84212.117    31.347     0.74    2.38
 -83925.561    31.603     0.89    2.26
 -83639.013    31.710     0.37    2.21
 -83352.475    32.019     1.08    2.41
 -83065.945    32.304     0.99    2.37
 -82779.424    32.351     0.17    2.20
 -82492.913    32.188    -0.57    2.33
 -82206.410    31.946    -0.84    2.41
 -81919.916    31.536    -1.43    2.53
 -81633.431    30.833    -2.45    2.78
 -81346.955    29.828    -3.51    2.91
 -81060.488    28.997    -2.90    2.66
 -80774.030    28.707    -1.01    2.47
 -80487.580    28.585    -0.42    2.29
 -80201.140    28.607     0.07    2.10
 -79914.709    28.673     0.23    1.89
 -79628.286    28.831     0.55    1.66
 -79341.873    28.678    -0.54    1.67
 -79055.468    28.714     0.13    1.84
 -78769.072    28.842     0.45    2.13
 -78482.686    28.820    -0.08    2.10
 -78196.308    28.937     0.41    2.02
 -77909.939    29.109     0.60    2.01
 -77623.579    29.069    -0.14    1.85
 -77337.228    29.063    -0.02    2.03
 -77050.886    28.804    -0.90    2.02
 -76764.552    28.607    -0.69    1.95
 -76478.228    28.646     0.14    2.08
 -76191.913    28.455    -0.67    2.09
 -75905.606    28.576     0.42    2.25
 -75619.308    28.910     1.16    2.34
 -75333.020    29.397     1.70    2.15
 -75046.740    29.364    -0.11    2.16
 -74760.469    28.882    -1.68    2.14
 -74474.207    28.375    -1.77    2.04
 -74187.954    28.261    -0.40    1.95
 -73901.710    28.344     0.29    1.88
 -73615.475    28.571     0.79    2.08
 -73329.248    28.622     0.18    2.22
 -73043.031    28.846     0.78    2.24
 -72756.822    29.120     0.96    2.07
 -72470.623    28.871    -0.87    2.22
 -72184.432    28.532    -1.18    2.42
 -71898.250    27.961    -2.00    2.56
 -71612.077    27.460    -1.75    2.46
 -71325.913    27.255    -0.72    2.54
 -71039.758    27.325     0.24    2.60
 -70753.612    27.404     0.28    2.46
 -70467.474    27.440     0.12    2.41
 -70181.346    27.335    -0.37    2.26
 -69895.226    27.468     0.46    2.09
 -69609.116    27.616     0.52    2.02
 -69323.014    27.752     0.47    2.15
 -69036.921    28.328     2.01    2.65
 -68750.837    29.131     2.81    3.14
 -68464.762    29.975     2.95    3.48
 -68178.695    30.865     3.11    3.24
 -67892.638    31.385     1.82    2.85
 -67606.590    31.533     0.52    2.37
 -67320.550    31.207    -1.14    2.18
 -67034.519    30.680    -1.84    2.24
 -66748.497    30.681     0.00    2.30
 -66462.484    30.682     0.01    2.28
 -66176.480    30.777     0.33    2.38
 -65890.485    31.026     0.87    2.35
 -65604.499    31.692     2.33    2.25
 -65318.521    32.450     2.65    1.95
 -65032.553    32.938     1.71    1.69
 -64746.593    33.461     1.83    2.18
 -64460.642    34.397     3.27    2.68
 -64174.700    35.011     2.15    2.66
 -63888.767    35.525     1.80    2.44
 -63602.842    35.656     0.46    2.42
 -63316.927    35.789     0.47    2.57
 -63031.021    35.436    -1.24    2.84
 -62745.123    34.366    -3.74    2.93
 -62459.234    33.410    -3.35    3.07
 -62173.354    32.654    -2.64    3.18
 -61887.483    31.975    -2.37    2.84
 -61601.621    31.703    -0.95    2.52
 -61315.767    31.715     0.04    2.47
 -61029.923    31.895     0.63    2.40
 -60744.087    32.360     1.63    2.38
 -60458.260    32.647     1.00    2.14
 -60172.443    32.752     0.37    2.16
 -59886.633    32.989     0.83    2.13
 -59600.833    32.741    -0.87    2.18
 -59315.042    32.582    -0.56    2.39
 -59029.259    32.555    -0.10    2.58
 -58743.486    32.838     0.99    2.87
 -58457.721    33.019     0.63    3.01
 -58171.965    33.194     0.61    2.93
 -57886.218    33.342     0.52    2.78
 -57600.479    33.374     0.11    2.68
 -57314.750    33.340    -0.12    2.69
 -57029.029    33.155    -0.65    2.48
 -56743.317    32.478    -2.37    2.67
 -56457.614    31.313    -4.08    3.84
 -56171.920    29.798    -5.30    4.83
 -55886.235    27.819    -6.93    5.29
 -55600.559    26.454    -4.78    5.20
 -55314.891    25.439    -3.55    4.67
 -55029.232    24.886    -1.93    3.98
 -54743.582    24.911     0.09    3.69
 -54457.941    25.225     1.10    3.31
 -54172.309    25.512     1.00    3.15
 -53886.686    25.856     1.21    3.14
 -53601.071    25.975     0.42    3.30
 -53315.465    26.278     1.06    3.14
 -53029.868    26.644     1.28    2.99
 -52744.280    27.308     2.32    2.99
 -52458.701    27.787     1.68    2.36
 -52173.131    27.757    -0.10    2.38
 -51887.569    27.004    -2.64    2.85
 -51602.016    26.019    -3.45    3.22
 -51315.913    24.188    -6.40    3.82
 -51028.370    22.236    -6.79    4.24
 -50740.837    20.201    -7.08    4.16
 -50453.313    18.697    -5.23    3.30
 -50165.799    18.401    -1.03    3.25
 -49878.295    19.290     3.09    4.09
 -49590.801    20.155     3.01    4.61
 -49303.316    21.063     3.16    4.55
 -49015.841    22.447     4.81    4.65
 -48728.376    23.774     4.62    4.69
 -48440.921    23.953     0.62    5.17
 -48153.475    23.184    -2.68    5.67
 -47866.039    22.578    -2.11    5.79
 -47578.613    22.947     1.28    5.55
 -47291.197    22.918    -0.10    5.25
 -47003.790    23.115     0.69    5.52
 -46716.393    23.947     2.89    5.89
 -46429.006    25.826     6.54    5.39
 -46141.629    27.852     7.05    3.98
 -45854.261    29.651     6.26    3.31
 -45566.903    30.342     2.40    2.89
 -45279.555    30.033    -1.08    3.01
 -44992.216    29.859    -0.60    2.86
 -44704.888    29.798    -0.21    2.44
 -44417.568    30.161     1.26    2.36
 -44130.259    30.760     2.08    2.33
 -43842.960    31.347     2.04    2.28
 -43555.670    31.961     2.14    2.04
 -43268.390    32.515     1.93    1.92
 -42981.119    33.025     1.77    1.93
 -42693.859    33.772     2.60    2.12
 -42406.608    34.540     2.67    2.32
 -42119.366    35.304     2.66    2.57
 -41832.135    36.441     3.96    2.53
 -41544.913    37.071     2.19    2.09
 -41257.701    37.542     1.64    2.37
 -40970.499    36.656    -3.09    3.47
 -40683.306    35.238    -4.94    4.97
 -40396.123    32.768    -8.60    5.96
 -40108.950    30.708    -7.17    5.66
 -39821.786    29.060    -5.74    4.89
 -39534.632    27.778    -4.46    3.77
 -39247.488    26.693    -3.78    2.72
 -38960.354    26.615    -0.27    2.70
 -38673.229    26.922     1.07    2.54
 -38386.114    26.642    -0.98    2.51
 -38099.009    26.407    -0.82    2.47
 -37811.913    26.430     0.08    2.40
 -37524.828    26.306    -0.43    2.23
 -37237.751    26.306    -0.00    2.27
 -36950.685    26.308     0.01    2.26
 -36663.628    26.507     0.69    2.62
 -36376.581    26.663     0.54    2.68
 -36089.544    26.725     0.22    2.63
 -35802.516    26.628    -0.34    2.60
 -35515.498    26.607    -0.07    2.39
 -35228.490    26.582    -0.09    2.16
 -34941.491    26.647     0.22    1.89
 -34654.502    26.900     0.88    1.90
 -34367.523    26.890    -0.03    2.32
 -34080.553    26.438    -1.58    3.09
 -33793.593    25.816    -2.17    3.86
 -33506.643    25.675    -0.49    4.15
 -33219.703    25.537    -0.48    4.31
 -32932.772    25.594     0.20    4.34
 -32645.851    25.294    -1.05    4.20
 -32358.939    24.989    -1.06    4.08
 -32072.037    25.392     1.41    3.63
 -31785.145    25.345    -0.17    3.29
 -31498.263    25.019    -1.14    2.93
 -31211.390    24.883    -0.47    2.68
 -30924.527    24.982     0.34    2.70
 -30637.673    25.387     1.41    2.57
 -30350.829    25.917     1.85    2.28
 -30063.995    25.707    -0.73    2.30
 -29777.171    24.811    -3.12    3.49
 -29490.356    23.382    -4.98    3.99
 -29203.551    22.758    -2.18    3.79
 -28916.756    22.757    -0.00    3.94
 -28629.970    23.770     3.53    4.63
 -28343.194    24.382     2.13    4.82
 -28056.427    25.287     3.16    4.56
 -27769.670    26.152     3.02    3.63
 -27482.923    26.628     1.66    3.04
 -27196.186    26.622    -0.02    2.76
 -26909.458    26.470    -0.53    2.55
 -26622.740    26.637     0.58    2.27
 -26336.031    26.834     0.69    2.36
 -26049.332    27.122     1.00    2.33
 -25762.643    27.275     0.54    2.65
 -25475.963    26.747    -1.84    2.92
 -25189.293    25.882    -3.01    3.03
 -24902.633    24.770    -3.88    3.11
 -24615.982    23.629    -3.98    3.16
 -24329.341    22.754    -3.05    2.83
 -24042.710    22.295    -1.60    2.60
 -23756.088    21.697    -2.09    2.40
 -23469.476    21.039    -2.30    2.61
 -23182.874    20.107    -3.25    3.07
 -22896.281    19.429    -2.36    3.37
 -22609.698    18.461    -3.38    3.72
 -22323.124    17.384    -3.76    3.55
 -22036.560    16.663    -2.51    3.11
 -21750.006    16.300    -1.27    2.90
 -21463.461    16.489     0.66    3.18
 -21176.926    17.025     1.87    3.28
 -20890.401    17.446     1.47    3.32
 -20603.885    18.069     2.18    3.40
 -20317.379    18.397     1.14    3.39
 -20030.882    18.549     0.53    3.42
 -19744.395    18.792     0.85    3.35
 -19457.918    19.100     1.07    3.18
 -19171.450    19.989     3.11    3.17
 -18884.992    20.247     0.90    3.21
 -18598.544    20.168    -0.27    3.39
 -18312.105    20.165    -0.01    3.36
 -18025.676    19.572    -2.07    3.42
 -17739.256    18.758    -2.84    3.23
 -17452.846    18.421    -1.18    3.06
 -17166.446    18.208    -0.74    3.12
 -16880.055    19.062     2.98    3.59
 -16593.674    19.905     2.94    3.83
 -16307.302    20.756     2.97    3.69
 -16020.940    21.330     2.00    3.18
 -15734.588    21.025    -1.06    3.31
 -15448.245    20.158    -3.03    3.73
 -15161.912    19.404    -2.64    3.88
 -14875.589    18.518    -3.09    3.85
 -14589.275    18.041    -1.67    3.63
 -14302.970    17.551    -1.71    3.33
 -14016.676    17.804     0.89    2.94
 -13730.391    17.989     0.65    2.84
 -13444.115    17.889    -0.35    2.69
 -13157.849    17.308    -2.03    3.15
 -12871.593    15.837    -5.14    4.58
 -12585.346    13.975    -6.50    5.33
 -12299.109    12.340    -5.71    5.21
 -12012.881    11.461    -3.07    4.93
 -11726.663    11.166    -1.03    4.96
 -11440.455    11.241     0.26    5.08
 -11154.256    12.811     5.49    5.74
 -10868.067    14.907     7.32    6.43
 -10581.887    17.864    10.33    7.03
 -10295.717    20.529     9.31    6.83
 -10009.557    22.855     8.13    5.89
  -9723.406    25.220     8.26    4.57
  -9437.264    26.710     5.21    3.43
  -9151.133    27.607     3.14    2.91
  -8865.011    28.090     1.69    2.74
  -8578.898    28.711     2.17    3.13
  -8292.795    28.807     0.34    3.50
  -8006.701    28.429    -1.32    4.46
  -7720.618    26.776    -5.78    6.28
  -7434.543    23.933    -9.94    8.77
  -7148.479    19.432   -15.73   10.63
  -6862.423    14.997   -15.51   10.85
  -6576.378    10.763   -14.80    9.45
  -6290.342     7.228   -12.36    7.29
  -6004.315     4.797    -8.50    4.48
  -5718.298     3.361    -5.02    1.37
  -5432.291     3.142    -0.77    0.48
  -5146.293     3.135    -0.02    0.44
  -4860.305     3.174     0.14    0.48
  -4574.326     3.204     0.11    0.51
  -4288.357     3.252     0.17    0.54
  -4002.398     3.311     0.20    0.58
  -3716.447     3.389     0.28    0.84
  -3430.507     3.640     0.88    1.26
  -3144.576     3.804     0.58    1.38
  -2858.655     4.070     0.93    1.65
  -2572.743     4.668     2.09    2.15
  -2286.841     4.217    -1.58    2.65
  -2000.948     3.632    -2.05    3.05
  -1715.065     2.879    -2.64    3.20
  -1429.191     2.034    -2.96    3.08
  -1143.327     1.177    -3.00    2.70
   -857.472     0.441    -2.57    1.94
   -571.627    -0.003    -1.55    0.00
   -285.792    -0.003     0.00    0.00
      0.034    -0.003     0.00    0.00
    285.850     1.397     4.90    4.74
    571.657     4.468    10.75    8.99
    857.455     9.924    19.09   13.18
   1143.242    15.364    19.03   15.02
   1429.021    23.279    27.70   16.19
   1714.789    31.737    29.60   16.00
   2000.548    41.091    32.73   14.05
   2286.298    48.826    27.07   13.92
   2572.038    55.697    24.04   13.48
   2857.769    62.640    24.30   12.40
   3143.490    68.249    19.63   10.06
   3429.202    70.797     8.92    8.44
   3714.904    70.161    -2.23   10.23
   4000.596    65.974   -14.65   15.78
   4286.279    60.018   -20.85   18.80
   4571.953    53.019   -24.50   18.33
   4857.617    47.114   -20.67   15.14
   5143.271    43.213   -13.66   12.49
   5428.916    42.504    -2.48   12.71
   5714.552    45.172     9.34   13.33
   6000.177    49.646    15.67   11.70
   6285.794    53.527    13.59    8.77
   6571.401    55.184     5.80    7.38
   6856.998    56.136     3.34    6.33
   7142.586    56.656     1.82    6.10
   7428.164    57.378     2.53    5.77
   7713.733    58.833     5.09    6.28
   7999.293    60.395     5.47    7.19
   8284.843    62.054     5.81    7.81
   8570.383    63.370     4.61    7.44
   8855.914    65.378     7.03    7.14
   9141.435    67.423     7.16    7.45
   9426.947    69.902     8.68    7.79
   9712.449    72.240     8.19    7.86
   9997.942    74.876     9.24    8.15
  10283.426    78.291    11.96    7.43
  10569.711    81.585    11.51    6.05
  10857.327    84.364     9.66    4.87
  11144.933    85.954     5.53    4.22
  11432.529    86.441     1.70    3.93
  11720.114    87.271     2.88    3.78
  12007.688    88.133     3.00    4.41
  12295.252    90.280     7.47    5.66
  12582.806    92.818     8.83    7.08
  12870.349    95.800    10.37    8.84
  13157.882    99.552    13.05   10.63
  13445.405   104.292    16.48   10.94
  13732.916   108.907    16.05   10.36
  14020.418   113.287    15.23    8.95
  14307.909   117.646    15.16    8.59
  14595.389   122.459    16.74    8.06
  14882.860   126.823    15.18    9.00
  15170.319   132.049    18.18   10.83
  15457.769   137.916    20.41   11.97
  15745.207   144.822    24.02   12.34
  16032.636   150.861    21.01   11.83
  16320.054   157.125    21.79   10.47
  16607.461   162.250    17.83    9.69
  16894.859   166.155    13.59    7.35
  17182.245   168.468     8.05    5.44
  17469.622   170.960     8.67    6.20
  17756.987   175.162    14.62   10.08
  18044.343   181.318    21.42   14.09
  18331.688   187.532    21.63   16.01
  18619.022   194.192    23.18   15.53
  18906.347   200.548    22.12   12.37
  19193.660   204.366    13.29    8.11
  19480.964   206.221     6.46    4.79
  19768.257   205.371    -2.96    5.10
  20055.539   203.354    -7.02    5.33
  20342.811   201.130    -7.74    5.57
  20630.073   198.407    -9.48    5.59
  20917.324   195.101   -11.51    5.80
  21204.565   191.778   -11.57    6.11
  21491.796   188.325   -12.02    6.84
  21779.016   184.392   -13.69    7.81
  22066.226   180.540   -13.41    8.33
  22353.425   177.315   -11.23    7.74
  22640.614   173.989   -11.58    6.90
  22927.792   170.518   -12.09    7.00
  23214.960   166.668   -13.41    6.67
  23502.118   163.554   -10.85    7.34
  23789.265   161.467    -7.27    7.57
  24076.402   159.105    -8.23    6.61
  24363.529   157.247    -6.47    4.62
  24650.645   156.676    -1.99    3.92
  24937.751   156.576    -0.35    3.68
  25224.846   156.604     0.10    3.73
  25511.931   155.818    -2.74    4.57
  25799.006   154.668    -4.01    5.14
  26086.070   153.656    -3.53    5.22
  26373.124   151.990    -5.81    5.63
  26660.167   150.315    -5.83    5.87
  26947.200   148.332    -6.91    6.30
  27234.223   145.749    -9.00    7.38
  27521.235   142.601   -10.97    8.04
  27808.237   138.714   -13.54    7.70
  28095.229   134.078   -16.15    8.19
  28382.210   129.442   -16.16    9.75
  28669.181   124.461   -17.36   10.74
  28956.142   119.467   -17.40   10.55
  29243.092   115.191   -14.90    8.95
  29530.032   112.412    -9.69    7.13
  29816.961   110.181    -7.78    5.29
  30103.880   109.896    -0.99    4.80
  30390.789   110.086     0.66    4.76
  30677.687   109.876    -0.73    5.48
  30964.575   108.325    -5.41    7.00
  31251.453   105.278   -10.62    8.15
  31538.320   102.320   -10.31    8.63
  31825.177    98.695   -12.64    9.65
  32112.023    94.318   -15.26    8.89
  32398.860    90.171   -14.46    8.52
  32685.685    87.362    -9.79    7.62
  32972.501    85.217    -7.48    6.81
  33259.306    83.456    -6.14    6.33
  33546.101    82.168    -4.49    5.81
  33832.885    82.342     0.61    6.03
  34119.660    83.500     4.04    7.00
  34406.423    85.154     5.77    8.12
  34693.177    87.631     8.64    9.76
  34979.920    91.939    15.02   11.31
  35266.653    96.249    15.03   11.02
  35553.375   100.819    15.94    8.98
  35840.087   104.500    12.84    7.56
  36126.789   107.019     8.79    6.39
  36413.481   109.858     9.90    5.53
  36700.162   111.967     7.36    5.16
  36986.833   113.944     6.89    5.67
  37273.493   116.168     7.76    5.36
  37560.143   117.011     2.94    5.40
  37846.783   117.493     1.68    5.46
  38133.413   116.975    -1.81    5.68
  38420.032   115.512    -5.11    6.02
  38706.641   113.953    -5.44    5.97
  38993.239   112.609    -4.69    5.72
  39279.828   112.632     0.08    6.52
  39566.405   113.975     4.68    7.83
  39852.973   117.019    10.62    9.86
  40139.530   121.375    15.20   11.96
  40426.077   128.232    23.93   13.76
  40712.614   136.136    27.59   15.93
  40999.141   146.011    34.46   18.84
  41285.657   157.774    41.06   24.27
  41572.162   176.895    66.74   36.81
  41858.658   201.197    84.82   49.82
  42145.143   226.267    87.51   56.17
  42431.618   251.797    89.12   56.29
  42718.083   279.094    95.29   54.49
  43004.537   309.097   104.74   48.39
  43290.981   332.974    83.36   44.22
  43577.415   355.695    79.32   41.33
  43863.838   376.148    71.41   38.53
  44150.251   392.915    58.54   33.50
  44436.654   406.859    48.69   27.24
  44723.046   420.115    46.29   21.60
  45009.429   431.816    40.86   23.05
  45295.801   444.457    44.14   31.15
  45582.162   453.774    32.54   35.36
  45868.514   464.090    36.02   39.00
  46154.855   470.167    21.22   38.14
  46441.186   469.298    -3.03   37.82
  46727.506   465.695   -12.59   37.11
  47013.816   454.328   -39.70   31.67
  47300.116   441.615   -44.40   27.18
  47586.406   430.923   -37.35   24.33
  47872.686   420.982   -34.72   23.87
  48158.955   412.054   -31.19   23.90
  48445.214   401.153   -38.08   23.91
  48731.462   392.946   -28.67   21.97
  49017.701   388.239   -16.44   18.84
  49303.929   387.328    -3.19   17.58
  49590.147   391.104    13.19   21.21
  49876.354   399.296    28.62   25.99
  50162.552   411.931    44.15   28.67
  50448.739   424.182    42.81   27.43
  50734.916   432.728    29.86   24.65
  51021.082   437.997    18.41   21.85
  51307.238   440.034     7.12   21.31
  51593.384   434.525   -19.25   27.67
  51879.520   424.376   -35.47   34.30
  52165.646   409.907   -50.57   40.61
  52451.761   391.472   -64.43   45.09
  52737.866   371.861   -68.54   45.12
  53023.961   355.865   -55.91   40.98
  53310.045   341.953   -48.63   34.53
  53596.120   333.282   -30.31   25.64
  53882.184   328.371   -17.17   19.73
  54168.238   327.419    -3.33   17.32
  54454.281   329.592     7.60   16.95
  54740.314   332.084     8.71   19.82
  55026.338   335.541    12.09   22.25
  55312.350   339.554    14.03   24.74
  55598.353   342.400     9.95   24.52
  55884.345   345.192     9.76   23.51
  56170.328   345.637     1.56   22.22
  56456.300   341.308   -15.14   22.68
  56742.261   329.668   -40.70   29.64
  57028.213   312.423   -60.31   38.70
  57314.154   293.641   -65.68   43.68
  57600.085   275.403   -63.79   44.48
  57886.006   255.997   -67.87   40.25
  58171.916   239.047   -59.28   27.60
  58457.817   227.367   -40.85   15.49
  58743.707   221.536   -20.39    9.37
  59029.587   218.253   -11.48    6.40
  59315.456   216.373    -6.58    5.05
