# NaN NaN NaN ;Mean Elev.(m), Avg Gradient(m/km), RMS Gradient(m/km) - SRTM1     
#   -6.996  -0.391   2.181 ;Mean Elev.(m), Avg Gradient(m/km), RMS Gradient(m/km) - ASTER GDEM
#    1.761  -0.212   1.994 ;Mean Elev.(m), Avg Gradient(m/km), RMS Gradient(m/km) - GMTED2010 
   1  87.917051  66.087823    12.470    12.197  4 54663.31037051 23.113
   2  87.921435  66.088842     6.328     6.375  5 54673.22601586 55.438
   3  87.924146  66.090196    11.694    11.993  5 54683.14165963 27.385
   4  87.920735  66.090706     6.897     6.849  5 54693.05730154 55.995
   5  87.924594  66.090061     6.069     6.076  5 54702.97294162 51.636
   6  87.925655  66.088169    15.339    17.817  7 54712.88859082 26.313
   7  87.928021  66.086572     6.640     7.236  7 54722.80424186 36.270
   8  87.925768  66.085945    56.196    55.878  7 54732.71989006 15.481
   9  87.928444  66.086997    49.800    48.267  6 54742.63553718 23.671
  10  87.926492  66.087798    16.820    17.858  7 54752.55118367 25.388
  11  87.925536  66.087556    32.695    33.900  7 54762.46682989 21.850
  12  87.928799  66.086155     4.381     4.350  7 54772.38247399 49.695
  13  87.931503  66.085034     6.339     5.724  7 54782.29811512 28.280
  14  87.930530  66.084976     9.760     8.737  8 54792.21375347 25.067
  15  87.926998  66.086288     9.258     9.308  7 54802.12939050 24.200
  16  87.926292  66.087549    48.278    48.880  7 54812.04502767 10.824
  17  87.926120  66.088029    22.505    21.923  6 54821.96066950 16.518
  18  87.926173  66.087626    16.163    17.469  7 54831.87632155 18.072
  19  87.926843  66.087786    11.733    11.750  7 54841.79196024 17.807
  20  87.926112  66.088997    14.620    14.401  6 54851.70760914 16.938
  21  87.921053  66.090556    16.267    17.576  5 54861.62325729 16.584
  22  87.919183  66.091281    53.638    52.148  5 54871.53890575  8.905
  23  87.923994  66.090160    54.644    56.034  5 54881.45455312  9.193
  24  87.927697  66.087622    43.579    43.475  7 54891.37019709 12.263
  25  87.929158  66.085529    31.345    32.247  8 54901.28583796 13.824
  26  87.929631  66.085724    31.367    31.617  7 54911.20147700 14.301
  27  87.928079  66.087316    15.586    13.661  7 54921.11711475 15.348
  28  87.927278  66.088369    17.705    17.739  6 54931.03275196 20.125
  29  87.925900  66.087408    62.337    62.387  6 54940.94838771  7.884
  30  87.928932  66.085464     6.539     5.860  7 54950.86402220 24.543
  31  87.931235  66.084117     8.776     8.768  8 54960.77966283 27.651
  32  87.930949  66.084879    12.452    12.464  7 54970.69531146 35.756
  33  87.926157  66.086603    17.065    17.086  7 54980.61095853 31.076
  34  87.924429  66.088149    18.125    18.083  6 54990.52660560 32.188
  35  87.925349  66.088350    15.980    15.072  6 55000.44225268 28.740
  36  87.926346  66.088119    58.550    58.404  6 55010.35789799 11.872
  37  87.930577  66.088010     7.404     7.383  5 55020.27354202 55.243
  38  87.926835  66.088894    13.552    13.093  6 55030.18918414 27.689
  39  87.922477  66.090114     8.331     7.759  6 55040.10482556 30.352
  40  87.921851  66.090748     9.006     8.037  5 55050.02046593 31.343
  41  87.925954  66.089534     6.803     6.938  6 55059.93610457 36.624
  42  87.927461  66.086949    10.268     9.975  7 55069.85174520 27.781
  43  87.929275  66.084862     4.208     4.211  7 55079.76739476 49.238
  44  87.928589  66.084846    11.228    10.195  7 55089.68304218 25.932
  45  87.927198  66.086588    59.660    59.796  7 55099.59868842  9.740
  46  87.923972  66.088214     4.753     4.752  6 55109.51433398 36.638
  47  87.924481  66.087872    67.764    66.206  6 55119.42997845 18.028
  48  87.927533  66.085788     4.233     4.299  7 55129.34562060 52.379
  49  87.931042  66.083963    12.459    12.256  8 55139.26126077 29.310
  50  87.929738  66.084277    12.605    12.595  8 55149.17689928 24.814
  51  87.930552  66.086559    26.921    28.139  7 55159.09253764 22.668
  52  87.926165  66.088483    24.369    25.839  7 55169.00817521 20.053
  53  87.922624  66.088874    14.834    14.367  6 55178.92381186 18.780
  54  87.926960  66.088130    16.662    13.747  6 55188.83945810 18.883
  55  87.925460  66.087836    17.904    15.621  6 55198.75510858 17.278
  56  87.925289  66.088728    19.238    17.388  6 55208.67075832 17.069
  57  87.922467  66.090053    46.616    46.767  6 55218.58640732 10.772
  58  87.924780  66.090312    46.082    45.844  6 55228.50205599 10.736
  59  87.924072  66.088910    45.279    45.265  6 55238.41770131 10.418
  60  87.929317  66.086597    47.556    48.815  7 55248.33334360 10.032
  61  87.928894  66.084891    44.159    43.899  7 55258.24898297 10.354
  62  87.930606  66.085110    43.145    43.146  7 55268.16462179  9.614
  63  87.929031  66.086674    45.900    44.692  7 55278.08025996  9.851
  64  87.926924  66.087678    55.926    55.452  7 55287.99589682  9.784
  65  87.928319  66.087314    49.472    49.792  7 55297.91153160  9.880
  66  87.930625  66.085578    65.893    65.880  7 55307.82717405  1.738
  67  87.932252  66.084315    71.201    70.517  8 55317.74282053  2.921
  68  87.929644  66.084656     6.886     6.926  7 55327.65846556 28.090
  69  87.928085  66.086576    11.984    11.948  7 55337.57410994 34.627
  70  87.925889  66.088424    17.755    17.770  6 55347.48975381 34.321
  71  87.921853  66.088998    17.299    17.351  6 55357.40539587 29.873
  72  87.926059  66.088838    56.344    56.370  6 55367.32103662 16.406
  73  87.927007  66.088433    16.046    18.214  6 55377.23667561 26.982
  74  87.924787  66.088611     6.932     6.925  6 55387.15231347 56.303
  75  87.926066  66.089186    57.473    57.873  6 55397.06795073  9.046
  76  87.922645  66.089063    57.220    57.524  6 55406.98359321 12.870
  77  87.926104  66.088037    12.695    12.287  7 55416.89924465 27.755
  78  87.926724  66.086098    16.202    17.822  7 55426.81489240 24.735
  79  87.929761  66.084956    55.118    55.126  7 55436.73053770 12.871
  80  87.930512  66.085238    55.846    55.830  7 55446.64618151 12.294
  81  87.926035  66.086334    13.840    13.658  7 55456.56182436 25.167
  82  87.927143  66.087390    58.442    59.488  6 55466.47746704 11.148
  83  87.927464  66.086998    17.541    17.542  7 55476.39310648 27.431
  84  87.931288  66.085684    15.687    15.935  7 55486.30874305 28.156
  85  87.932232  66.084521    48.900    49.251  8 55496.22437718 10.582
  86  87.931059  66.085099    14.287    12.257  7 55506.14001234 22.713
  87  87.927265  66.086752     5.056     5.106  7 55516.05566254 44.803
  88  87.925784  66.088407     5.079     5.112  6 55525.97131203 34.900
  89  87.922877  66.088969     4.610     4.603  6 55535.88695936 31.383
  90  87.924674  66.088863     4.153     4.171  6 55545.80260499 27.431
  91  87.923366  66.088803     6.698     6.949  6 55555.71824851 25.688
  92  87.927509  66.089323    12.225    12.297  6 55565.63389163 22.148
  93  87.926891  66.089329    12.627    12.526  6 55575.54953370 21.327
  94  87.926231  66.088273    10.344     9.773  7 55585.46517405 21.412
  95  87.930384  66.086757    13.508    12.736  7 55595.38081153 19.697
  96  87.928738  66.085440    12.642    12.595  7 55605.29644527 19.306
  97  87.928581  66.085140    12.754    12.853  7 55615.21207707 19.142
  98  87.928442  66.085835    14.431    12.601  7 55625.12771737 17.835
  99  87.925364  66.086418    13.698    12.355  7 55635.04336940 18.494
 100  87.928375  66.086563    13.594    12.160  7 55644.95901980 18.849
 101  87.928782  66.086009    14.146    14.542  7 55654.87466717 17.932
 102  87.929337  66.085350    64.751    64.924  7 55664.79031002  6.671
 103  87.928731  66.085322     5.345     5.351  7 55674.70594981 48.947
 104  87.931518  66.086276    13.489    13.417  7 55684.62158831 47.301
 105  87.928024  66.087408    17.530    17.489  6 55694.53722505 49.864
 106  87.928054  66.088321    15.921    15.946  6 55704.45286075 31.880
 107  87.927303  66.088585    14.571    13.154  6 55714.36850722 29.146
 108  87.924437  66.088625    13.468    14.562  6 55724.28415603 27.655
 109  87.926882  66.089087    57.761    57.074  6 55734.19980337  8.913
 110  87.924611  66.089461    11.477     8.477  5 55744.11544902 29.209
 111  87.924772  66.089176    57.099    56.405  6 55754.03109336  8.007
 112  87.926616  66.087740    14.707    15.553  6 55763.94673556 25.608
 113  87.931358  66.086015    12.955    12.789  7 55773.86237520 28.730
 114  87.930712  66.084810    16.566    18.046  7 55783.77801101 24.919
 115  87.930394  66.085385     7.775     5.944  7 55793.69364446 51.006
 116  87.927952  66.086581     6.560     6.567  7 55803.60928035 39.981
 117  87.926379  66.087205     6.578     6.579  6 55813.52492993 42.616
 118  87.929061  66.086567     5.652     5.703  7 55823.44057795 48.442
 119  87.928138  66.085281    11.251    11.826  7 55833.35622090 26.366
 120  87.929582  66.084728    58.311    58.555  8 55843.27185989 12.389
 121  87.927513  66.085454    57.251    56.130  7 55853.18749553 10.938
 122  87.928405  66.087220     4.627     4.631  7 55863.10313167 50.714
 123  87.925776  66.088498     5.057     5.048  6 55873.01878551 38.139
 124  87.924805  66.088696     7.914     8.036  6 55882.93443440 30.825
 125  87.927474  66.088443    12.966    12.774  6 55892.85007722 24.074
 126  87.925623  66.088236    14.799    13.896  6 55902.76571404 22.024
 127  87.923141  66.088773    14.203    13.748  6 55912.68135022 22.494
 128  87.923917  66.089612    14.696    14.587  5 55922.59700458 22.644
 129  87.925847  66.089355    14.901    14.989  6 55932.51265618 24.071
 130  87.926565  66.087434    13.410    14.069  7 55942.42830338 23.110
 131  87.928498  66.085163    14.012    13.703  7 55952.34394633 22.980
 132  87.931670  66.084423    13.865    13.632  7 55962.25958602 22.692
 133  87.929794  66.085507    15.178    15.544  7 55972.17522319 21.077
 134  87.927503  66.087318    14.106    13.106  7 55982.09085909 21.487
 135  87.927095  66.087732    12.910    12.669  6 55992.00649359 21.743
 136  87.927526  66.086665    14.090    13.881  6 56001.92214085 21.531
 137  87.930681  66.085002     9.661     9.084  8 56011.83779102 25.339
 138  87.930724  66.084619    65.018    64.719  8 56021.75343728  4.455
 139  87.925814  66.085908    12.081    10.256  7 56031.66908025 13.872
 140  87.926400  66.088214    69.114    69.399  6 56041.58472170  6.313
 141  87.925539  66.089502     5.072     5.122  6 56051.50036064 37.713
 142  87.926166  66.089404    10.457     9.939  6 56061.41599692 31.438
 143  87.925967  66.088247    16.926    16.962  7 56071.33163536 35.118
 144  87.926771  66.087920    16.030    16.054  6 56081.24728603 40.370
 145  87.924684  66.088557    11.141    11.172  3 56091.16293381 56.747
 146  87.922980  66.089590    16.429    17.719  6 56101.07857926 26.225
 147  87.923515  66.089301     6.222     5.418  6 56110.99421066 34.666
 148  87.926325  66.087398     8.363     8.320  6 56120.90985050 27.911
 149  87.931123  66.085013     5.858     3.787  7 56130.82548681 36.446
 150  87.930776  66.083958     9.084     9.475  8 56140.74112090 28.738
 151  87.930120  66.085414    10.899    10.812  8 56150.65677185 27.354
 152  87.925635  66.087518     3.162     3.164  6 56160.57242059 41.198
 153  87.925009  66.088381     3.199     3.263  6 56170.48806805 42.422
 154  87.926788  66.087152    59.140    58.031  7 56180.40371176  9.938
 155  87.931168  66.085380    13.042    12.568  7 56190.31935169 26.036
 156  87.929206  66.084649    12.985    12.589  7 56200.23498816 25.247
 157  87.930519  66.086268    15.587    14.553  7 56210.15062252 26.149
 158  87.925160  66.088499     2.600     2.607  7 56220.06625443 40.220
 159  87.923552  66.090107     3.257     3.260  5 56229.98190386 33.882
 160  87.924299  66.089799    36.280    35.146  5 56239.89755722 23.027
 161  87.925424  66.088767    37.745    38.023  7 56249.81320667 22.299
 162  87.926000  66.087909    38.889    38.420  6 56259.72885125 21.665
 163  87.925503  66.088332    44.627    44.639  6 56269.64449311 15.602
 164  87.926028  66.088965    44.772    44.717  6 56279.56013334 15.698
 165  87.926666  66.089119    44.728    44.762  6 56289.47578424 14.531
 166  87.928327  66.087535    17.234    16.337  7 56299.39143274 18.157
 167  87.930153  66.085415    14.797    13.408  8 56309.30707726 18.823
 168  87.930638  66.084393    13.760    13.109  7 56319.22271926 17.131
 169  87.927075  66.085529    44.063    43.242  7 56329.13835995 12.919
 170  87.925870  66.087476    43.789    43.667  7 56339.05400001 13.324
 171  87.926299  66.088445    48.311    48.702  6 56348.96963814 11.944
 172  87.928416  66.087381    44.987    44.694  7 56358.88527368 11.772
 173  87.931557  66.085777    44.754    43.549  7 56368.80092456 10.995
 175  87.928172  66.086976    47.424    47.526  6 56388.63221744  7.608
 176  87.925473  66.089296    58.641    59.519  6 56398.54786062  7.054
 177  87.922727  66.090564    61.917    63.046  6 56408.46350133  4.804
 178  87.925264  66.090172     6.110     5.306  6 56418.37913823 34.748
 179  87.927645  66.088803    17.982    17.974  6 56428.29477107 49.194
 180  87.925469  66.088046    18.974    18.952  6 56438.21042474 31.841
 181  87.925796  66.088267    13.866    13.898  6 56448.12607605 54.970
 182  87.928263  66.088941    18.194    18.148  6 56458.04172536 27.510
 183  87.923258  66.088412     6.993     6.929  6 56467.95737069 44.710
 184  87.926521  66.087256     8.674     8.800  7 56477.87301272 29.883
 185  87.929577  66.085684     9.766    10.554  7 56487.78865092 31.511
 186  87.931949  66.085236     6.553     4.567  7 56497.70428650 53.054
 187  87.928754  66.085838     5.444     3.567  8 56507.61992038 45.822
 188  87.925524  66.087157     7.903     7.220  7 56517.53555741 27.899
 189  87.926078  66.087882     8.565     9.146  6 56527.45121177 27.616
 190  87.925897  66.087480    57.284    57.489  7 56537.36686180  6.566
 192  87.929232  66.086537    59.006    60.057  7 56557.19815174  7.808
 193  87.926807  66.087647    17.071    17.690  6 56567.11379409 30.994
 194  87.926615  66.089483     4.200     4.237  6 56577.02943532 40.496
 195  87.923864  66.090355     3.624     3.617  5 56586.94507282 46.902
 196  87.924756  66.090013     4.700     4.659  6 56596.86071291 44.607
 197  87.927719  66.089106     8.488    10.009  6 56606.77636505 16.395
 198  87.925281  66.088373     6.316     5.221  6 56616.69201180 20.157
 199  87.925487  66.088265    15.692    15.495  6 56626.60765534 20.376
 200  87.924081  66.088206     6.711     7.001  6 56636.52329599 19.783
 201  87.926295  66.087723    10.925    10.854  6 56646.43893675 19.020
 202  87.929196  66.086873    10.439    10.503  7 56656.35458926 19.239
 203  87.929629  66.085861    13.064    12.330  7 56666.27023721 18.626
 204  87.929468  66.085884    14.628    12.778  7 56676.18588247 15.762
 205  87.928004  66.086715    15.682    15.176  6 56686.10152653 16.276
 206  87.928070  66.087639    13.751    13.725  7 56696.01716874 15.681
 207  87.927084  66.087732    14.949    14.134  6 56705.93280628 15.551
 208  87.926901  66.087079    15.069    14.536  6 56715.84843883 16.214
 209  87.929721  66.086937    32.537    34.125  7 56725.76409256 13.169
 210  87.928130  66.087607    14.409    14.380  6 56735.67974193 16.169
 211  87.923331  66.089048    11.525    12.748  6 56745.59538765 17.339
 212  87.910464  66.089733    58.349    58.349  2 56755.51102837  0.464
 213  87.922340  66.090033     4.426     4.428  6 56765.42666568 28.343
 214  87.927125  66.089327     5.872     5.882  6 56775.34230498 23.904
 215  87.922556  66.088832     8.328     8.346  6 56785.25796131 39.140
 216  87.923533  66.088963    18.593    18.599  6 56795.17361451 32.424
 217  87.926188  66.089158    16.693    16.695  6 56805.08926391 31.117
 218  87.928140  66.088547    13.549    13.568  6 56815.00490632 49.346
 219  87.927019  66.087189    14.729    14.160  7 56824.92054496 30.306
 220  87.929354  66.086091    12.776    11.828  7 56834.83618012 37.749
 221  87.926859  66.085851    14.439    14.330  7 56844.75181150 24.629
 222  87.926796  66.086678    10.839    10.634  7 56854.66745659 27.105
 223  87.928238  66.087665     4.735     4.666  7 56864.58311041 41.235
 224  87.925193  66.087790    57.273    55.775  6 56874.49876310  6.570
 225  87.926230  66.087517    10.887    11.600  7 56884.41441299 27.486
 226  87.925344  66.087123    57.754    56.998  7 56894.33005957  9.068
 227  87.927053  66.087548    57.162    56.946  7 56904.24570321 12.529
 228  87.925006  66.088786    57.233    56.877  6 56914.16134446 13.078
 229  87.924925  66.090094    18.229    18.175  5 56924.07698413 28.113
 230  87.922626  66.090523     9.209    10.220  6 56933.99262095 36.824
 231  87.925441  66.089877     7.260     6.450  6 56943.90825293 35.740
 232  87.926978  66.088744     4.241     4.274  6 56953.82390049 47.361
 233  87.928287  66.088209     4.905     4.895  6 56963.73955075 39.353
 234  87.925501  66.088589    15.140    14.720  6 56973.65519591 22.369
 235  87.927331  66.089221     5.646     5.039  6 56983.57083715 22.603
 236  87.924038  66.088537    12.238    11.782  6 56993.48647310 18.489
 237  87.927828  66.086783    10.511    10.870  7 57003.40211044 18.667
 238  87.927453  66.085287    15.784    15.872  7 57013.31776688 18.105
 239  87.931794  66.085392    14.171    14.011  7 57023.23341846 17.303
 240  87.926025  66.086983    58.407    58.889  7 57033.14906654 10.146
 241  87.925910  66.088539    16.015    16.217  6 57043.06471285 17.834
 242  87.923890  66.088638    53.273    53.563  6 57052.98035661 10.955
 243  87.928207  66.087470    13.774    13.249  6 57062.89599647 16.890
 244  87.926515  66.086483    13.767    12.660  7 57072.81163060 17.268
 245  87.928806  66.087158    13.536    13.180  7 57082.72726123 17.206
 246  87.925708  66.089196    14.302    14.415  6 57092.64290829 17.187
 247  87.922937  66.091086    15.306    15.184  5 57102.55856519 16.540
 248  87.922496  66.091241    16.091    15.604  5 57112.47421865 20.336
 249  87.922145  66.089642    70.393    70.140  6 57122.38986614  6.228
 250  87.926946  66.088036     6.021     6.637  7 57132.30550858 18.642
 251  87.927432  66.087634     6.245     5.299  7 57142.22114579 22.920
 252  87.925477  66.088520     9.621     9.865  7 57152.13677974 32.121
 253  87.924616  66.089164    17.770    17.659  6 57162.05241074 43.960
 254  87.925449  66.088714    19.134    19.157  7 57171.96806819 55.441
 255  87.926546  66.086899    17.331    17.136  7 57181.88372272 30.135
 256  87.931736  66.085379    10.981    10.972  7 57191.79937375 55.878
 257  87.930899  66.085511     8.738     8.478  7 57201.71502138 31.056
 258  87.926737  66.087128    56.428    56.614  6 57211.63065513 10.640
 259  87.926218  66.088859     5.068     5.033  6 57221.54629894 55.242
 260  87.922240  66.088927     8.248     8.221  6 57231.46194105 30.531
 261  87.925960  66.088090    57.813    56.147  7 57241.37758135  8.638
 262  87.926208  66.086970    55.376    55.486  7 57251.29321870  6.809
 263  87.927832  66.087477    59.917    59.681  7 57261.20885425  7.345
 264  87.926138  66.089229    56.582    56.481  6 57271.12448828 11.849
 265  87.919218  66.091020     6.262     6.260  5 57281.04014324 39.390
 266  87.919597  66.091260     6.527     5.394  5 57290.95579849 37.822
 267  87.923602  66.089780    15.804    15.345  5 57300.87145098 26.193
 268  87.926492  66.087685     5.982     4.837  6 57310.78709965 38.155
 269  87.927722  66.086905     4.523     4.523  7 57320.70274483 50.571
 270  87.928145  66.087840     6.047     6.014  6 57330.61838737 43.446
 271  87.923270  66.089152    13.382    13.397  6 57340.53402731 20.561
 272  87.927918  66.089205    14.007    13.475  6 57350.44967812 19.877
 273  87.926897  66.087265    18.555    15.295  6 57360.36532312 18.413
 274  87.927930  66.085094    13.146    13.382  7 57370.28096515 19.189
 275  87.929637  66.084967    16.553    15.053  7 57380.19660497 18.774
 276  87.928387  66.086829    16.555    16.582  7 57390.11224348 17.963
 277  87.928202  66.088847    20.583    23.025  6 57400.02788112 20.075
 278  87.927445  66.089258    24.573    28.629  6 57409.94352003 17.168
 279  87.925194  66.088144    25.965    25.809  6 57419.85917228 17.416
 280  87.928812  66.087446    27.256    28.647  7 57429.77482250 16.877
 281  87.926361  66.088058    17.843    16.475  7 57439.69047002 17.369
 282  87.923229  66.089840    15.532    15.136  5 57449.60611642 17.600
 283  87.922244  66.091184    15.352    15.203  5 57459.52176164 18.727
 284  87.920816  66.090920    64.561    63.898  5 57469.43740365  6.374
 285  87.926433  66.089285    63.608    63.665  6 57479.35304224  7.990
 286  87.927801  66.087466    11.657    12.414  7 57489.26867737 10.229
 287  87.926234  66.086653    69.290    69.148  7 57499.18431024  8.665
 288  87.927043  66.087463    69.840    70.041  7 57509.09995336  5.400
 289  87.927191  66.088361     8.852     8.512  6 57519.01560932 16.423
 290  87.927846  66.088502     9.494     9.453  6 57528.93126249 28.663
 291  87.928038  66.087199    13.558    13.485  7 57538.84691255 36.541
 292  87.926532  66.085744    15.888    15.890  7 57548.76255979 56.727
 293  87.930073  66.085558    11.794    10.883  8 57558.67820616 35.119
 294  87.928485  66.086908     6.086     6.097  6 57568.59385128 53.113
 295  87.926229  66.088522     8.128     7.177  7 57578.50949579 30.596
 296  87.924462  66.089273    11.239    10.925  6 57588.42513887 28.615
 297  87.922802  66.088803     6.888     7.028  6 57598.34077935 27.373
