-139642.043   141.413     0.00    2.36
-139356.768   141.921     1.78    2.79
-139071.477   142.245     1.14    3.02
-138786.171   142.761     1.81    2.94
-138500.850   143.530     2.70    2.60
-138215.513   143.986     1.60    2.45
-137930.161   144.704     2.52    2.33
-137644.793   145.254     1.93    2.54
-137359.410   146.121     3.04    2.85
-137074.011   147.470     4.73    3.21
-136788.596   148.853     4.84    3.32
-136503.166   150.333     5.19    2.91
-136217.721   150.862     1.85    2.60
-135932.260   151.386     1.84    2.50
-135646.783   152.239     2.99    2.51
-135361.291   153.175     3.28    2.43
-135075.783   154.206     3.61    2.64
-134790.260   155.321     3.90    3.01
-134504.721   156.594     4.46    3.36
-134219.167   158.094     5.25    3.53
-133933.597   159.552     5.10    3.70
-133648.011   161.172     5.67    3.47
-133362.410   162.566     4.88    3.21
-133076.794   163.724     4.06    2.68
-132791.162   165.056     4.66    2.91
-132505.514   166.098     3.65    2.69
-132219.851   166.650     1.93    2.53
-131934.172   166.564    -0.30    2.45
-131648.477   166.333    -0.81    2.73
-131362.767   165.924    -1.43    3.03
-131077.042   165.351    -2.00    3.17
-130791.301   164.939    -1.44    3.23
-130505.544   164.978     0.14    3.80
-130219.771   165.938     3.36    5.13
-129933.983   167.637     5.94    6.47
-129648.180   170.367     9.55    7.42
-129362.361   173.161     9.77    6.85
-129076.526   176.002     9.94    5.98
-128790.675   178.050     7.16    6.35
-128504.809   179.412     4.77    6.57
-128218.928   181.065     5.78    7.09
-127933.030   183.009     6.80    8.24
-127647.118   185.642     9.21    8.20
-127361.189   189.113    12.14    8.77
-127075.245   192.738    12.68   10.03
-126789.285   196.962    14.77   10.60
-126503.310   201.533    15.98   10.44
-126217.319   206.648    17.88   10.25
-125931.312   211.569    17.21    9.40
-125645.290   215.797    14.78    8.04
-125359.252   219.035    11.32    6.42
-125073.198   220.962     6.74    5.68
-124787.129   222.105     3.99    5.76
-124501.044   222.321     0.76    6.31
-124214.943   221.621    -2.45    6.64
-123928.827   219.256    -8.27    6.37
-123642.695   217.955    -4.55    7.41
-123356.547   216.502    -5.08    7.32
-123070.384   214.176    -8.13    8.55
-122784.205   212.510    -5.82    8.46
-122498.010   209.026   -12.17    9.35
-122211.800   206.167    -9.99    8.76
-121925.574   202.819   -11.70    9.11
-121639.332   198.869   -13.80   10.44
-121353.075   194.597   -14.92   11.51
-121066.802   188.923   -19.82   13.12
-120780.513   184.070   -16.95   13.85
-120494.208   179.146   -17.20   13.74
-120207.888   175.032   -14.37   13.20
-119921.552   170.430   -16.07   12.44
-119635.200   166.317   -14.36   11.56
-119348.833   161.986   -15.12   10.72
-119062.450   157.761   -14.75    9.94
-118776.051   154.908    -9.96   10.13
-118489.637   152.354    -8.91    8.92
-118203.206   149.466   -10.08    9.00
-117916.760   146.669    -9.77    8.86
-117630.299   144.266    -8.39    8.48
-117343.821   141.784    -8.66    8.84
-117057.328   138.498   -11.47   10.45
-116770.819   134.339   -14.51   11.56
-116484.295   128.801   -19.33   11.65
-116197.754   123.845   -17.29   11.47
-115911.198   118.793   -17.63   10.70
-115624.626   113.272   -19.27    9.44
-115338.038   108.734   -15.83    8.81
-115051.435   104.671   -14.17    8.49
-114764.816   101.010   -12.77    8.65
-114478.181    97.000   -13.99    9.56
-114191.530    93.698   -11.52    8.82
-113904.863    91.432    -7.91    7.52
-113618.181    90.234    -4.18    6.37
-113331.483    89.113    -3.91    5.57
-113044.769    88.676    -1.53    5.14
-112758.039    88.502    -0.61    5.07
-112471.294    88.614     0.39    5.15
-112184.533    86.752    -6.49    6.81
-111897.756    84.350    -8.38    8.05
-111610.963    81.506    -9.92    8.87
-111324.154    78.962    -8.87    8.47
-111037.330    76.283    -9.34    7.39
-110750.489    74.390    -6.60    6.43
-110463.633    72.544    -6.43    5.03
-110176.761    71.661    -3.08    3.45
-109889.874    71.319    -1.19    3.05
-109602.970    71.548     0.80    3.36
-109316.051    71.470    -0.27    3.24
-109029.116    71.321    -0.52    3.31
-108742.165    71.586     0.92    3.41
-108455.198    71.716     0.45    3.43
-108168.215    72.181     1.62    3.72
-107881.217    72.348     0.58    3.93
-107594.202    72.611     0.92    4.14
-107307.172    72.802     0.66    4.77
-107020.126    73.701     3.13    5.33
-106733.064    74.071     1.29    5.75
-106445.986    74.266     0.68    5.79
-106158.892    73.756    -1.78    6.79
-105871.783    74.419     2.31    6.43
-105584.658    74.681     0.91    6.36
-105297.516    74.559    -0.42    5.85
-105010.359    73.341    -4.24    4.98
-104723.186    72.436    -3.15    4.86
-104435.997    71.661    -2.70    4.48
-104148.792    71.350    -1.08    4.65
-103861.572    71.835     1.69    5.18
-103574.335    73.458     5.65    5.85
-103287.083    75.575     7.37    6.46
-102999.814    77.858     7.95    6.85
-102712.530    80.064     7.68    6.96
-102425.230    82.399     8.13    6.77
-102137.914    85.345    10.25    6.18
-101850.582    88.705    11.69    6.32
-101563.234    92.148    11.98    7.07
-101275.870    95.459    11.52    8.00
-100988.491    99.446    13.88    8.22
-100701.095   103.532    14.21    8.39
-100413.684   108.248    16.41    8.05
-100126.256   112.228    13.85    7.32
 -99838.813   115.169    10.23    6.74
 -99551.353   117.702     8.81    5.76
 -99263.878   118.788     3.78    5.04
 -98976.387   118.869     0.28    5.00
 -98688.880   117.722    -3.99    5.82
 -98401.357   116.193    -5.32    6.89
 -98113.818   114.836    -4.72    7.06
 -97826.263   113.414    -4.95    7.25
 -97538.692   113.244    -0.59    7.26
 -97251.105   113.343     0.35    7.03
 -96963.502   114.970     5.66    7.28
 -96675.883   117.113     7.45    7.34
 -96388.248   120.820    12.89    7.60
 -96100.597   123.199     8.27    7.00
 -95812.931   125.383     7.59    6.18
 -95525.248   125.872     1.70    5.58
 -95237.549   125.758    -0.40    5.50
 -94949.834   124.673    -3.77    5.52
 -94662.104   122.756    -6.66    6.09
 -94374.357   119.621   -10.89    6.83
 -94086.594   116.243   -11.74    7.50
 -93798.815   112.684   -12.36    7.91
 -93511.021   109.008   -12.77    7.02
 -93223.210   105.915   -10.75    6.40
 -92935.383   103.104    -9.76    5.80
 -92647.541   100.602    -8.69    5.94
 -92359.682    97.994    -9.06    6.18
 -92071.807    95.329    -9.26    6.45
 -91783.916    93.058    -7.89    5.94
 -91496.009    91.986    -3.72    5.69
 -91208.087    90.767    -4.23    5.55
 -90920.148    89.702    -3.70    5.63
 -90632.193    88.505    -4.16    5.42
 -90344.222    86.722    -6.19    5.43
 -90056.235    85.192    -5.31    5.25
 -89768.232    84.478    -2.48    5.15
 -89480.213    84.246    -0.81    5.00
 -89192.178    84.321     0.26    5.04
 -88904.126    84.866     1.89    5.19
 -88616.059    85.994     3.91    5.26
 -88327.976    86.877     3.07    4.74
 -88039.877    87.844     3.36    4.63
 -87751.761    89.110     4.39    4.71
 -87463.630    90.132     3.55    4.77
 -87175.482    91.502     4.76    5.42
 -86887.318    92.606     3.83    5.40
 -86599.139    94.129     5.28    4.40
 -86310.943    94.770     2.23    4.23
 -86022.731    95.486     2.48    3.63
 -85734.503    95.314    -0.60    3.69
 -85447.131    94.624    -2.40    3.94
 -85162.226    93.907    -2.51    3.76
 -84877.306    93.141    -2.69    3.80
 -84592.371    92.744    -1.39    3.43
 -84307.421    91.947    -2.80    3.47
 -84022.456    91.049    -3.15    3.39
 -83737.476    90.901    -0.52    3.62
 -83452.482    91.250     1.23    3.67
 -83167.473    91.917     2.34    3.51
 -82882.448    92.845     3.26    3.32
 -82597.409    93.687     2.95    3.28
 -82312.355    94.826     4.00    3.26
 -82027.286    96.050     4.29    3.34
 -81742.202    97.390     4.70    4.18
 -81457.103    98.844     5.10    4.84
 -81171.989   100.660     6.37    4.90
 -80886.860   101.763     3.87    4.22
 -80601.717   102.430     2.34    3.37
 -80316.558   102.341    -0.31    3.08
 -80031.384   101.744    -2.10    3.25
 -79746.196   100.839    -3.17    3.36
 -79460.993    99.597    -4.36    3.21
 -79175.774    98.153    -5.06    2.62
 -78890.541    97.304    -2.98    2.42
 -78605.293    96.663    -2.25    1.95
 -78320.030    96.598    -0.23    1.91
 -78034.751    96.642     0.15    1.92
 -77749.458    96.603    -0.14    2.13
 -77464.150    96.354    -0.87    2.31
 -77178.827    96.142    -0.74    2.55
 -76893.489    95.845    -1.04    2.59
 -76608.136    95.291    -1.94    2.63
 -76322.768    94.939    -1.23    2.65
 -76037.385    95.146     0.73    2.88
 -75751.987    95.947     2.81    3.22
 -75466.575    97.128     4.14    3.76
 -75181.147    98.627     5.25    3.95
 -74895.704   100.164     5.38    3.74
 -74610.246   101.443     4.48    3.73
 -74324.773   102.275     2.91    3.47
 -74039.285   102.277     0.01    3.62
 -73753.783   101.932    -1.21    3.66
 -73468.265   101.407    -1.84    3.59
 -73182.732   100.728    -2.38    3.53
 -72897.184    99.828    -3.15    2.67
 -72611.621    99.211    -2.16    2.57
 -72326.044    98.924    -1.00    2.75
 -72040.451    98.565    -1.26    3.07
 -71754.843    97.667    -3.15    3.30
 -71469.220    97.462    -0.72    3.54
 -71183.582    97.054    -1.43    3.89
 -70897.929    96.351    -2.46    3.79
 -70612.261    94.541    -6.34    5.26
 -70326.578    91.947    -9.08    7.01
 -70040.880    87.756   -14.67   10.20
 -69755.167    82.947   -16.83   13.44
 -69469.439    77.677   -18.45   15.58
 -69183.696    70.747   -24.25   16.63
 -68897.938    63.736   -24.53   18.05
 -68612.164    57.603   -21.46   18.16
 -68326.376    51.156   -22.56   18.05
 -68040.573    46.835   -15.12   18.10
 -67754.754    41.900   -17.27   17.01
 -67468.921    37.293   -16.12   14.32
 -67183.072    32.862   -15.50    9.50
 -66897.209    29.778   -10.79    6.13
 -66611.330    28.102    -5.86    4.21
 -66325.436    26.924    -4.12    3.05
 -66039.528    26.395    -1.85    2.95
 -65753.604    27.211     2.85    5.73
 -65467.665    30.250    10.63   10.65
 -65181.711    34.161    13.68   14.70
 -64895.742    39.994    20.40   17.50
 -64609.757    44.607    16.13   17.38
 -64323.758    49.482    17.05   15.66
 -64037.744    52.604    10.91   12.93
 -63751.714    54.353     6.12    9.91
 -63465.669    53.750    -2.11    8.35
 -63179.610    51.622    -7.44    9.62
 -62893.535    48.931    -9.40    8.73
 -62607.445    47.324    -5.62    8.56
 -62321.340    47.565     0.85    7.80
 -62035.220    49.776     7.73    8.10
 -61749.084    52.724    10.30    8.74
 -61462.934    56.254    12.33    8.91
 -61176.768    59.321    10.72    7.26
 -60890.588    61.740     8.45    5.37
 -60604.392    62.970     4.30    3.95
 -60318.181    63.285     1.10    3.91
 -60031.955    62.758    -1.84    4.19
 -59745.714    61.722    -3.62    4.30
 -59459.457    60.089    -5.70    4.58
 -59173.186    58.818    -4.44    5.59
 -58886.899    58.908     0.31    5.69
 -58600.598    59.214     1.07    5.67
 -58314.281    60.153     3.28    5.39
 -58027.948    61.244     3.81    5.14
 -57741.601    62.226     3.43    4.81
 -57455.239    63.581     4.73    4.46
 -57168.861    64.099     1.81    3.93
 -56882.468    64.097    -0.01    3.71
 -56596.060    63.970    -0.44    3.25
 -56309.637    64.042     0.25    2.71
 -56023.199    63.683    -1.25    2.85
 -55736.746    63.925     0.84    2.66
 -55450.277    63.789    -0.47    2.35
 -55163.793    64.031     0.85    2.42
 -54877.294    63.954    -0.27    2.17
 -54590.780    63.847    -0.37    2.23
 -54304.250    63.558    -1.01    2.22
 -54017.706    63.251    -1.07    2.32
 -53731.146    62.786    -1.63    2.38
 -53444.571    62.096    -2.41    2.24
 -53157.981    61.563    -1.86    1.93
 -52871.375    61.164    -1.39    1.82
 -52584.755    60.558    -2.11    2.21
 -52298.119    59.938    -2.16    2.71
 -52011.468    58.497    -5.03    4.05
 -51724.801    57.078    -4.95    4.67
 -51438.120    55.311    -6.16    4.52
 -51151.423    53.393    -6.69    4.26
 -50864.711    51.502    -6.59    3.83
 -50577.984    49.609    -6.60    4.11
 -50291.241    47.851    -6.13    4.16
 -50004.484    45.908    -6.78    4.14
 -49717.711    43.548    -8.23    4.09
 -49430.922    41.470    -7.25    3.82
 -49144.119    39.864    -5.60    3.64
 -48857.300    38.043    -6.35    3.72
 -48570.466    36.647    -4.87    3.56
 -48283.617    35.222    -4.97    3.17
 -47996.753    33.839    -4.82    3.42
 -47709.873    32.572    -4.42    3.60
 -47422.978    31.267    -4.55    3.76
 -47136.068    30.232    -3.61    3.42
 -46849.142    29.859    -1.30    3.34
 -46562.201    29.324    -1.86    2.86
 -46275.245    28.616    -2.47    2.77
 -45988.274    28.245    -1.29    2.64
 -45701.287    27.916    -1.15    2.66
 -45414.285    27.811    -0.36    2.49
 -45127.268    27.278    -1.86    2.21
 -44840.235    27.050    -0.80    2.14
 -44553.187    26.604    -1.55    1.62
 -44266.124    26.584    -0.07    1.68
 -43979.046    26.675     0.31    1.81
 -43691.952    26.916     0.84    1.97
 -43404.843    26.835    -0.28    1.98
 -43117.719    26.924     0.31    2.05
 -42830.579    27.002     0.27    1.93
 -42543.424    26.589    -1.44    2.04
 -42256.254    26.498    -0.32    2.10
 -41969.068    26.283    -0.75    2.39
 -41681.867    25.978    -1.06    2.25
 -41394.651    25.010    -3.37    2.17
 -41107.419    24.337    -2.34    2.45
 -40820.172    23.684    -2.27    2.69
 -40532.910    22.834    -2.96    2.76
 -40245.632    21.907    -3.23    2.75
 -39958.339    21.237    -2.33    2.44
 -39671.031    20.384    -2.97    1.97
 -39383.707    19.978    -1.41    1.95
 -39096.368    19.611    -1.28    1.98
 -38809.014    19.695     0.29    2.16
 -38521.644    19.652    -0.15    2.24
 -38234.259    19.490    -0.56    2.55
 -37946.858    19.298    -0.67    2.80
 -37659.442    19.626     1.14    3.22
 -37372.011    20.192     1.97    3.94
 -37084.564    21.146     3.32    4.29
 -36797.102    21.490     1.20    4.33
 -36509.625    21.796     1.06    4.25
 -36222.132    22.569     2.69    3.68
 -35934.624    22.711     0.49    3.37
 -35647.101    22.228    -1.68    3.15
 -35359.562    21.674    -1.93    2.97
 -35072.007    21.718     0.15    3.08
 -34784.438    22.348     2.19    3.00
 -34496.853    22.601     0.88    2.67
 -34209.252    22.548    -0.18    2.25
 -33921.636    22.524    -0.08    2.16
 -33634.005    22.138    -1.34    3.01
 -33346.358    21.930    -0.72    3.31
 -33058.696    21.535    -1.37    3.70
 -32771.018    21.136    -1.39    3.78
 -32483.325    20.718    -1.45    3.76
 -32195.617    20.428    -1.01    3.55
 -31907.893    19.955    -1.64    3.24
 -31620.154    19.947    -0.02    2.81
 -31332.399    20.234     1.00    2.45
 -31044.629    20.652     1.45    2.47
 -30756.843    21.025     1.30    2.34
 -30469.042    21.663     2.22    2.39
 -30181.225    22.178     1.79    2.40
 -29893.393    22.891     2.48    2.57
 -29605.546    23.459     1.97    2.61
 -29317.683    23.994     1.86    2.80
 -29029.805    24.670     2.35    3.20
 -28741.911    25.569     3.12    3.59
 -28454.002    26.776     4.19    4.13
 -28166.077    28.347     5.46    4.54
 -27878.137    29.438     3.79    4.19
 -27590.181    30.147     2.46    3.62
 -27302.210    30.066    -0.28    3.51
 -27014.223    28.993    -3.73    4.22
 -26726.221    28.042    -3.30    4.48
 -26438.204    26.009    -7.06    4.87
 -26150.170    24.063    -6.76    5.22
 -25862.122    21.781    -7.92    6.47
 -25574.058    19.405    -8.25    7.06
 -25285.978    16.946    -8.54    6.93
 -24997.883    15.220    -5.99    6.25
 -24709.772    13.548    -5.80    5.63
 -24421.646    11.322    -7.73    4.63
 -24133.505    10.489    -2.89    3.73
 -23845.348    11.136     2.24    4.66
 -23558.258    12.654     5.29    5.79
 -23273.291    14.605     6.85    6.14
 -22988.309    16.253     5.78    5.70
 -22703.314    16.930     2.38    5.12
 -22418.304    16.758    -0.60    5.12
 -22133.279    16.151    -2.13    5.58
 -21848.240    14.578    -5.52    5.58
 -21563.187    13.337    -4.35    4.38
 -21278.120    12.758    -2.03    3.62
 -20993.038    12.985     0.80    3.72
 -20707.942    14.553     5.50    4.19
 -20422.831    16.263     6.00    4.62
 -20137.706    17.906     5.76    4.81
 -19852.567    19.344     5.05    4.31
 -19567.413    20.518     4.12    3.81
 -19282.245    21.156     2.24    3.48
 -18997.063    20.978    -0.62    3.91
 -18711.866    20.513    -1.63    4.45
 -18426.655    19.824    -2.41    4.48
 -18141.430    18.256    -5.50    4.23
 -17856.190    17.652    -2.12    3.94
 -17570.935    17.311    -1.19    3.81
 -17285.667    17.810     1.75    4.15
 -17000.384    16.891    -3.22    5.68
 -16715.086    14.591    -8.06    7.24
 -16429.774    12.954    -5.74    8.02
 -16144.448    12.705    -0.87    8.66
 -15859.107    12.893     0.66    9.74
 -15573.752    13.123     0.81    9.85
 -15288.383    12.854    -0.94    9.88
 -15002.999    11.955    -3.15    9.22
 -14717.600    11.802    -0.53    8.88
 -14432.188     9.679    -7.44    6.74
 -14146.761     8.077    -5.61    4.62
 -13861.319     6.970    -3.88    2.98
 -13575.863     7.538     1.99    3.70
 -13290.392     8.828     4.52    5.52
 -13004.908    10.466     5.74    6.50
 -12719.408    11.892     4.99    6.92
 -12433.894    12.657     2.68    6.65
 -12148.366    12.455    -0.71    6.35
 -11862.824    11.490    -3.38    5.82
 -11577.267    10.644    -2.96    5.05
 -11291.695     9.584    -3.71    3.14
 -11006.109     9.557    -0.10    2.89
 -10720.509    10.187     2.21    3.02
 -10434.894    10.804     2.16    2.73
 -10149.264    11.199     1.38    2.54
  -9863.621    11.609     1.44    2.42
  -9577.962    12.009     1.40    2.25
  -9292.290    12.342     1.17    2.30
  -9006.602    12.501     0.56    2.44
  -8720.901    13.072     2.00    2.64
  -8435.185    13.516     1.55    2.66
  -8149.454    13.744     0.80    2.61
  -7863.709    13.910     0.58    2.39
  -7577.949    13.783    -0.44    2.38
  -7292.175    13.572    -0.74    2.25
  -7006.387    13.364    -0.73    1.90
  -6720.583    13.405     0.14    1.79
  -6434.766    13.593     0.66    2.07
  -6148.934    13.772     0.62    2.29
  -5863.087    13.707    -0.23    2.30
  -5577.226    13.689    -0.06    2.38
  -5291.351    13.850     0.56    2.44
  -5005.461    13.884     0.12    2.77
  -4719.556    13.743    -0.49    3.16
  -4433.637    13.962     0.77    3.59
  -4147.703    14.369     1.42    3.67
  -3861.755    14.986     2.16    3.80
  -3575.793    15.611     2.19    3.73
  -3289.815    16.539     3.25    2.83
  -3003.824    17.183     2.25    1.92
  -2717.818    17.199     0.06    2.12
  -2431.797    16.301    -3.14    4.54
  -2145.761    13.910    -8.36    7.22
  -1859.712    11.203    -9.46    8.52
  -1573.647     8.372    -9.90    9.06
  -1287.568     5.337   -10.61    8.49
  -1001.475     2.624    -9.48    6.88
   -715.367     0.126    -8.73    3.70
   -429.244    -0.968    -3.82    0.62
   -143.107    -0.361     2.12    3.89
    143.044     4.244    16.09   14.26
    429.211    10.561    22.08   20.19
    715.391    17.697    24.93   23.55
   1001.587    24.993    25.49   24.52
   1287.797    33.517    29.78   23.08
   1574.021    39.910    22.34   19.39
   1860.260    46.002    21.28   12.70
   2146.514    48.031     7.09    6.43
   2432.782    47.570    -1.61    6.16
   2719.065    46.234    -4.67    5.38
   3005.362    44.978    -4.39    4.68
   3291.674    43.529    -5.06    4.29
   3578.001    42.609    -3.21    3.73
   3864.342    41.844    -2.67    3.35
   4150.698    41.311    -1.86    3.18
   4437.068    40.884    -1.49    3.40
   4723.453    40.700    -0.64    3.95
   5009.852    38.846    -6.47    6.98
   5296.266    36.563    -7.97    9.01
   5582.695    34.234    -8.13   10.44
   5869.139    31.915    -8.09   11.64
   6155.597    28.508   -11.89   12.48
   6442.069    25.042   -12.10   12.63
   6728.556    21.432   -12.60   11.61
   7015.058    19.624    -6.31   10.30
   7301.575    19.147    -1.66    9.15
   7588.106    20.017     3.04    8.95
   7874.651    22.447     8.48    9.37
   8161.212    26.132    12.86    8.88
   8447.787    29.232    10.82    7.47
   8734.376    31.258     7.07    5.57
   9020.981    32.177     3.20    3.26
   9307.600    32.629     1.58    3.21
   9594.233    33.738     3.87    3.47
   9880.881    33.591    -0.51    3.73
  10167.544    32.361    -4.29    4.84
  10454.222    30.163    -7.67    6.45
  10740.914    28.424    -6.06    7.33
  11027.621    27.257    -4.07    7.54
  11314.342    25.940    -4.59    6.95
  11601.078    24.869    -3.74    5.82
  11887.829    24.554    -1.10    5.27
  12174.595    25.446     3.11    4.82
  12461.375    26.886     5.02    3.40
  12748.170    27.088     0.70    2.87
  13034.979    26.826    -0.91    3.06
  13321.804    26.470    -1.24    2.78
  13608.642    26.563     0.32    2.61
  13895.496    26.061    -1.75    2.59
  14182.364    24.962    -3.83    3.03
  14469.247    23.243    -5.99    4.45
  14756.145    21.939    -4.54    4.55
  15043.057    22.045     0.37    5.10
  15329.984    23.158     3.88    6.56
  15616.926    24.947     6.24    7.35
  15903.883    26.994     7.13    7.61
  16190.854    29.570     8.98    6.60
  16477.840    31.543     6.87    4.79
  16764.841    32.403     3.00    3.56
  17051.856    32.339    -0.23    3.73
  17338.886    32.513     0.61    3.38
  17625.931    32.138    -1.31    3.39
  17912.990    32.138     0.00    3.01
  18200.065    31.758    -1.32    3.22
  18487.154    30.619    -3.97    4.26
  18774.257    30.173    -1.55    4.65
  19061.376    30.660     1.70    5.10
  19348.509    31.701     3.62    5.72
  19635.657    32.879     4.10    5.87
  19922.820    33.490     2.13    5.87
  20209.997    32.879    -2.13    6.37
  20497.189    32.822    -0.20    6.46
  20784.396    32.220    -2.09    6.91
  21071.618    30.626    -5.55    7.11
  21358.854    29.632    -3.46    6.92
  21646.106    28.001    -5.68    6.51
  21933.372    27.329    -2.34    6.16
  22220.652    27.117    -0.74    6.25
  22507.948    28.327     4.21    7.02
  22795.258    30.675     8.17    7.92
  23082.583    32.359     5.86    7.84
  23369.923    34.978     9.11    7.13
  23657.278    36.789     6.30    5.94
  23944.647    37.688     3.13    4.43
  24232.032    38.167     1.67    2.61
  24519.431    37.131    -3.61    3.46
  24806.844    35.955    -4.09    3.62
  25094.273    35.372    -2.03    3.64
  25381.716    34.902    -1.64    3.59
  25669.175    35.065     0.57    3.70
  25956.648    35.970     3.15    3.90
  26244.136    37.222     4.35    3.57
  26531.638    38.617     4.85    2.61
  26819.156    39.306     2.40    2.48
  27106.688    39.963     2.28    2.43
  27394.235    40.184     0.77    2.61
  27681.797    39.714    -1.63    3.17
  27969.374    39.233    -1.67    3.43
  28256.965    39.389     0.54    3.76
  28544.572    40.508     3.89    4.84
  28832.193    42.335     6.35    6.20
  29119.829    44.864     8.79    7.18
  29407.480    47.813    10.25    7.60
  29695.146    52.241    15.39    7.91
  29982.826    55.586    11.63    7.81
  30270.522    58.041     8.53    7.05
  30558.232    59.591     5.39    5.98
  30845.957    60.556     3.35    4.91
  31133.697    61.090     1.85    4.77
  31421.452    60.837    -0.88    5.05
  31709.222    59.602    -4.29    5.68
  31997.007    57.238    -8.21    6.62
  32284.806    55.406    -6.36    7.05
  32572.620    52.739    -9.27    7.75
  32860.450    49.693   -10.58    7.98
  33148.294    47.124    -8.93    6.70
  33436.153    46.112    -3.52    5.94
  33724.026    45.879    -0.81    5.71
  34011.915    46.728     2.95    6.50
  34299.819    47.978     4.34    7.10
  34587.737    49.372     4.84    6.61
  34875.671    50.306     3.24    5.70
  35163.619    50.839     1.85    5.38
  35451.582    51.393     1.92    5.39
  35739.560    51.549     0.54    5.48
  36027.553    51.478    -0.25    5.91
  36315.561    51.030    -1.55    6.47
  36603.584    51.306     0.96    7.07
  36891.622    53.376     7.19    7.57
  37179.675    55.096     5.97    6.95
  37467.742    57.182     7.24    6.75
  37755.825    58.435     4.35    6.12
  38043.922    59.970     5.33    5.03
  38330.742    60.857     3.09    3.64
  38615.764    61.458     2.11    3.54
  38900.799    62.481     3.59    4.73
  39185.848    64.671     7.68    6.52
  39470.910    67.425     9.66    7.76
  39755.986    71.304    13.61    8.61
  40041.077    75.455    14.56    8.47
  40326.181    80.389    17.31    8.52
  40611.298    84.796    15.46    8.75
  40896.430    88.298    12.28    8.61
  41181.575    91.735    12.05    7.67
  41466.734    95.486    13.15    6.81
  41751.907    98.835    11.74    5.90
  42037.094   101.201     8.30    5.13
  42322.294   103.767     9.00    5.41
  42607.508   106.342     9.03    5.90
  42892.736   110.046    12.99    7.18
  43177.978   114.621    16.04    9.68
  43463.234   120.466    20.49   12.89
  43748.503   126.329    20.55   14.90
  44033.787   134.335    28.06   15.91
  44319.084   143.100    30.72   16.57
  44604.395   152.048    31.36   17.12
  44889.719   160.522    29.70   18.86
  45175.058   168.392    27.58   20.45
  45460.410   176.354    27.90   21.59
  45745.777   184.592    28.87   19.35
  46031.157   190.128    19.40   17.85
  46316.551   195.900    20.22   14.31
  46601.958   199.306    11.93   11.37
  46887.380   204.166    17.03    9.83
  47172.815   208.470    15.08   11.56
  47458.265   213.474    17.53   13.33
  47743.728   219.031    19.47   12.78
  48029.205   224.695    19.84   10.71
  48314.695   228.251    12.46    7.79
  48600.200   229.575     4.64    6.37
  48885.719   227.432    -7.50    9.22
  49171.251   222.382   -17.69   13.20
  49456.797   215.072   -25.60   16.20
  49742.357   207.470   -26.62   16.88
  50027.931   198.994   -29.68   15.74
  50313.519   190.917   -28.28   15.09
  50599.121   182.197   -30.53   14.69
  50884.736   173.722   -29.67   15.64
  51170.366   166.388   -25.68   14.71
  51456.009   161.679   -16.48   11.87
  51741.666   160.010    -5.84   10.10
  52027.338   160.684     2.36    9.81
  52313.023   162.205     5.32    9.84
  52598.721   165.731    12.34    9.66
  52884.434   169.211    12.18    8.11
  53170.161   172.697    12.20    5.50
  53455.901   173.559     3.02    4.27
  53741.656   174.077     1.81    4.64
  54027.424   175.123     3.66    5.46
  54313.207   176.094     3.40    5.81
  54599.003   177.520     4.99    7.23
  54884.813   179.455     6.77    9.07
  55170.637   181.512     7.20    9.91
  55456.475   184.655    11.00   10.04
  55742.326   187.008     8.23    9.86
  56028.192   190.186    11.12    8.33
  56314.072   192.557     8.29    7.44
  56599.965   194.811     7.89    7.27
  56885.873   197.741    10.25    8.62
  57171.794   200.690    10.31    9.09
  57457.730   203.775    10.79    9.77
  57743.679   206.139     8.27    8.95
  58029.642   207.406     4.43    8.21
  58315.620   207.770     1.27    7.85
  58601.611   208.083     1.09    7.40
  58887.616   208.039    -0.15    7.26
  59173.635   209.787     6.11    8.39
  59459.668   210.447     2.31    8.04
  59745.715   211.245     2.79    7.85
  60031.775   211.741     1.73    7.35
  60317.850   211.986     0.85    6.86
  60603.939   212.369     1.34    6.46
  60890.042   212.876     1.77    5.25
  61176.159   212.508    -1.29    4.61
  61462.289   213.301     2.77    4.61
  61748.434   214.218     3.21    5.27
  62034.593   215.908     5.90    5.56
  62320.765   218.572     9.31    5.89
  62606.952   220.283     5.98    5.82
  62893.152   222.637     8.23    7.14
  63179.367   224.047     4.93    7.54
  63465.595   225.466     4.96    8.11
  63751.838   227.139     5.84    8.35
  64038.094   229.001     6.50    8.66
  64324.365   230.619     5.65    8.69
  64610.649   232.242     5.67    8.63
  64896.948   234.482     7.82    9.05
  65183.260   237.439    10.33    7.86
  65469.587   239.669     7.79    7.56
  65755.927   242.739    10.72    7.54
  66042.282   245.354     9.13    8.34
  66328.650   248.747    11.85    7.76
  66615.033   251.349     9.09    8.40
  66901.429   255.054    12.94   10.01
  67187.840   259.627    15.97   10.86
  67474.264   265.413    20.20   13.10
  67760.703   271.241    20.35   13.47
  68047.156   277.401    21.51   12.84
  68333.622   283.579    21.57   11.78
  68620.103   290.301    23.46   12.18
  68906.598   296.053    20.08   11.07
  69193.106   300.718    16.28    9.83
  69479.629   304.085    11.75    8.61
  69766.166   306.584     8.72    6.85
  70052.717   307.291     2.47    6.25
  70339.282   305.222    -7.22    9.49
  70625.861   302.209   -10.52   12.18
  70912.454   298.895   -11.56   12.88
  71199.061   296.470    -8.46   12.54
  71485.682   294.985    -5.18   11.54
  71772.317   293.361    -5.67   10.18
  72058.966   293.105    -0.89    8.76
  72345.630   292.892    -0.74    6.55
  72632.307   291.418    -5.14    6.51
  72918.999   288.645    -9.67    7.87
  73205.704   285.173   -12.11    8.53
  73492.424   281.363   -13.29    9.52
  73779.157   276.192   -18.03   10.10
  74065.905   271.378   -16.79    9.42
  74352.667   266.344   -17.55    9.87
  74639.443   261.046   -18.48   11.46
  74926.233   254.283   -23.58   12.62
  75213.037   248.263   -20.99   12.40
  75499.855   242.838   -18.91   11.58
  75786.687   239.932   -10.13   10.49
  76073.534   238.048    -6.57    9.45
  76360.394   236.211    -6.40    8.23
  76647.269   234.822    -4.84    7.64
  76934.157   233.775    -3.65    6.98
  77221.060   233.559    -0.75    5.54
  77507.977   233.894     1.17    4.22
  77794.908   234.112     0.76    4.32
  78081.853   234.715     2.10    4.58
  78368.812   235.773     3.69    4.57
  78655.786   235.211    -1.96    6.06
  78942.773   235.406     0.68    6.43
  79229.775   235.255    -0.53    6.53
  79516.791   236.286     3.59    8.24
  79803.820   237.340     3.67   10.18
  80090.864   241.211    13.48   13.21
  80377.923   246.166    17.26   15.67
  80664.995   252.341    21.51   16.33
  80952.081   258.645    21.96   17.27
  81239.182   264.948    21.95   18.11
  81526.297   270.724    20.12   17.71
  81813.425   276.084    18.67   16.00
  82100.568   279.155    10.70   13.49
  82387.726   280.519     4.75   10.90
  82674.897   280.116    -1.40    9.07
  82962.082   278.226    -6.58    8.82
  83249.282   274.555   -12.78    9.83
  83536.496   268.734   -20.27   10.86
  83823.724   263.152   -19.43   11.17
  84110.966   257.459   -19.82   10.44
  84398.222   252.834   -16.10    8.53
  84685.493   249.555   -11.41    7.16
  84972.777   246.671   -10.04    5.88
  85260.076   244.652    -7.03    5.80
  85547.389   243.088    -5.44    5.80
