# NaN NaN NaN ;Mean Elev.(m), Avg Gradient(m/km), RMS Gradient(m/km) - SRTM1     
#  -18.096 -11.447   9.975 ;Mean Elev.(m), Avg Gradient(m/km), RMS Gradient(m/km) - ASTER GDEM
#    1.000  -0.931   5.846 ;Mean Elev.(m), Avg Gradient(m/km), RMS Gradient(m/km) - GMTED2010 
   2  88.047598  65.593909     8.128     8.102  5 54672.21024973 48.415
   3  88.047011  65.595052   -16.615   -16.602  5 54682.12589339  7.551
   4  88.049089  65.595767    10.174     9.920  5 54692.04153604 28.376
   5  88.047190  65.594872   -13.719   -13.698  5 54701.95717586  9.157
   6  88.048062  65.593278    13.837    10.175  5 54711.87282367 26.486
   7  88.046760  65.591831    -6.035    -6.050  6 54721.78847451 25.068
   8  88.045016  65.591157     8.048     7.332  5 54731.70412282 31.182
   9  88.046323  65.592018     8.816     8.718  6 54741.61976987 31.104
  10  88.046821  65.592714    12.761    14.083  6 54751.53541677 26.431
  11  88.045418  65.592554     6.564     6.566  6 54761.45106325 33.079
  12  88.047222  65.591647     6.258     6.185  5 54771.36670759 44.851
  13  88.045231  65.590472     8.092     8.021  6 54781.28234843 42.107
  14  88.043701  65.589916     6.962     6.959  6 54791.19798676 40.928
  15  88.046456  65.590957     7.836     7.865  6 54801.11362440 34.739
  16  88.045139  65.591750     7.596     7.623  6 54811.02926166 27.354
  17  88.046475  65.592506     8.287     8.180  5 54820.94490217 18.628
  18  88.045564  65.592548    11.944    14.306  5 54830.86055426 18.025
  19  88.046569  65.593111    10.659    11.566  5 54840.77619307 17.654
  20  88.048870  65.594598     9.812     8.979  5 54850.69184231 15.898
  21  88.049160  65.596228    14.502    14.393  5 54860.60749098 13.837
  22  88.048374  65.596955    14.450    14.497  5 54870.52313962 13.105
  23  88.049394  65.595874    13.896    14.269  6 54880.43878701 13.119
  24  88.044626  65.592933    13.015    12.924  5 54890.35443057 12.536
  25  88.045920  65.591015    13.296    13.815  6 54900.27007168 12.843
  26  88.044921  65.591094    13.618    14.242  5 54910.18571058 13.048
  27  88.045425  65.592588    14.164    14.019  5 54920.10134843 12.536
  28  88.047702  65.593530    19.887    17.463  5 54930.01698599 10.756
  29  88.044899  65.592058    33.130    33.307  5 54939.93262188  9.128
  30  88.047473  65.590167     8.910     8.910  6 54949.84825662 31.871
  31  88.044816  65.588652    11.589    11.602  6 54959.76389504 27.429
  32  88.044555  65.589563    15.067    14.896  6 54969.67954363 38.492
  33  88.045467  65.591453    18.443    18.490  6 54979.59519124 33.683
  34  88.045101  65.592812    75.011    74.866  5 54989.51083854 17.519
  35  88.046629  65.593103    16.996    16.992  6 54999.42648599 27.542
  36  88.044846  65.592843    12.168    11.566  5 55009.34213132 26.387
  37  88.045271  65.592962     9.714     9.694  5 55019.25777513 52.838
  38  88.046196  65.594194     7.741     7.695  5 55029.17341771 52.267
  39  88.049940  65.595874     6.759     6.732  5 55039.08905996 53.872
  40  88.050257  65.596300     8.258     7.162  5 55049.00470057 30.382
  41  88.048533  65.594492     6.843     6.954  5 55058.92033882 31.345
  42  88.045280  65.591448     6.325     6.349  5 55068.83597758 46.915
  43  88.044399  65.589545     7.614     6.882  6 55078.75162722 30.679
  44  88.043445  65.589833     6.447     6.434  6 55088.66727481 35.351
  45  88.047220  65.592083    11.621     8.110  6 55098.58292151 29.287
  46  88.048485  65.593756     7.755     7.885  5 55108.49856747 28.825
  47  88.045855  65.592937     8.788     9.741  5 55118.41421194 28.640
  48  88.043751  65.590519     6.296     6.270  6 55128.32985400 48.271
  49  88.045576  65.588910     7.517     7.490  6 55138.24549432 46.494
  50  88.045490  65.589299     7.367     7.361  6 55148.16113297 38.287
  51  88.045731  65.591466    12.311    13.989  5 55158.07677114 23.424
  52  88.046504  65.593312    13.319    13.522  5 55167.99240914 20.437
  53  88.046078  65.593543    13.658    14.128  6 55177.90804629 18.851
  54  88.046040  65.592638    14.288    14.259  6 55187.82369070 17.840
  55  88.046815  65.592682    13.282    13.421  6 55197.73934156 17.396
  56  88.046391  65.593913    13.164    13.549  5 55207.65499135 16.679
  57  88.046451  65.595639    13.572    13.859  5 55217.57064067 14.426
  58  88.047335  65.596142    13.997    14.306  6 55227.48628934 13.369
  59  88.047454  65.594572    14.380    14.548  6 55237.40193503 13.311
  60  88.047108  65.591742    14.428    14.355  6 55247.31757713 12.654
  61  88.047006  65.589846    14.214    14.257  6 55257.23321676 12.737
  62  88.047733  65.590303    16.783    14.248  6 55267.14885563 11.863
  63  88.047382  65.592197    17.015    13.718  5 55277.06449389 12.531
  64  88.047145  65.593200    23.860    24.841  6 55286.98013098 11.987
  65  88.044884  65.592029    20.685    23.012  6 55296.89576552 12.130
  66  88.045915  65.589890    14.497    10.766  6 55306.81140644 16.582
  67  88.043452  65.588419    10.914    10.918  6 55316.72705281 23.605
  68  88.043697  65.589235     9.314     9.257  6 55326.64269830 29.104
  69  88.047044  65.591776    16.905    16.870  6 55336.55834317 34.117
  70  88.048349  65.593822    18.986    18.970  5 55346.47398737 46.308
  71  88.048733  65.594303    17.725    17.688  5 55356.38963007 28.100
  72  88.046712  65.593673    20.965    22.827  6 55366.30527048 25.067
  73  88.044648  65.592987    10.746    10.753  5 55376.22090940 29.647
  74  88.046198  65.593444    10.564    10.631  6 55386.13654772 27.639
  75  88.046096  65.594050     8.166     8.159  6 55396.05218500 43.252
  76  88.047483  65.594266     7.790     7.753  6 55405.96782618 35.615
  77  88.047149  65.593240     8.343     8.363  6 55415.88347739 29.703
  78  88.045850  65.591052     9.358     9.642  6 55425.79912519 27.430
  79  88.047069  65.589656    25.916    24.753  6 55435.71477060 22.355
  80  88.044954  65.589767    11.693    11.646  6 55445.63041447 24.167
  81  88.047375  65.591573     9.404     9.799  6 55455.54605807 29.246
  82  88.046497  65.592882     9.564     9.108  6 55465.46170063 28.353
  83  88.044594  65.592218    10.157     9.639  5 55475.37734007 27.717
  84  88.044094  65.590215    19.860    21.104  6 55485.29297649 26.483
  85  88.045990  65.588685     6.505     6.507  6 55495.20861101 31.864
  86  88.043589  65.588900     6.137     6.036  6 55505.12424448 49.858
  87  88.045501  65.591381     6.328     6.357  6 55515.03989526 39.907
  88  88.046223  65.593557     7.165     7.185  5 55524.95554502 32.525
  89  88.046495  65.594339     6.675     6.680  6 55534.87119276 27.287
  90  88.047103  65.594028     6.285     6.279  5 55544.78683850 23.456
  91  88.046120  65.593725     8.914     8.725  6 55554.70248222 20.774
  92  88.045981  65.594170     7.421     7.443  6 55564.61812511 26.474
  93  88.046895  65.594533    10.137     9.952  5 55574.53376750 19.223
  94  88.046466  65.593691    12.694    11.785  6 55584.44940819 17.182
  95  88.046778  65.592010    12.066    12.335  5 55594.36504551 16.472
  96  88.045481  65.590154    14.761    14.789  6 55604.28067936 15.595
  97  88.043088  65.589137    14.411    14.513  6 55614.19631104 15.813
  98  88.045805  65.589832    14.621    14.772  5 55624.11194959 14.742
  99  88.046273  65.591071    14.739    14.863  6 55634.02760226 14.140
 100  88.046164  65.591560    14.291    14.159  5 55643.94325260 13.945
 101  88.045931  65.591212    13.234    13.325  5 55653.85890005 13.442
 102  88.043865  65.590054    10.356     9.995  6 55663.77454286 15.108
 103  88.045404  65.589870     7.453     7.362  5 55673.69018309 42.236
 104  88.046843  65.590663    15.068    14.910  6 55683.60582185 48.226
 105  88.046661  65.591960    18.325    18.340  5 55693.52145919 43.202
 106  88.045678  65.592918    19.854    16.807  5 55703.43709495 28.550
 107  88.047402  65.593566    15.386    15.355  5 55713.35273994 26.343
 108  88.045887  65.593636    12.864    13.836  6 55723.26838908 24.902
 109  88.048415  65.594156     9.678     9.788  5 55733.18403661 26.372
 110  88.047141  65.594341     6.895     6.892  6 55743.09968250 49.897
 111  88.048507  65.594274     7.802     7.855  5 55753.01532725 45.889
 112  88.045430  65.592773    15.246    10.023  5 55762.93096923 25.606
 113  88.045135  65.591126     9.358     9.903  6 55772.84660866 28.022
 114  88.045897  65.589821     9.088     9.241  6 55782.76224472 28.745
 115  88.043358  65.589596    10.272    10.312  6 55792.67787801 26.582
 116  88.046734  65.590610     8.652     8.635  6 55802.59351275 39.752
 117  88.044519  65.591315    18.836    20.411  5 55812.50916258 25.764
 118  88.044451  65.591141    18.892    18.325  6 55822.42481088 25.204
 119  88.045778  65.590337    14.289    10.061  5 55832.34045449 25.643
 120  88.046616  65.589633    21.865    21.274  6 55842.25609360 24.501
 121  88.045678  65.589800    22.241    24.151  5 55852.17172950 21.194
 122  88.047513  65.591308     6.720     6.642  6 55862.08736371 42.089
 123  88.046709  65.592936     7.344     7.354  6 55872.00301821 45.678
 124  88.048012  65.593701     7.805     7.804  5 55881.91866806 32.988
 125  88.048367  65.593601    11.052    11.092  5 55891.83431123 24.235
 126  88.046336  65.593226    13.780    14.396  6 55901.74994844 22.290
 127  88.045361  65.593429    15.079    14.809  5 55911.66558255 19.024
 128  88.046190  65.594476    15.064    15.044  5 55921.58123718 18.071
 129  88.046899  65.594261    14.934    14.704  5 55931.49688910 18.380
 130  88.046090  65.592399    14.490    14.587  5 55941.41253675 18.295
 131  88.047001  65.590364    14.598    14.557  6 55951.32818007 17.050
 132  88.045051  65.589499    14.448    14.393  5 55961.24381943 17.558
 133  88.044895  65.590450    14.844    14.821  5 55971.15945676 16.274
 134  88.046675  65.592022    14.429    14.430  5 55981.07509310 16.934
 135  88.044438  65.591790    14.589    14.634  6 55990.99072779 17.144
 136  88.044171  65.590817    14.748    14.828  6 56000.90637314 16.521
 137  88.046180  65.589780    14.831    14.854  6 56010.82202360 14.636
 138  88.044850  65.589601    35.283    35.170  5 56020.73766991  8.143
 139  88.046639  65.591091    33.105    32.835  6 56030.65331366  7.943
 140  88.045450  65.592958    33.591    33.605  6 56040.56895519  8.719
 141  88.044646  65.593907     7.793     7.724  5 56050.48459454 31.656
 142  88.044372  65.593805    11.272    11.265  5 56060.40023123 42.005
 143  88.045477  65.592840    17.482    17.338  5 56070.31586795 28.009
 144  88.045066  65.592839    16.902    16.869  5 56080.23151879 39.635
 145  88.048331  65.593955    18.169    15.314  5 56090.14716729 23.438
 146  88.047916  65.594926    11.595    10.214  6 56100.06281298 26.733
 147  88.048614  65.594537     6.915     6.914  5 56109.97844462 41.407
 148  88.046781  65.592217     6.682     6.709  6 56119.89408444 31.522
 149  88.045790  65.589544     5.426     5.447  5 56129.80972066 38.200
 150  88.044323  65.588316     5.522     5.497  6 56139.72535377 41.154
 151  88.047485  65.590351     7.248     7.705  6 56149.64100424 31.317
 152  88.046504  65.592528    11.809    11.850  6 56159.55665335 25.588
 153  88.047782  65.593379     5.040     5.064  5 56169.47230125 40.968
 154  88.046380  65.591839    11.305     9.767  6 56179.38794536 27.209
 155  88.043939  65.589748     6.417     5.705  6 56189.30358514 31.674
 156  88.045443  65.589349    14.776    12.935  6 56199.21922219 26.354
 157  88.046535  65.591003     5.124     5.141  6 56209.13485659 33.036
 158  88.046158  65.593150     5.187     4.767  5 56219.05048912 34.776
 159  88.047831  65.594814     6.161     6.193  5 56228.96613645 43.250
 160  88.045232  65.594283     5.768     5.880  5 56238.88178994 40.480
 161  88.046423  65.593480     4.943     4.886  6 56248.79743989 40.640
 162  88.047228  65.592947     5.241     5.265  5 56258.71308494 33.813
 163  88.046773  65.593608     7.308     7.302  5 56268.62872698 25.751
 164  88.045404  65.594152     9.577     9.259  5 56278.54436723 23.116
 165  88.047818  65.594421    12.713    12.998  6 56288.46001701 19.220
 166  88.047418  65.592519    14.140    13.966  5 56298.37566572 16.928
 167  88.045612  65.590106    12.041    11.309  5 56308.29131034 17.691
 168  88.046016  65.589243    11.619    10.830  6 56318.20695264 17.071
 169  88.045362  65.590700    13.318    13.613  6 56328.12259368 16.169
 170  88.046608  65.592791    12.153    12.201  6 56338.03823394 16.467
 171  88.047832  65.593512    12.985    13.705  5 56347.95387225 15.137
 172  88.045949  65.591784    12.573    12.829  5 56357.86950742 15.311
 173  88.047146  65.590268    13.629    13.493  6 56367.78515692 14.958
 175  88.045455  65.591971    14.014    14.103  6 56387.61645061 13.783
 176  88.047469  65.594704    12.363    11.956  5 56397.53209436 14.884
 177  88.047853  65.595976    10.955    11.961  5 56407.44773561 19.448
 178  88.047925  65.595264     7.257     7.245  6 56417.36337284 35.290
 179  88.047184  65.593321    19.024    18.900  5 56427.27900524 37.501
 180  88.047160  65.592770    19.617    19.510  5 56437.19465752 30.785
 181  88.047609  65.593439    15.851    15.799  5 56447.11030911 24.279
 182  88.048405  65.594562    12.266    12.318  5 56457.02595848 39.652
 183  88.047238  65.594279    13.511     9.992  6 56466.94160440 24.351
 184  88.046994  65.592639     7.494     7.458  6 56476.85724633 38.029
 185  88.044754  65.590213     7.001     7.009  5 56486.77288440 43.156
 186  88.044259  65.589306     7.138     6.558  6 56496.68852003 33.685
 187  88.047401  65.590443     5.745     5.767  6 56506.60415474 51.462
 188  88.047249  65.592039     8.558     7.895  6 56516.51978972 29.974
 189  88.044802  65.592822     6.489     6.277  5 56526.43544410 31.706
 190  88.046411  65.592359     8.650     8.544  5 56536.35109463 27.666
 192  88.047159  65.591147     7.234     7.136  6 56556.18238512 51.676
 193  88.045691  65.592488    13.380    14.270  6 56566.09802774 26.849
 194  88.047037  65.594685     8.673     9.560  5 56576.01366930 28.061
 195  88.047873  65.595694     5.427     5.387  6 56585.92930752 32.091
 196  88.046957  65.594912     5.854     5.893  5 56595.84494537 40.680
 197  88.047943  65.594018     7.817     7.837  5 56605.76059779 41.006
 198  88.044469  65.592975     7.966     8.020  5 56615.67624497 25.300
 199  88.045254  65.593067    13.587    14.724  5 56625.59188899 16.442
 200  88.045985  65.593309    13.677    14.411  5 56635.50753026 15.967
 201  88.046614  65.592970    14.699    14.747  5 56645.42316914 14.640
 202  88.047178  65.592188    18.996    15.138  6 56655.33882175 13.458
 203  88.046707  65.590888    15.764    15.641  5 56665.25446994 13.725
 204  88.043590  65.590248    15.566    15.547  6 56675.17011522 12.413
 205  88.045245  65.591317    15.112    14.978  5 56685.08575991 13.481
 206  88.047507  65.592745    17.004    14.428  5 56695.00140264 11.922
 207  88.047194  65.593060    12.988    12.575  5 56704.91704060 12.577
 208  88.047203  65.592144    14.301    14.176  5 56714.83267311 12.199
 209  88.045515  65.591614    75.764    75.858  6 56724.74832458  3.369
 210  88.045251  65.592149    20.419    18.120  5 56734.66397456 11.732
 211  88.047213  65.594025    17.649    16.892  5 56744.57962147 13.887
 212  88.047245  65.595413    19.821    17.198  5 56754.49526392  6.695
 213  88.047574  65.595547     6.762     6.710  5 56764.41090083 31.802
 214  88.048560  65.594630     7.744     7.683  5 56774.32653702 32.185
 215  88.044786  65.593933    10.572    10.542  5 56784.24219374 34.842
 216  88.047015  65.594163    19.033    19.097  6 56794.15784737 31.606
 217  88.046022  65.594303    18.222    18.209  5 56804.07349735 48.040
 218  88.046536  65.593916    22.861    23.312  5 56813.98914004 23.512
 219  88.046544  65.592792    16.159    16.140  6 56823.90477916 50.277
 220  88.047331  65.591578    68.226    71.394  6 56833.82041432 17.138
 221  88.045429  65.590627    10.247    10.146  6 56843.73604583 50.274
 222  88.046420  65.591147     9.327     9.811  6 56853.65168858 26.415
 223  88.046105  65.592124     6.673     6.646  5 56863.56734253 35.550
 224  88.047551  65.592933     7.578     7.535  5 56873.48299606 29.277
 225  88.047378  65.592984     7.233     7.229  5 56883.39864624 51.442
 226  88.044310  65.592562    14.060    10.050  5 56893.31429276 26.016
 227  88.045040  65.592814    20.098    24.393  5 56903.22993646 24.584
 228  88.047222  65.594127    20.737    20.471  5 56913.14557835 22.048
 229  88.048691  65.595326    10.723    10.403  6 56923.06121848 28.121
 230  88.048750  65.595788    13.314    14.564  5 56932.97685604 30.411
 231  88.046154  65.594807    13.386    14.832  5 56942.89248802 26.328
 232  88.046710  65.593901     6.125     6.086  5 56952.80813294 45.924
 233  88.045581  65.593390     7.107     7.142  6 56962.72378343 32.120
 234  88.048623  65.593938    15.571    15.209  5 56972.63942951 17.502
 235  88.046231  65.593950    13.120    12.547  5 56982.55507087 14.507
 236  88.045939  65.593188    14.149    14.429  6 56992.47070781 14.167
 237  88.047303  65.591499    14.283    14.198  6 57002.38634232 14.495
 238  88.044715  65.590396    16.324    16.722  5 57012.30199915 14.916
 239  88.046075  65.590548    25.653    25.566  6 57022.21765072 11.992
 240  88.046549  65.592014    27.107    27.439  5 57032.13329948 11.967
 241  88.048050  65.593387    26.643    27.197  5 57042.04894623 11.819
 242  88.046624  65.593515    24.812    25.041  5 57051.96459050 10.975
 243  88.045355  65.592368    15.745    15.772  5 57061.88023044 10.990
 244  88.046213  65.591584    18.751    15.271  5 57071.79586521 12.043
 245  88.044552  65.591749    28.181    27.696  5 57081.71149564 10.032
 246  88.046987  65.593860    29.837    29.938  6 57091.62714018  9.289
 247  88.046591  65.595938    27.700    27.243  5 57101.54279768 11.333
 248  88.048815  65.596519    29.345    29.231  6 57111.45845199 10.456
 249  88.045936  65.594863    34.637    34.697  5 57121.37409995  8.436
 250  88.045455  65.593183    10.753    10.755  5 57131.28974245 19.169
 251  88.044218  65.592670     7.687     7.717  5 57141.20537983 35.533
 252  88.046625  65.593622    11.674    11.732  5 57151.12101430 38.475
 253  88.046838  65.593900    18.236    18.312  6 57161.03664527 28.270
 254  88.045496  65.593236    20.810    20.857  5 57170.95230024 56.177
 255  88.044956  65.591516    19.229    19.168  6 57180.86795507 55.549
 256  88.045877  65.590269    19.656    16.168  5 57190.78360612 23.163
 257  88.047565  65.590888    19.825    19.960  6 57200.69925410 23.370
 258  88.045626  65.592433     9.328     9.396  6 57210.61488814 27.767
 259  88.044515  65.593746     8.044     8.525  5 57220.53053205 30.244
 260  88.047618  65.593885     8.458     7.831  5 57230.44617513 27.160
 261  88.046219  65.592783     8.032     7.847  6 57240.36181539 29.658
 262  88.045282  65.591745     7.991     7.866  6 57250.27745292 38.545
 263  88.046113  65.592370     8.878     9.519  5 57260.19308849 28.939
 264  88.045151  65.593908     7.896     7.838  5 57270.10872263 52.520
 265  88.049200  65.596239    10.205     9.603  6 57280.02437625 28.367
 266  88.047285  65.596286     7.818     7.364  5 57289.94003157 31.706
 267  88.048661  65.594992     7.933     7.186  5 57299.85568419 29.187
 268  88.047492  65.592909    13.322    14.529  5 57309.77133290 24.996
 269  88.045673  65.592223     6.168     6.148  6 57319.68697818 47.298
 270  88.046113  65.593259     6.842     6.918  5 57329.60262087 46.153
 271  88.045746  65.594543     8.386     8.391  5 57339.51826135 37.076
 272  88.047881  65.594520     6.476     6.502  6 57349.43391107 33.565
 273  88.044708  65.592164     6.674     6.655  5 57359.34955636 27.091
 274  88.045098  65.589975     7.585     7.567  5 57369.26519878 22.479
 275  88.045351  65.589881    17.219    14.752  6 57379.18083868 17.277
 276  88.046912  65.591937    14.591    14.668  6 57389.09647739 16.058
 277  88.046956  65.593743    14.726    14.734  6 57399.01211503 14.251
 278  88.045142  65.593656    15.138    15.098  5 57408.92775207 13.396
 279  88.046043  65.592693    14.971    14.637  6 57418.84340498 14.137
 280  88.044922  65.591914    14.910    14.944  6 57428.75905513 14.172
 281  88.046097  65.593038    14.964    14.971  5 57438.67470317 13.248
 282  88.048835  65.595476    15.683    16.002  5 57448.59035019 12.801
 283  88.047559  65.596894    15.571    15.425  5 57458.50599558 12.842
 284  88.046537  65.596349    32.038    33.934  5 57468.42163800  9.140
 285  88.046251  65.594062    31.844    32.661  5 57478.33727638 10.478
 286  88.047242  65.591972    36.292    36.154  6 57488.25291176  8.088
 287  88.044913  65.590980    34.234    34.568  6 57498.16854480  8.884
 288  88.045833  65.592163     7.780     7.747  6 57508.08418540 29.066
 289  88.047963  65.593681    10.177    10.143  5 57517.99984174 20.572
 290  88.048547  65.593798    11.998    11.903  5 57527.91549499 31.889
 291  88.045878  65.591913    15.095    15.126  5 57537.83114503 53.249
 292  88.043410  65.590181    17.286    17.246  6 57547.74679246 31.268
 293  88.045096  65.590261    16.418    12.819  5 57557.66243895 27.207
 294  88.045810  65.592064     7.983     7.927  6 57567.57808440 39.240
 295  88.044639  65.593728     8.374     8.377  5 57577.49372899 29.340
 296  88.046542  65.594511     8.615     8.557  5 57587.40937255 28.483
 297  88.047093  65.593860     8.306     8.606  6 57597.32501349 29.252
