-185714.234   171.405     0.00    8.24
-185427.713   168.160   -11.33   10.36
-185141.174   163.714   -15.51   12.71
-184854.616   158.966   -16.57   13.07
-184568.040   153.689   -18.41   11.34
-184281.446   151.320    -8.27    8.91
-183994.834   151.504     0.64    8.46
-183708.204   153.235     6.04    8.76
-183421.555   154.435     4.19    8.87
-183134.888   155.861     4.97    8.99
-182848.203   156.533     2.35    9.31
-182561.500   155.950    -2.03    9.86
-182274.779   155.950     0.00   10.71
-181988.039   155.843    -0.37   11.91
-181701.281   156.832     3.45   13.79
-181414.505   159.056     7.76   15.30
-181127.711   163.336    14.92   15.58
-180840.899   167.876    15.83   13.47
-180554.068   169.675     6.27   11.51
-180267.219   169.270    -1.41   11.12
-179980.352   166.772    -8.71   12.88
-179693.466   162.254   -15.75   14.31
-179406.562   154.800   -25.98   16.61
-179119.641   146.829   -27.78   16.79
-178832.700   141.713   -17.83   14.46
-178545.742   140.639    -3.74   12.85
-178258.765   141.636     3.48   13.79
-177971.770   143.856     7.73   15.10
-177684.757   146.451     9.04   15.33
-177397.725   150.550    14.28   12.57
-177110.675   153.266     9.46   10.04
-176823.607   153.782     1.80   10.69
-176536.520   155.883     7.32   10.64
-176249.416   157.288     4.89   10.69
-175962.293   159.639     8.19    9.25
-175675.151   163.133    12.17    7.63
-175387.991   165.621     8.66    7.58
-175100.813   167.582     6.83    7.82
-174813.617   169.025     5.02    7.86
-174526.402   171.301     7.92    6.27
-174239.169   172.758     5.07    4.90
-173951.918   172.686    -0.25    5.93
-173664.648   170.488    -7.65    7.96
-173377.360   167.992    -8.69    8.24
-173090.054   166.300    -5.89    8.01
-172802.729   165.295    -3.50    8.05
-172515.386   165.097    -0.69    8.06
-172228.025   165.317     0.77    8.44
-171940.645   168.083     9.63    7.98
-171653.247   170.750     9.28    7.77
-171365.831   172.471     5.99    6.98
-171078.396   174.375     6.62    6.32
-170790.943   175.112     2.56    6.45
-170503.471   175.439     1.14    6.39
-170215.981   174.658    -2.72    7.05
-169928.472   172.852    -6.28    7.76
-169640.946   171.350    -5.23    7.86
-169353.401   170.281    -3.72    7.90
-169065.837   170.264    -0.06    8.23
-168778.255   171.258     3.46    8.49
-168490.655   172.672     4.92    8.54
-168203.036   173.683     3.51    8.14
-167915.398   173.984     1.05    7.60
-167627.743   174.008     0.09    7.25
-167340.069   173.156    -2.96    7.18
-167052.376   171.921    -4.29    7.61
-166764.665   170.824    -3.81    7.46
-166476.936   171.084     0.91    7.44
-166189.188   172.387     4.53    7.71
-165901.422   173.101     2.48    7.37
-165613.637   174.183     3.76    7.12
-165325.834   176.270     7.25    5.17
-165038.012   177.415     3.98    3.68
-164750.172   177.708     1.02    3.66
-164462.313   176.680    -3.57    4.69
-164174.436   175.223    -5.06    6.36
-163886.541   173.289    -6.72    8.10
-163598.627   170.161   -10.86   10.53
-163310.694   166.710   -11.99   12.01
-163022.743   162.653   -14.09   12.49
-162734.774   157.124   -19.20   14.03
-162446.786   151.730   -18.73   14.80
-162158.779   146.292   -18.88   13.70
-161870.754   141.228   -17.58   13.90
-161582.711   136.153   -17.62   13.67
-161294.649   131.317   -16.79   12.85
-161006.568   125.176   -21.31   12.30
-160718.469   120.855   -15.00   12.86
-160430.352   116.483   -15.17   12.04
-160142.215   111.425   -17.55   10.49
-159854.061   107.286   -14.36    8.26
-159565.888   104.187   -10.75    6.43
-159277.696   101.303   -10.01    4.43
-158989.485    99.463    -6.38    3.70
-158701.257    97.894    -5.44    3.79
-158413.009    96.805    -3.78    3.81
-158124.743    95.677    -3.91    3.85
-157836.459    94.331    -4.67    3.73
-157548.156    93.570    -2.64    3.52
-157259.834    92.846    -2.51    3.47
-156971.494    92.344    -1.74    3.18
-156683.135    92.352     0.03    3.30
-156394.757    91.336    -3.52    4.77
-156106.361    88.960    -8.24    7.71
-155817.947    86.008   -10.23    9.73
-155529.513    83.725    -7.92   10.86
-155241.062    83.376    -1.21   12.85
-154952.591    84.967     5.52   15.22
-154664.102    88.408    11.93   16.27
-154375.595    93.488    17.60   15.99
-154087.068    99.242    19.94   12.51
-153798.523   104.566    18.45    6.59
-153511.168   106.363     6.25    4.42
-153226.468   106.540     0.62    3.95
-152941.750   106.554     0.05    3.58
-152657.014   106.837     1.00    3.67
-152372.262   106.705    -0.47    3.36
-152087.491   106.942     0.83    2.96
-151802.704   106.468    -1.66    2.75
-151517.899   105.589    -3.09    2.99
-151233.077   104.124    -5.14    3.54
-150948.238   102.730    -4.90    4.29
-150663.381   100.488    -7.87    5.48
-150378.507    98.400    -7.33    5.99
-150093.615    96.563    -6.45    5.53
-149808.707    95.328    -4.34    4.44
-149523.780    94.942    -1.36    3.87
-149238.837    95.496     1.95    3.92
-148953.876    96.235     2.59    4.38
-148668.897    97.364     3.96    4.42
-148383.901    98.992     5.71    4.15
-148098.888   100.570     5.54    3.86
-147813.858   102.050     5.19    3.01
-147528.810   103.145     3.84    2.65
-147243.744   104.392     4.37    3.05
-146958.662   105.258     3.04    3.07
-146673.561   106.040     2.74    2.81
-146388.444   106.442     1.41    2.72
-146103.309   106.868     1.49    3.10
-145818.156   107.098     0.81    3.41
-145532.986   106.583    -1.80    3.29
-145247.799   105.992    -2.07    3.40
-144962.594   105.310    -2.39    3.82
-144677.372   104.884    -1.49    4.15
-144392.133   103.500    -4.85    5.45
-144106.875   100.984    -8.82    6.71
-143821.601    99.084    -6.66    7.57
-143536.309    96.952    -7.47    8.89
-143251.000    94.315    -9.24    9.32
-142965.673    90.574   -13.11    8.92
-142680.328    86.637   -13.80    8.96
-142394.967    81.195   -19.07    9.92
-142109.587    76.339   -17.02   11.33
-141824.191    71.904   -15.54   12.09
-141538.776    68.758   -11.02   11.50
-141253.345    65.918    -9.95   10.68
-140967.895    66.395     1.67   12.60
-140682.429    69.129     9.58   15.64
-140396.944    76.983    27.51   21.83
-140111.443    87.344    36.29   26.98
-139825.924    99.107    41.19   30.05
-139540.387   113.579    50.68   29.86
-139254.833   124.651    38.77   25.59
-138969.261   135.410    37.67   16.38
-138683.672   141.450    21.15    8.03
-138398.065   142.169     2.52    7.88
-138112.441   140.303    -6.53   10.35
-137826.799   135.500   -16.81   13.93
-137541.140   129.744   -20.15   15.82
-137255.463   122.944   -23.80   16.58
-136969.768   114.025   -31.22   14.15
-136684.056   107.696   -22.15   12.14
-136398.327   100.244   -26.08   12.81
-136112.580    95.397   -16.96   12.89
-135826.815    94.161    -4.32   13.80
-135541.033    94.777     2.15   15.43
-135255.233    98.319    12.39   18.29
-134969.416   101.936    12.65   20.95
-134683.581   108.067    21.45   22.50
-134397.729   114.762    23.42   23.32
-134111.859   122.440    26.86   21.70
-133825.971   129.875    26.01   18.56
-133540.066   136.843    24.37   13.26
-133254.143   142.000    18.04    7.56
-132968.203   145.042    10.64    5.96
-132682.245   147.976    10.26    5.59
-132396.269   149.664     5.90    5.54
-132110.276   151.488     6.38    4.92
-131824.265   153.106     5.66    4.18
-131538.237   153.968     3.02    4.08
-131252.191   155.205     4.32    4.74
-130966.127   156.984     6.22    5.47
-130680.046   159.106     7.42    5.88
-130393.947   159.967     3.01    5.68
-130107.830   160.774     2.82    5.98
-129821.696   161.270     1.73    6.35
-129535.544   161.575     1.07    6.57
-129249.375   161.333    -0.84    6.68
-128963.188   160.691    -2.24    6.24
-128676.983   159.917    -2.70    5.59
-128390.760   158.032    -6.59    5.60
-128104.520   156.512    -5.31    4.97
-127818.263   155.769    -2.60    4.48
-127531.987   155.616    -0.53    3.93
-127245.694   156.776     4.05    4.02
-126959.383   158.100     4.62    3.86
-126673.055   159.129     3.59    4.77
-126386.709   159.944     2.85    4.80
-126100.345   160.664     2.51    5.18
-125813.964   160.848     0.64    5.40
-125527.564   160.258    -2.06    5.24
-125241.147   160.286     0.10    5.21
-124954.713   161.184     3.14    6.21
-124668.261   161.800     2.15    7.02
-124381.791   162.418     2.16    7.10
-124095.303   163.968     5.41    7.02
-123808.797   165.024     3.69    6.64
-123522.274   165.372     1.21    6.46
-123235.733   164.288    -3.78    6.44
-122949.175   163.347    -3.28    6.07
-122662.598   163.413     0.23    5.58
-122376.004   164.079     2.32    5.62
-122089.392   165.105     3.58    5.34
-121802.763   166.231     3.93    5.50
-121516.116   166.610     1.32    5.51
-121229.450   166.912     1.05    5.22
-120942.768   167.250     1.18    4.37
-120656.067   168.540     4.50    3.73
-120369.349   169.675     3.96    3.84
-120082.612   170.740     3.71    3.95
-119795.859   171.384     2.25    3.92
-119509.087   170.637    -2.60    6.60
-119222.297   168.275    -8.24   10.17
-118935.490   165.476    -9.76   13.01
-118648.665   160.149   -18.57   14.64
-118361.822   154.901   -18.29   14.30
-118074.962   149.421   -19.10   11.44
-117788.083   145.444   -13.86    6.94
-117501.187   143.545    -6.62    3.15
-117214.273   143.008    -1.87    0.09
-116927.341   143.691     2.38    2.83
-116640.391   146.025     8.13    6.36
-116353.424   148.190     7.55    7.62
-116066.439   149.602     4.92    7.48
-115779.436   151.484     6.56    6.96
-115492.415   152.840     4.73    5.95
-115205.376   153.415     2.00    4.82
-114918.319   152.851    -1.96    4.65
-114631.245   151.616    -4.30    4.43
-114344.152   150.130    -5.18    4.56
-114057.042   148.851    -4.45    4.06
-113769.914   148.175    -2.36    4.37
-113482.768   148.447     0.95    5.61
-113195.604   150.240     6.24    8.01
-112908.423   151.984     6.07    9.70
-112621.223   152.320     1.17   10.39
-112334.006   150.803    -5.28   10.42
-112046.771   149.354    -5.04   11.89
-111759.517   146.402   -10.28   11.27
-111472.246   143.207   -11.12   11.24
-111184.957   140.128   -10.72   11.07
-110897.651   136.927   -11.14   10.94
-110610.326   133.958   -10.33    9.56
-110322.983   132.153    -6.28    8.84
-110035.623   129.828    -8.09    6.86
-109748.244   128.550    -4.45    6.24
-109460.848   127.968    -2.02    6.07
-109173.434   128.048     0.28    6.15
-108886.001   128.992     3.28    6.06
-108598.551   129.841     2.96    5.95
-108311.083   131.172     4.63    5.45
-108023.597   131.672     1.74    5.06
-107736.093   130.552    -3.90    5.79
-107448.571   129.067    -5.17    6.75
-107161.032   126.025   -10.58    7.40
-106873.474   124.224    -6.26    7.79
-106585.898   122.815    -4.90    8.25
-106298.304   121.750    -3.70    8.58
-106010.693   121.317    -1.50    8.49
-105723.063   121.331     0.05    8.74
-105435.416   121.200    -0.45    8.94
-105147.750   121.968     2.67    9.40
-104860.066   121.787    -0.63    9.47
-104572.365   120.207    -5.49    8.75
-104284.645   120.112    -0.33    8.53
-103996.908   120.911     2.78    9.23
-103709.152   123.431     8.76   10.70
-103421.379   125.808     8.26   11.78
-103133.587   129.099    11.44   12.60
-102845.778   132.785    12.81   11.71
-102557.950   136.056    11.36    9.86
-102270.105   138.130     7.21    8.48
-101982.241   138.273     0.50    7.98
-101694.360   136.904    -4.75    8.71
-101406.460   136.358    -1.90    9.10
-101118.542   136.705     1.21    8.48
-100830.607   136.064    -2.23    7.88
-100542.653   135.382    -2.37    6.24
-100254.681   133.579    -6.26    6.22
 -99966.692   130.651   -10.17    7.75
 -99678.684   127.333   -11.52   10.26
 -99390.658   123.207   -14.33   10.50
 -99102.614   119.194   -13.93   10.14
 -98814.552   116.130   -10.63   10.94
 -98526.472   112.733   -11.79   11.29
 -98238.374   110.460    -7.89   11.30
 -97950.257   108.756    -5.91   12.33
 -97662.123   107.766    -3.44   13.16
 -97373.971   108.206     1.53   14.52
 -97085.800   109.202     3.45   15.04
 -96797.612   111.600     8.32   15.08
 -96509.405   114.218     9.08   15.20
 -96221.180   116.387     7.53   16.10
 -95932.937   117.884     5.19   16.70
 -95644.676   119.810     6.68   16.11
 -95356.397   118.984    -2.86   15.94
 -95068.100   116.260    -9.45   16.69
 -94779.785   113.568    -9.34   16.59
 -94491.451   110.742    -9.80   15.05
 -94203.099   107.463   -11.37   12.62
 -93914.730   104.183   -11.37    9.01
 -93626.342   102.220    -6.81    6.93
 -93337.936   104.215     6.92    7.72
 -93049.512   107.135    10.12    8.54
 -92761.069   110.234    10.74    8.58
 -92472.609   114.246    13.91    9.51
 -92184.130   120.063    20.17   13.00
 -91895.634   128.194    28.18   16.27
 -91608.666   136.250    28.07   18.75
 -91323.920   144.224    28.00   18.72
 -91039.157   153.435    32.35   17.57
 -90754.377   164.496    38.84   17.24
 -90469.581   174.357    34.62   17.45
 -90184.767   181.919    26.55   16.17
 -89899.936   188.322    22.48   14.13
 -89615.089   193.712    18.92   11.80
 -89330.224   197.793    14.33    8.27
 -89045.343   201.266    12.19    5.63
 -88760.445   202.560     4.54    6.30
 -88475.530   201.774    -2.76    7.69
 -88190.598   199.920    -6.51    9.99
 -87905.649   196.653   -11.46   10.90
 -87620.683   194.256    -8.41   10.60
 -87335.700   192.800    -5.11   10.70
 -87050.701   191.090    -6.00   10.66
 -86765.684   189.438    -5.80   10.80
 -86480.651   189.675     0.83   10.37
 -86195.600   191.533     6.52    9.28
 -85910.533   190.919    -2.15    8.78
 -85625.448   188.468    -8.60    9.96
 -85340.347   184.858   -12.66    9.83
 -85055.229   180.968   -13.65    9.92
 -84770.093   177.730   -11.35   10.08
 -84484.941   173.194   -15.91   12.24
 -84199.772   166.929   -21.97   13.56
 -83914.586   161.762   -18.11   13.27
 -83629.383   156.867   -17.16   11.85
 -83344.163   154.000   -10.05    9.76
 -83058.926   151.333    -9.35    7.66
 -82773.672   148.837    -8.75    6.24
 -82488.401   147.810    -3.60    6.46
 -82203.113   146.182    -5.71    7.90
 -81917.808   142.177   -14.03   10.34
 -81632.486   139.619    -8.97    9.94
 -81347.147   136.550   -10.76   10.15
 -81061.791   135.389    -4.07   11.56
 -80776.418   133.095    -8.04   12.02
 -80491.028   129.934   -11.08   11.56
 -80205.621   131.063     3.96   12.76
 -79920.196   134.363    11.56   17.65
 -79634.755   140.157    20.30   21.70
 -79349.297   147.960    27.34   22.61
 -79063.822   156.303    29.22   21.63
 -78778.330   164.680    29.34   18.92
 -78492.821   173.136    29.62   13.78
 -78207.295   179.315    21.64   12.96
 -77921.751   182.339    10.59   13.06
 -77636.191   185.437    10.85   12.47
 -77350.614   187.686     7.88   11.43
 -77065.019   190.110     8.49    9.10
 -76779.408   190.648     1.88    7.47
 -76493.779   190.826     0.62    5.95
 -76208.133   192.222     4.89    5.44
 -75922.471   193.090     3.04    5.49
 -75636.791   193.893     2.81    5.88
 -75351.094   194.532     2.23    6.72
 -75065.380   195.934     4.91    7.23
 -74779.649   196.098     0.57    8.03
 -74493.901   194.024    -7.26   12.37
 -74208.136   190.446   -12.52   17.36
 -73922.354   183.839   -23.12   20.63
 -73636.554   177.328   -22.78   21.93
 -73350.738   169.500   -27.39   20.99
 -73064.904   161.291   -28.72   17.85
 -72779.054   152.879   -29.43   11.49
 -72493.186   148.207   -16.34    8.96
 -72207.301   145.220   -10.44    9.55
 -71921.399   142.323   -10.14    8.40
 -71635.480   141.000    -4.63    7.58
 -71349.543   142.444     5.05   10.52
 -71063.590   145.645    11.19   14.18
 -70777.619   149.852    14.71   16.85
 -70491.632   154.440    16.04   16.99
 -70205.627   159.439    17.48   15.86
 -69919.605   164.080    16.23   13.57
 -69633.566   167.738    12.79   11.56
 -69347.509   170.975    11.32    9.93
 -69061.436   172.871     6.63    9.23
 -68775.345   173.210     1.18    9.20
 -68489.238   173.738     1.85    9.04
 -68203.113   173.536    -0.70    8.54
 -67916.971   173.088    -1.57    7.18
 -67630.811   173.374     1.00    6.14
 -67344.635   174.424     3.67    6.31
 -67058.441   175.877     5.08    6.00
 -66772.230   177.314     5.02    5.84
 -66486.002   178.803     5.20    5.84
 -66199.757   180.533     6.04    4.85
 -65913.495   180.304    -0.80    4.98
 -65627.215   179.024    -4.47    5.28
 -65340.918   178.264    -2.65    5.60
 -65054.604   178.742     1.67    6.88
 -64768.273   179.242     1.75    7.73
 -64481.924   179.975     2.56    8.52
 -64195.559   181.184     4.22    8.61
 -63909.176   182.552     4.78    8.67
 -63622.776   184.727     7.60    8.73
 -63336.358   185.857     3.94    8.04
 -63049.924   186.653     2.78    7.49
 -62763.472   187.512     3.00    7.11
 -62477.003   187.968     1.59    6.85
 -62190.516   187.697    -0.95    7.56
 -61904.013   184.187   -12.25    9.49
 -61617.492   180.198   -13.92    9.88
 -61330.954   176.959   -11.31    9.21
 -61044.398   175.127    -6.39    8.39
 -60757.826   173.780    -4.70    7.81
 -60471.236   173.727    -0.18    8.06
 -60184.629   174.728     3.49    9.46
 -59898.004   176.535     6.31    9.91
 -59611.363   178.467     6.74    9.54
 -59324.704   181.167     9.42    7.55
 -59038.027   182.904     6.06    5.83
 -58751.334   184.189     4.48    4.54
 -58464.623   183.945    -0.85    4.11
 -58177.895   183.797    -0.52    3.31
 -57891.149   183.463    -1.16    3.31
 -57604.386   182.078    -4.83    4.86
 -57317.606   180.311    -6.16    6.35
 -57030.809   177.444   -10.00    7.74
 -56743.994   174.157   -11.46    8.39
 -56457.162   170.347   -13.28    8.16
 -56170.313   166.712   -12.67    6.72
 -55883.446   164.816    -6.61    5.54
 -55596.562   164.648    -0.59    5.98
 -55309.661   165.843     4.17    7.23
 -55022.742   168.183     8.16    8.11
 -54735.806   171.529    11.66    8.14
 -54448.853   174.802    11.40    7.91
 -54161.882   178.056    11.34    7.22
 -53874.894   180.049     6.94    6.57
 -53587.888   179.960    -0.31    6.86
 -53300.865   179.623    -1.17    7.22
 -53013.825   179.438    -0.64    6.82
 -52726.768   177.354    -7.26    7.97
 -52439.693   175.595    -6.13    8.13
 -52152.600   172.798    -9.74    7.39
 -51865.491   170.151    -9.22    7.34
 -51578.364   166.758   -11.82    8.81
 -51291.219   162.889   -13.47   10.94
 -51004.057   158.659   -14.73   12.33
 -50716.878   153.516   -17.91   12.46
 -50429.681   150.206   -11.53   10.89
 -50142.467   148.421    -6.22    9.58
 -49855.236   148.934     1.79   10.83
 -49567.987   151.244     8.04   12.42
 -49280.721   155.992    16.53   12.81
 -48993.437   161.000    17.43   10.71
 -48706.136   163.583     8.99    8.18
 -48418.817   164.984     4.88    6.24
 -48131.481   164.598    -1.34    5.36
 -47844.128   163.294    -4.54    4.78
 -47556.757   162.390    -3.14    4.63
 -47269.369   161.431    -3.34    3.46
 -46981.963   160.805    -2.18    3.33
 -46694.540   160.066    -2.57    3.72
 -46407.099   158.440    -5.66    5.22
 -46119.641   156.709    -6.02    6.05
 -45832.166   155.403    -4.54    6.30
 -45544.672   152.905    -8.69    6.83
 -45257.162   151.911    -3.46    6.65
 -44969.634   150.566    -4.68    5.45
 -44682.089   149.236    -4.62    4.96
 -44394.526   147.135    -7.31    5.42
 -44106.945   145.395    -6.05    5.49
 -43819.347   144.520    -3.04    5.13
 -43531.732   144.698     0.62    4.98
 -43244.099   144.562    -0.47    5.02
 -42956.449   144.164    -1.38    5.47
 -42668.781   145.041     3.05    5.96
 -42381.095   145.951     3.16    6.40
 -42093.393   146.063     0.39    7.24
 -41805.672   146.602     1.87    7.61
 -41517.934   148.742     7.44    8.75
 -41230.179   152.768    13.99    8.44
 -40942.406   156.058    11.43    7.12
 -40654.615   157.605     5.38    6.63
 -40366.807   157.646     0.14    6.55
 -40078.982   157.677     0.11    6.27
 -39791.139   156.208    -5.10    6.76
 -39503.278   153.403    -9.74    7.81
 -39215.400   150.475   -10.17    7.97
 -38927.504   147.850    -9.12    7.96
 -38639.591   145.833    -7.01    7.82
 -38351.660   144.056    -6.17    7.42
 -38063.711   142.362    -5.88    6.59
 -37775.745   140.063    -7.98    5.75
 -37487.762   137.918    -7.45    5.00
 -37199.761   136.142    -6.17    4.40
 -36911.742   134.689    -5.05    4.23
 -36623.706   134.066    -2.16    4.76
 -36335.652   134.408     1.19    5.51
 -36047.580   135.431     3.55    6.31
 -35759.491   136.748     4.57    6.97
 -35471.384   138.606     6.45    8.03
 -35183.260   140.295     5.86    8.55
 -34895.118   142.120     6.33   10.01
 -34606.959   143.181     3.68   11.81
 -34318.782   144.951     6.14   12.18
 -34030.587   146.177     4.25   12.90
 -33742.375   147.272     3.80   12.58
 -33454.145   148.968     5.88   11.45
 -33165.897   150.852     6.54    7.92
 -32877.632   150.766    -0.30    6.79
 -32589.349   148.926    -6.38    6.87
 -32301.048   147.568    -4.71    6.93
 -32012.730   146.280    -4.47    6.77
 -31724.394   144.661    -5.61    6.30
 -31436.041   142.784    -6.51    5.95
 -31147.670   143.789     3.48    8.42
 -30859.281   144.748     3.33   10.42
 -30570.875   145.197     1.56   11.47
 -30282.450   145.385     0.65   11.44
 -29994.009   140.697   -16.25   14.57
 -29707.400   137.536   -11.03   17.84
 -29422.603   136.504    -3.62   17.97
 -29137.790   139.055     8.96   19.27
 -28852.960   145.312    21.97   21.97
 -28568.114   153.090    27.30   24.46
 -28283.251   161.661    30.09   24.18
 -27998.372   173.090    40.12   17.07
 -27713.477   180.680    26.64   14.43
 -27428.565   187.465    23.81   12.94
 -27143.637   193.943    22.74   12.63
 -26858.693   197.156    11.28   13.16
 -26573.731   200.764    12.66   13.10
 -26288.754   204.024    11.44   12.27
 -26003.760   207.280    11.42   11.08
 -25718.750   210.057     9.74    9.62
 -25433.723   211.496     5.05    8.41
 -25148.679   212.540     3.66    7.58
 -24863.620   213.320     2.74    7.83
 -24578.544   213.488     0.59    9.09
 -24293.451   212.873    -2.16    9.79
 -24008.342   211.699    -4.12    9.72
 -23723.216   210.844    -3.00    9.98
 -23438.074   210.402    -1.55    8.66
 -23152.915   209.528    -3.06    9.53
 -22867.740   209.866     1.19    9.81
 -22582.549   210.726     3.01    9.55
 -22297.341   212.023     4.55    8.81
 -22012.116   212.912     3.12    7.26
 -21726.875   213.443     1.86    5.89
 -21441.618   213.307    -0.48    5.47
 -21156.344   212.447    -3.01    4.74
 -20871.053   211.242    -4.22    4.26
 -20585.746   210.266    -3.42    4.58
 -20300.422   208.573    -5.93    5.11
 -20015.082   206.504    -7.25    5.72
 -19729.726   204.224    -7.99    5.81
 -19444.353   201.293   -10.27    5.46
 -19158.963   198.791    -8.77    6.07
 -18873.557   196.829    -6.87    5.66
 -18588.134   194.968    -6.52    5.58
 -18302.695   192.873    -7.34    5.69
 -18017.239   190.303    -9.00    5.29
 -17731.767   187.722    -9.04    5.37
 -17446.278   185.064    -9.31    5.88
 -17160.772   181.918   -11.02    6.07
 -16875.250   178.087   -13.42    7.13
 -16589.712   174.293   -13.29    7.51
 -16304.157   170.936   -11.75    7.42
 -16018.585   167.562   -11.81    7.13
 -15732.997   165.829    -6.07    6.27
 -15447.392   164.402    -5.00    5.19
 -15161.771   163.825    -2.02    4.70
 -14876.133   163.570    -0.89    4.70
 -14590.478   162.468    -3.86    5.72
 -14304.807   160.289    -7.63    8.35
 -14019.119   156.638   -12.78   11.25
 -13733.415   151.205   -19.02   13.23
 -13447.694   144.623   -23.04   13.57
 -13161.957   138.283   -22.19   12.97
 -12876.202   131.296   -24.45   12.02
 -12590.432   124.098   -25.19   12.33
 -12304.644   116.968   -24.95   13.94
 -12018.840   110.480   -22.70   13.32
 -11733.020   104.913   -19.48   11.12
 -11447.183   101.667   -11.36    8.20
 -11161.329    98.943    -9.53    5.85
 -10875.458    96.944    -6.99    5.01
 -10589.571    94.984    -6.86    6.36
 -10303.668    92.894    -7.31    7.65
 -10017.747    89.597   -11.53    9.46
  -9731.810    84.975   -16.16    9.78
  -9445.857    79.524   -19.06    9.32
  -9159.886    74.457   -17.72    9.21
  -8873.899    69.968   -15.70    9.26
  -8587.896    66.732   -11.31    9.30
  -8301.876    63.185   -12.40    9.93
  -8015.839    59.803   -11.82   10.75
  -7729.785    57.116    -9.39   10.69
  -7443.715    55.089    -7.09   10.72
  -7157.628    52.560    -8.84    9.91
  -6871.524    50.865    -5.92    8.84
  -6585.404    49.902    -3.37    7.69
  -6299.267    48.960    -3.29    8.87
  -6013.113    48.460    -1.75   10.75
  -5726.943    47.195    -4.42   13.47
  -5440.756    44.556    -9.22   15.71
  -5154.552    43.260    -4.53   16.67
  -4868.332    41.752    -5.27   17.12
  -4582.095    42.812     3.70   18.52
  -4295.841    43.221     1.43   19.14
  -4009.570    44.795     5.50   19.41
  -3723.283    45.937     3.99   20.99
  -3436.979    45.779    -0.55   22.69
  -3150.658    42.236   -12.37   23.86
  -2864.321    37.205   -17.57   25.61
  -2577.967    31.024   -21.58   25.90
  -2291.596    24.087   -24.23   26.11
  -2005.208    16.541   -26.35   23.41
  -1718.804     9.586   -24.28   17.50
  -1432.383     3.548   -21.08   10.19
  -1145.945     0.919    -9.18    5.29
   -859.490    -0.367    -4.49    1.77
   -573.019    -0.320     0.17    1.07
   -286.531     0.000     1.12    0.00
     -0.026     0.409     1.43    2.27
    286.496     2.395     6.93    6.08
    573.034     5.219     9.85    9.25
    859.589     8.976    13.11   11.90
   1146.161    14.311    18.62   13.98
   1432.750    18.984    16.31   13.71
   1719.356    23.431    15.51   12.58
   2005.978    27.439    13.98   10.84
   2292.617    31.132    12.88   10.20
   2579.273    33.471     8.16    9.03
   2865.946    34.460     3.45    8.77
   3152.635    35.411     3.32    9.06
   3439.341    37.476     7.20    8.97
   3726.065    40.945    12.10    9.64
   4012.804    44.504    12.41   11.17
   4299.561    49.746    18.28   12.80
   4586.335    54.283    15.82   14.33
   4873.125    59.653    18.72   11.88
   5159.932    63.397    13.05    9.19
   5446.756    66.155     9.62    7.29
   5733.597    67.610     5.07    6.90
   6020.455    68.063     1.58    6.72
   6307.329    68.559     1.73    6.40
   6594.221    68.846     1.00    5.90
   6881.129    69.825     3.42    5.83
   7168.054    71.377     5.41    6.02
   7454.996    72.724     4.70    6.37
   7741.955    73.817     3.81    6.45
   8028.931    75.073     4.38    6.36
   8315.923    74.636    -1.52    7.25
   8602.932    74.024    -2.13    7.60
   8889.959    72.476    -5.39    7.79
   9177.002    70.814    -5.79    7.44
   9464.062    68.634    -7.59    7.47
   9751.139    64.792   -13.38    8.67
  10038.232    60.250   -15.82   10.86
  10325.343    55.081   -18.00   11.60
  10612.471    50.728   -15.16   10.60
  10899.615    47.320   -11.87    9.28
  11186.776    44.371   -10.27    8.26
  11473.955    41.157   -11.19    8.10
  11761.150    38.642    -8.76    7.24
  12048.362    37.424    -4.24    7.11
  12335.591    38.473     3.65    8.09
  12622.837    39.415     3.28    9.36
  12910.100    41.167     6.10   10.68
  13197.379    43.477     8.04   10.75
  13484.676    45.537     7.17   10.03
  13771.990    46.190     2.28   10.50
  14059.320    46.246     0.19   10.46
  14346.668    46.642     1.38   10.29
  14634.032    48.016     4.78    9.42
  14921.414    48.226     0.73    8.47
  15208.812    49.614     4.83    7.38
  15496.227    50.766     4.01    7.15
  15783.659    52.024     4.38    7.36
  16071.109    52.977     3.31    7.49
  16358.575    53.286     1.07    6.88
  16646.058    52.073    -4.22    7.00
  16933.558    50.039    -7.07    8.60
  17221.075    48.156    -6.55    8.68
  17508.609    46.455    -5.91    7.66
  17796.160    47.244     2.74    7.90
  18083.728    49.435     7.62    9.01
  18371.313    53.748    15.00   11.41
  18658.915    57.726    13.83   12.08
  18946.534    62.379    16.18   12.11
  19234.170    66.375    13.89   11.53
  19521.823    68.536     7.51   12.05
  19809.493    70.347     6.29   12.94
  20097.180    70.565     0.76   14.55
  20384.884    71.952     4.82   15.92
  20672.605    73.616     5.78   16.26
  20960.343    75.820     7.66   16.67
  21248.099    79.758    13.68   16.22
  21535.871    84.504    16.49   14.96
  21823.660    88.849    15.10   12.42
  22111.466    93.919    17.62    9.51
  22399.289    95.260     4.66    8.72
  22687.130    94.959    -1.04    8.47
  22974.987    93.164    -6.24   11.39
  23262.861    90.079   -10.72   15.63
  23550.753    87.282    -9.71   17.76
  23838.661    85.705    -5.48   19.49
  24126.587    82.984    -9.45   20.61
  24414.530    79.528   -12.00   21.44
  24702.489    76.744    -9.67   21.68
  24990.466    73.213   -12.26   19.14
  25278.460    71.863    -4.69   16.54
  25566.471    70.528    -4.64   16.20
  25854.499    67.309   -11.17   15.19
  26142.544    66.661    -2.25   16.16
  26430.606    67.528     3.01   16.21
  26718.686    69.355     6.34   17.04
  27006.782    73.969    16.02   20.06
  27294.896    76.952    10.35   22.01
  27583.026    78.460     5.23   23.04
  27871.174    80.531     7.19   23.72
  28159.339    81.439     3.15   22.91
  28447.521    83.040     5.56   23.20
  28735.720    80.123   -10.12   23.11
  29023.936    75.774   -15.09   21.41
  29312.169    73.532    -7.78   19.28
  29600.420    71.269    -7.85   17.83
  29888.687    67.098   -14.47   14.76
  30176.972    66.984    -0.40   16.79
  30465.274    70.602    12.55   21.59
  30753.593    75.951    18.55   25.23
  31041.929    83.148    24.96   26.23
  31330.283    90.736    26.31   28.21
  31618.653    98.435    26.70   27.27
  31907.041   107.126    30.14   23.64
  32193.308   114.270    24.96   22.31
  32478.148   119.574    18.62   20.91
  32763.004   124.888    18.66   18.70
  33047.876   129.618    16.60   17.62
  33332.764   136.108    22.78   16.38
  33617.667   142.220    21.45   13.72
  33902.587   147.976    20.20   10.09
  34187.522   150.094     7.43    8.14
  34472.474   150.016    -0.27    7.66
  34757.441   146.500   -12.34   12.78
  35042.425   139.081   -26.03   19.14
  35327.424   128.977   -35.45   24.23
  35612.439   118.246   -37.65   26.22
  35897.470   107.935   -36.17   25.81
  36182.517    99.023   -31.27   23.22
  36467.581    90.750   -29.02   19.70
  36752.660    86.405   -15.24   17.50
  37037.755    82.785   -12.70   15.68
  37322.866    78.549   -14.86   13.40
  37607.992    78.417    -0.46   13.39
  37893.135    81.024     9.14   17.16
  38178.294    85.315    15.05   20.59
  38463.469    89.944    16.23   22.51
  38748.660    93.298    11.76   23.79
  39033.867    97.178    13.60   24.13
  39319.090   102.911    20.10   22.95
  39604.328   107.873    17.40   24.09
  39889.583   108.108     0.82   24.36
  40174.854   105.782    -8.15   23.65
  40460.141   104.682    -3.86   22.53
  40745.443   104.320    -1.27   19.59
  41030.762   107.516    11.20   19.26
  41316.097   110.703    11.17   23.50
  41601.448   117.331    23.23   27.65
  41886.815   126.876    33.45   28.50
  42172.198   138.171    39.58   23.97
  42457.596   149.661    40.26   15.83
  42743.011   155.899    21.86    7.65
  43028.442   158.960    10.72    4.35
  43313.889   159.391     1.51    4.85
  43599.352   161.772     8.34    5.93
  43884.831   164.935    11.08    8.84
  44170.326   167.977    10.65   10.96
  44455.838   170.815     9.94   10.94
  44741.365   171.872     3.70   11.52
  45026.908   173.317     5.06   12.06
  45312.467   174.352     3.62   12.79
  45598.043   174.244    -0.38   13.12
  45883.634   172.548    -5.94   11.90
  46169.241   170.504    -7.16   10.07
  46454.865   170.389    -0.40    8.84
  46740.505   170.400     0.04    9.15
  47026.160   173.321    10.22   13.73
  47311.832   176.512    11.17   16.32
  47597.520   182.376    20.53   20.09
  47883.224   187.775    18.90   21.32
  48168.944   193.935    21.56   20.36
  48454.680   199.748    20.34   18.87
  48740.432   205.268    19.32   13.39
  49026.201   210.172    17.16   10.97
  49311.985   212.065     6.62    9.64
  49597.786   212.452     1.35    8.29
  49883.602   211.938    -1.80    7.69
  50169.435   210.887    -3.68    7.61
  50455.284   210.016    -3.05    6.84
  50741.149   208.641    -4.81    6.20
  51027.030   206.395    -7.86    6.01
  51312.927   203.605    -9.76    6.08
  51598.841   201.528    -7.26    6.62
  51884.770   199.952    -5.51    6.83
  52170.716   198.388    -5.47    6.90
  52456.677   195.887    -8.74    6.57
  52742.655   193.023   -10.01    6.07
  53028.649   190.416    -9.12    5.69
  53314.660   188.492    -6.73    5.85
  53600.686   187.612    -3.07    6.91
  53886.728   187.944     1.16    6.59
  54172.787   189.527     5.53    8.06
  54458.862   191.659     7.45    9.85
  54744.953   194.847    11.14   11.71
  55031.060   200.346    19.22   14.12
  55317.183   206.000    19.76   15.71
  55603.323   213.872    27.51   14.80
  55889.478   219.953    21.25   12.89
  56175.650   225.879    20.71   11.18
  56461.838   230.528    16.24    9.47
  56748.043   235.163    16.20    8.27
  57034.263   238.008     9.94    7.57
  57320.500   240.202     7.66    7.07
  57606.752   242.726     8.82    7.03
  57893.022   243.992     4.42    6.24
  58179.307   244.968     3.41    5.55
  58465.608   244.805    -0.57    6.56
  58751.926   243.318    -5.19    8.18
  59038.260   240.664    -9.27    9.66
  59324.610   236.713   -13.80   11.39
  59610.976   231.119   -19.54   11.63
  59897.359   228.169   -10.30   10.53
  60183.757   227.016    -4.03   10.27
  60470.172   226.581    -1.52   10.47
  60756.603   227.756     4.10   11.55
  61043.051   229.635     6.56   12.36
  61329.515   232.902    11.41   11.48
  61615.995   234.188     4.49   10.08
  61902.491   235.610     4.96    9.12
  62189.003   234.641    -3.38    9.93
  62475.532   233.540    -3.84   10.87
  62762.077   231.944    -5.57   11.01
  63048.638   230.672    -4.44    9.57
  63335.215   228.912    -6.14    8.68
  63621.809   227.614    -4.53    8.87
  63908.419   227.894     0.98    8.68
  64195.046   229.685     6.25    9.65
  64481.688   231.977     7.99   10.85
  64768.347   234.770     9.75   11.82
  65055.022   237.815    10.62   11.89
  65341.714   241.961    14.46   11.40
  65628.421   247.282    18.56   10.70
  65915.145   253.078    20.21   10.90
  66201.886   257.992    17.14   10.73
  66488.642   262.238    14.81    9.67
  66775.415   264.636     8.36    8.60
  67062.204   264.976     1.19    6.95
  67349.010   265.435     1.60    6.49
  67635.832   266.230     2.77    6.65
  67922.670   265.887    -1.20    7.01
  68209.524   265.695    -0.67    8.53
  68496.395   265.416    -0.97    8.76
  68783.282   264.795    -2.16    9.88
  69070.186   263.382    -4.93   10.34
  69357.106   261.984    -4.87   11.32
  69644.042   260.039    -6.78   11.98
  69930.994   258.540    -5.22   13.60
  70217.963   254.230   -15.02   14.57
  70504.948   250.094   -14.41   15.23
  70791.950   244.621   -19.07   13.02
  71078.968   241.984    -9.19   12.36
  71366.002   239.211    -9.66   11.28
  71653.052   238.072    -3.97   10.68
  71940.119   239.364     4.50   12.31
  72227.203   241.677     8.06   14.02
  72514.302   246.603    17.16   15.28
  72801.419   251.328    16.46   14.98
  73088.551   255.192    13.46   12.13
  73375.700   255.443     0.87   10.41
  73662.865   252.704    -9.54   13.93
  73950.047   245.197   -26.14   20.10
  74237.245   232.779   -43.24   26.97
  74524.459   217.936   -51.68   30.20
  74811.690   202.062   -55.27   30.00
  75098.937   188.585   -46.92   27.19
  75386.201   175.688   -44.90   21.43
  75673.481   166.930   -30.49   15.15
  75960.777   160.653   -21.85    9.68
  76248.090   155.047   -19.51    7.97
  76535.420   151.400   -12.69    7.85
  76822.765   147.726   -12.79    8.39
  77110.127   146.685    -3.62    8.07
  77397.506   146.913     0.79    9.28
  77684.901   149.748     9.87   12.34
  77972.312   153.592    13.37   15.18
  78259.740   160.976    25.69   17.53
  78547.185   168.138    24.92   18.45
  78834.645   176.944    30.63   18.36
  79122.123   185.445    29.57   19.17
  79409.616   195.217    33.99   21.62
  79697.126   204.864    33.55   24.05
  79984.653   214.876    34.82   27.27
  80272.196   222.000    24.78   26.79
  80559.755   229.714    26.83   28.85
  80847.331   232.140     8.43   29.86
  81134.924   233.823     5.85   29.28
  81422.533   231.422    -8.35   28.59
  81710.158   228.683    -9.52   26.17
  81997.800   225.183   -12.17   21.90
  82285.459   220.469   -16.39   17.27
  82573.134   217.218   -11.30   11.93
  82860.825   215.859    -4.72    9.41
  83148.533   216.437     2.01    9.92
  83436.257   219.268     9.84   10.80
  83723.998   222.031     9.60   12.87
  84011.755   224.408     8.26   13.13
  84299.529   226.736     8.09   13.59
  84587.320   229.492     9.58   13.98
  84875.127   232.935    11.96   13.33
  85162.950   236.527    12.48   15.21
  85450.790   241.320    16.65   16.08
  85738.647   248.397    24.59   18.37
  86026.520   256.566    28.38   19.72
  86314.409   264.256    26.71   18.21
  86602.316   270.477    21.61   15.37
  86890.238   272.442     6.83   12.09
  87178.177   270.976    -5.09   11.85
  87466.133   266.146   -16.77   13.85
  87754.106   260.161   -20.78   16.84
  88042.094   251.504   -30.06   18.24
  88330.100   242.853   -30.04   17.38
  88618.122   236.194   -23.12   14.65
  88906.160   231.000   -18.03   11.77
  89194.216   227.952   -10.58   10.20
  89482.287   227.383    -1.98   11.02
  89770.376   228.579     4.15   13.05
  90058.480   229.774     4.15   13.75
  90346.602   231.488     5.95   15.22
  90634.740   233.016     5.30   16.49
  90922.895   236.411    11.78   17.58
  91211.066   239.116     9.39   19.31
  91499.254   243.360    14.73   18.24
  91787.458   246.553    11.08   19.02
  92075.679   248.953     8.33   19.92
  92363.917   251.048     7.27   21.35
  92652.171   252.237     4.13   23.50
  92940.442   251.688    -1.90   24.02
  93228.729   250.484    -4.18   24.33
  93517.034   245.794   -16.27   26.92
  93805.354   240.472   -18.46   27.42
  94091.344   234.115   -22.23   26.26
  94376.243   226.468   -26.84   24.18
  94661.156   220.617   -20.54   20.77
  94946.086   214.769   -20.53   18.65
  95231.030   209.984   -16.79   15.77
  95515.990   207.480    -8.79   13.40
  95800.965   204.613   -10.06   12.12
  96085.956   203.434    -4.14   11.58
  96370.962   200.937    -8.76   10.51
  96655.984   201.016     0.28    8.80
  96941.021   202.333     4.62    9.31
  97226.073   205.129     9.81   11.00
  97511.141   207.868     9.61   12.93
  97796.225   208.659     2.77   14.36
  98081.323   207.754    -3.17   16.11
  98366.438   206.534    -4.28   17.22
  98651.567   203.368   -11.11   17.29
  98936.712   201.938    -5.02   16.40
  99221.873   200.464    -5.17   14.70
  99507.049   204.286    13.40   17.23
  99792.241   211.984    27.00   20.87
 100077.447   223.040    38.76   22.69
 100362.670   234.055    38.62   23.75
 100647.908   246.573    43.89   21.13
 100933.161   256.209    33.78   18.25
 101218.430   263.306    24.88   15.00
 101503.714   270.416    24.92   11.26
 101789.014   273.953    12.40    8.64
 102074.329   277.142    11.18    6.61
 102359.660   278.748     5.63    5.44
 102645.006   279.056     1.08    5.85
 102930.368   277.783    -4.46    7.30
 103215.745   274.785   -10.51    8.72
 103501.138   271.081   -12.98    9.27
 103786.546   268.046   -10.63    9.69
 104071.970   263.512   -15.89   10.49
 104357.409   257.000   -22.81   12.71
 104642.864   249.767   -25.34   16.90
 104928.334   243.857   -20.70   18.74
 105213.820   239.295   -15.98   17.46
 105499.321   236.823    -8.66   15.73
 105784.838   236.450    -1.31   15.87
 106070.370   241.492    17.66   19.57
 106355.918   249.357    27.54   21.38
 106641.482   259.080    34.05   19.51
 106927.061   268.528    33.09   18.16
 107212.655   276.705    28.63   16.23
 107498.265   285.688    31.45   14.83
 107783.891   294.746    31.71   16.53
 108069.532   304.047    32.56   19.08
 108355.188   313.608    33.47   19.14
 108640.861   323.397    34.27   18.01
 108926.548   330.803    25.93   15.91
 109212.252   337.341    22.88   11.81
 109497.971   340.881    12.39    9.52
 109783.705   342.484     5.61    8.81
 110069.455   342.516     0.11    8.98
 110355.221   341.282    -4.32   11.06
 110641.002   335.734   -19.41   15.79
 110926.799   328.786   -24.31   20.48
 111212.611   318.760   -35.08   24.12
 111498.439   306.632   -42.43   26.77
 111784.282   294.831   -41.29   23.59
 112070.142   286.523   -29.06   18.05
 112356.016   280.961   -19.46   11.40
 112641.907   280.030    -3.26    9.34
 112927.812   281.953     6.73    8.39
 113213.734   285.889    13.77    7.76
 113499.671   289.076    11.15    7.55
 113785.624   291.865     9.75    7.27
 114071.592   296.115    14.86    9.51
 114357.576   301.619    19.25   13.00
 114643.576   309.079    26.08   15.32
 114929.591   316.173    24.80   16.87
 115215.622   324.587    29.42   18.68
 115501.668   334.992    36.38   19.19
 115787.730   343.935    31.26   18.57
 116073.808   352.512    29.98   17.00
 116359.901   358.147    19.70   14.90
 116646.010   362.360    14.72   12.92
 116932.135   365.688    11.63   12.13
 117218.275   368.097     8.42   11.66
 117504.431   368.432     1.17   11.25
 117790.603   367.373    -3.70   11.50
 118076.790   366.506    -3.03   11.79
 118362.993   368.160     5.78   10.45
