-172869.089    83.618     0.00    2.46
-172583.922    83.451    -0.58    2.36
-172298.770    83.414    -0.13    2.26
-172013.632    83.262    -0.54    1.96
-171728.509    83.444     0.64    1.76
-171443.400    83.511     0.23    1.79
-171158.305    83.594     0.29    1.69
-170873.225    83.921     1.15    1.77
-170588.160    84.021     0.35    2.07
-170303.109    84.305     1.00    2.16
-170018.072    84.495     0.66    2.23
-169733.050    84.729     0.82    2.11
-169447.402    84.885     0.55    2.06
-169159.167    85.106     0.77    1.92
-168870.947    85.320     0.74    1.75
-168582.744    85.822     1.74    1.83
-168294.556    86.312     1.70    1.90
-168006.383    87.160     2.94    2.48
-167718.226    88.050     3.09    3.00
-167430.085    89.625     5.47    3.74
-167141.959    90.922     4.50    3.73
-166853.849    91.694     2.68    3.33
-166565.754    92.106     1.43    2.95
-166277.675    91.712    -1.37    3.18
-165989.612    90.822    -3.09    3.70
-165701.564    89.657    -4.04    3.81
-165413.532    88.526    -3.93    3.65
-165125.515    87.673    -2.96    3.26
-164837.514    87.333    -1.18    2.96
-164549.529    87.454     0.42    3.20
-164261.559    87.970     1.79    3.21
-163973.605    88.289     1.11    2.83
-163685.666    88.538     0.86    2.40
-163397.743    88.517    -0.07    2.59
-163109.835    87.846    -2.33    2.95
-162821.943    86.935    -3.16    3.17
-162534.067    85.774    -4.04    3.39
-162246.206    84.482    -4.49    3.98
-161958.360    83.028    -5.05    4.71
-161670.530    81.026    -6.96    5.16
-161382.716    79.346    -5.84    4.82
-161094.917    77.844    -5.22    4.47
-160807.134    76.594    -4.35    3.72
-160519.366    74.956    -5.69    3.48
-160231.614    73.513    -5.02    4.11
-159943.877    71.556    -6.80    5.01
-159656.156    69.102    -8.53    5.80
-159368.451    66.494    -9.07    5.60
-159080.760    63.680    -9.78    4.94
-158793.086    61.086    -9.02    4.58
-158505.427    58.418    -9.28    4.84
-158217.783    55.900    -8.75    5.35
-157930.155    52.979   -10.16    6.39
-157642.543    49.983   -10.42    7.68
-157354.946    46.055   -13.66    7.60
-157067.364    42.036   -13.98    6.71
-156779.798    39.094   -10.23    5.84
-156492.247    36.556    -8.83    4.54
-156204.712    34.698    -6.46    3.67
-155917.193    33.354    -4.67    3.35
-155629.688    33.295    -0.21    3.85
-155342.200    32.907    -1.35    3.96
-155054.727    32.063    -2.94    4.31
-154767.269    30.530    -5.33    5.08
-154479.827    28.300    -7.76    6.22
-154192.400    25.954    -8.16    6.59
-153904.989    23.525    -8.45    6.46
-153617.593    20.711    -9.79    5.65
-153330.212    17.395   -11.54    5.57
-153042.847    14.648    -9.56    5.46
-152755.498    12.327    -8.08    5.24
-152468.164    10.433    -6.59    4.90
-152180.845     9.372    -3.69    4.09
-151893.542    11.145     6.17    7.44
-151606.254    15.813    16.25   11.99
-151318.982    21.872    21.09   14.59
-151031.725    27.373    19.15   14.71
-150744.484    33.489    21.29   12.73
-150457.258    38.695    18.13    8.77
-150170.047    41.499     9.76    6.17
-149882.852    43.315     6.32    5.17
-149595.672    45.016     5.92    4.46
-149308.508    46.826     6.30    4.27
-149021.359    47.895     3.72    3.70
-148734.225    49.022     3.93    3.28
-148447.107    50.411     4.84    3.22
-148160.004    51.657     4.34    3.00
-147872.917    52.641     3.43    2.90
-147585.845    53.311     2.33    2.72
-147298.789    54.002     2.41    2.76
-147011.748    54.908     3.16    2.72
-146724.722    55.783     3.05    2.38
-146437.711    56.465     2.38    2.56
-146150.716    57.122     2.29    2.33
-145863.737    57.470     1.22    2.19
-145576.773    57.587     0.41    1.85
-145289.824    57.626     0.14    1.92
-145002.890    57.519    -0.37    1.91
-144715.972    57.208    -1.08    1.94
-144429.069    56.933    -0.96    2.05
-144142.182    56.397    -1.87    1.96
-143855.310    55.800    -2.08    1.89
-143568.453    55.354    -1.56    1.83
-143281.612    55.153    -0.70    2.19
-142994.786    54.337    -2.84    2.51
-142707.975    53.173    -4.06    3.56
-142421.180    51.610    -5.45    4.48
-142134.400    49.696    -6.68    5.29
-141847.635    47.006    -9.38    6.19
-141560.886    44.037   -10.35    6.11
-141274.152    40.758   -11.44    5.72
-140987.433    38.160    -9.06    5.25
-140700.730    35.903    -7.87    4.42
-140414.042    33.571    -8.13    4.11
-140127.369    31.897    -5.84    3.55
-139840.712    30.925    -3.39    3.54
-139554.070    30.383    -1.89    3.44
-139267.443    30.311    -0.25    3.48
-138980.831    30.436     0.44    3.55
-138694.235    31.129     2.42    3.20
-138407.654    31.914     2.74    2.53
-138121.089    32.204     1.01    2.16
-137834.538    31.745    -1.60    1.82
-137548.003    31.221    -1.83    1.53
-137261.484    31.047    -0.61    1.45
-136974.979    31.060     0.05    1.58
-136688.490    30.848    -0.74    1.55
-136402.016    31.055     0.72    1.68
-136115.558    31.234     0.63    1.85
-135829.114    31.523     1.01    2.09
-135542.686    31.890     1.28    2.12
-135256.274    31.895     0.02    2.05
-134969.876    32.346     1.57    2.05
-134683.494    32.507     0.56    1.91
-134397.127    32.531     0.08    2.01
-134110.775    32.274    -0.90    2.02
-133824.439    32.059    -0.75    1.93
-133538.117    32.251     0.67    2.03
-133251.811    32.311     0.21    2.09
-132965.521    32.509     0.69    2.05
-132679.245    32.975     1.63    1.90
-132392.985    33.383     1.43    1.76
-132106.740    33.688     1.06    1.76
-131820.510    33.946     0.90    1.73
-131534.295    33.866    -0.28    1.65
-131248.096    33.898     0.11    1.60
-130961.912    33.897    -0.00    1.71
-130675.743    33.788    -0.38    1.61
-130389.589    33.571    -0.76    1.66
-130103.451    33.008    -1.97    1.69
-129817.327    32.282    -2.54    2.21
-129531.219    31.587    -2.43    2.90
-129245.126    30.736    -2.98    3.10
-128959.049    30.095    -2.24    2.95
-128672.986    29.713    -1.34    2.81
-128386.939    29.610    -0.36    2.53
-128100.907    29.336    -0.96    2.60
-127814.890    29.274    -0.22    2.64
-127528.888    28.763    -1.79    2.68
-127242.902    27.967    -2.78    3.35
-126956.930    27.031    -3.27    4.32
-126670.974    25.796    -4.32    4.99
-126385.033    24.696    -3.85    5.10
-126099.107    23.330    -4.78    5.15
-125813.197    22.443    -3.10    5.01
-125527.301    22.160    -0.99    4.83
-125241.421    22.374     0.75    4.85
-124955.556    22.416     0.15    6.29
-124669.706    23.313     3.14    6.73
-124383.871    24.006     2.43    6.92
-124098.051    25.110     3.86    7.10
-123812.246    26.118     3.53    6.81
-123526.457    27.549     5.01    6.25
-123240.683    28.682     3.96    5.97
-122954.924    28.872     0.66    5.79
-122669.180    29.000     0.45    5.55
-122383.451    28.039    -3.36    6.25
-122097.737    27.305    -2.57    6.57
-121812.038    26.298    -3.53    6.54
-121526.355    25.141    -4.05    6.31
-121240.686    24.730    -1.44    5.77
-120955.033    24.422    -1.08    5.26
-120669.395    25.032     2.13    4.95
-120383.772    26.436     4.92    4.80
-120098.164    27.416     3.43    4.60
-119812.571    28.314     3.14    4.52
-119526.994    28.808     1.73    4.26
-119241.431    29.114     1.07    3.87
-118955.883    29.204     0.32    3.40
-118670.351    29.181    -0.08    3.03
-118384.834    29.237     0.19    2.74
-118099.332    29.246     0.03    2.63
-117813.844    29.547     1.06    2.75
-117528.372    29.831     1.00    2.98
-117242.915    30.356     1.84    3.33
-116957.473    31.091     2.58    3.21
-116672.047    32.586     5.24    3.73
-116386.635    34.224     5.74    4.30
-116101.238    35.603     4.83    4.34
-115815.856    36.594     3.47    3.99
-115530.490    37.549     3.35    3.68
-115245.138    38.221     2.35    3.34
-114959.802    38.455     0.82    3.18
-114674.481    38.271    -0.64    3.01
-114389.174    38.169    -0.36    2.96
-114103.883    38.125    -0.15    2.84
-113818.607    38.066    -0.21    2.82
-113533.345    38.114     0.17    2.45
-113248.099    38.142     0.10    2.24
-112962.868    38.028    -0.40    2.33
-112677.652    37.030    -3.50    2.93
-112392.451    36.618    -1.45    2.97
-112107.265    36.745     0.45    3.24
-111822.094    36.858     0.40    3.33
-111536.938    37.002     0.51    3.40
-111251.797    36.940    -0.22    3.53
-110966.671    37.007     0.23    3.52
-110681.560    37.472     1.63    3.51
-110396.464    37.943     1.65    3.37
-110111.383    37.788    -0.54    3.24
-109826.317    37.713    -0.26    3.51
-109541.266    37.931     0.76    3.50
-109256.230    37.988     0.20    3.53
-108971.209    37.885    -0.36    3.42
-108686.203    37.895     0.04    3.20
-108401.212    38.469     2.01    3.15
-108116.236    38.875     1.42    3.13
-107831.275    38.988     0.39    3.34
-107545.330    38.741    -0.86    3.89
-107257.029    38.618    -0.43    3.82
-106968.744    38.352    -0.92    3.96
-106680.476    37.842    -1.77    3.84
-106392.223    37.030    -2.82    4.42
-106103.987    36.222    -2.80    4.69
-105815.767    35.811    -1.43    4.79
-105527.563    35.114    -2.42    5.23
-105239.375    33.336    -6.17    6.43
-104951.204    32.014    -4.59    7.11
-104663.048    30.695    -4.58    7.31
-104374.909    29.843    -2.95    7.53
-104086.786    28.532    -4.55    7.15
-103798.679    27.381    -3.99    6.71
-103510.589    27.118    -0.92    6.24
-103222.514    27.157     0.14    5.64
-102934.456    27.634     1.66    5.60
-102646.413    27.852     0.76    5.17
-102358.387    27.759    -0.32    4.96
-102070.377    27.779     0.07    4.47
-101782.383    26.610    -4.06    5.45
-101494.406    24.903    -5.93    5.58
-101206.444    23.664    -4.30    5.00
-100918.498    22.538    -3.91    4.36
-100630.569    21.602    -3.25    3.69
-100342.656    20.370    -4.28    2.88
-100054.759    20.014    -1.23    3.02
 -99766.878    19.579    -1.51    3.18
 -99479.013    19.205    -1.30    3.23
 -99191.164    17.991    -4.22    3.48
 -98903.331    16.918    -3.73    3.86
 -98615.514    15.922    -3.46    3.78
 -98327.714    14.889    -3.59    4.02
 -98039.929    13.906    -3.42    3.88
 -97752.161    12.988    -3.19    3.34
 -97464.409    12.618    -1.29    3.47
 -97176.673    11.880    -2.57    4.35
 -96888.953    10.186    -5.89    6.24
 -96601.249     9.919    -0.93    7.07
 -96313.561     9.745    -0.61    7.90
 -96025.889    10.133     1.35    8.17
 -95738.233    11.034     3.13    8.48
 -95450.593    12.427     4.84    8.72
 -95162.969    15.514    10.74    7.34
 -94875.362    18.824    11.51    5.14
 -94587.770    20.163     4.66    5.26
 -94300.194    20.759     2.07    5.34
 -94012.635    21.819     3.69    4.84
 -93725.091    23.029     4.21    3.64
 -93437.564    23.862     2.90    3.65
 -93150.053    24.141     0.97    3.68
 -92862.557    24.778     2.22    3.98
 -92575.078    25.401     2.17    3.74
 -92287.615    25.610     0.73    3.64
 -92000.167    25.822     0.74    3.54
 -91712.736    25.587    -0.82    3.58
 -91425.321    25.513    -0.26    3.41
 -91137.921    25.352    -0.56    3.14
 -90850.538    25.094    -0.90    2.88
 -90563.171    24.904    -0.66    2.96
 -90275.820    25.074     0.59    2.79
 -89988.485    25.755     2.37    3.18
 -89701.165    26.076     1.12    3.15
 -89413.862    26.358     0.98    3.19
 -89126.575    26.837     1.67    3.28
 -88839.303    27.051     0.74    3.26
 -88552.048    27.348     1.03    3.22
 -88264.809    27.424     0.26    3.52
 -87977.586    27.994     1.98    3.78
 -87690.378    28.054     0.21    3.69
 -87403.187    28.602     1.91    3.85
 -87116.011    29.137     1.86    3.98
 -86828.852    30.312     4.09    3.95
 -86541.708    31.411     3.83    4.01
 -86254.581    32.218     2.81    4.25
 -85967.469    33.102     3.08    4.03
 -85680.374    33.150     0.17    4.59
 -85393.294    32.297    -2.97    5.69
 -85106.230    32.303     0.02    5.97
 -84819.182    31.230    -3.74    6.39
 -84532.151    31.024    -0.72    6.37
 -84245.135    30.570    -1.58    6.82
 -83958.135    30.664     0.33    7.25
 -83671.151    31.513     2.96    6.96
 -83384.182    31.985     1.64    6.58
 -83097.230    31.858    -0.44    6.67
 -82810.294    31.051    -2.81    7.11
 -82523.374    29.974    -3.75    7.40
 -82236.469    28.553    -4.95    7.63
 -81949.580    27.090    -5.10    7.42
 -81662.708    25.260    -6.38    7.17
 -81375.851    24.269    -3.46    6.62
 -81089.010    24.570     1.05    6.11
 -80802.185    24.578     0.03    5.30
 -80515.376    24.733     0.54    4.81
 -80228.583    24.642    -0.32    4.33
 -79941.806    25.478     2.92    4.50
 -79655.044    26.664     4.14    4.44
 -79368.299    27.856     4.15    4.47
 -79081.569    29.106     4.36    4.00
 -78794.855    30.106     3.49    3.41
 -78508.157    30.300     0.68    4.32
 -78221.475    30.779     1.67    4.55
 -77934.809    30.498    -0.98    4.87
 -77648.159    30.091    -1.42    4.94
 -77361.524    29.482    -2.13    4.56
 -77074.906    29.042    -1.54    4.27
 -76788.303    28.325    -2.50    4.06
 -76501.716    27.594    -2.55    3.33
 -76215.145    27.284    -1.08    2.91
 -75928.590    26.924    -1.26    2.44
 -75642.050    27.066     0.50    2.28
 -75355.527    27.204     0.48    2.32
 -75069.019    27.506     1.06    2.51
 -74782.527    27.602     0.33    2.71
 -74496.051    27.682     0.28    2.80
 -74209.591    27.990     1.07    2.89
 -73923.146    28.154     0.57    2.93
 -73636.718    28.292     0.48    2.98
 -73350.305    28.742     1.57    3.07
 -73063.908    28.877     0.47    2.93
 -72777.527    29.071     0.68    2.87
 -72491.162    29.876     2.81    2.65
 -72204.812    30.383     1.77    2.62
 -71918.478    30.557     0.61    2.96
 -71632.160    31.522     3.37    3.41
 -71345.858    32.587     3.72    3.76
 -71059.572    33.078     1.72    3.61
 -70773.301    32.959    -0.42    3.67
 -70487.046    33.087     0.45    3.68
 -70200.807    32.854    -0.82    3.37
 -69914.584    32.672    -0.64    3.19
 -69628.376    31.876    -2.78    2.87
 -69342.185    31.705    -0.60    2.54
 -69056.009    32.720     3.55    3.14
 -68769.848    33.537     2.86    3.40
 -68483.704    33.539     0.01    3.41
 -68197.575    33.754     0.75    3.42
 -67911.462    34.471     2.51    3.38
 -67625.365    35.213     2.59    3.34
 -67339.284    35.816     2.11    3.43
 -67053.218    36.028     0.74    3.24
 -66767.168    36.205     0.62    3.16
 -66481.134    36.205     0.00    3.09
 -66195.115    36.451     0.86    3.06
 -65909.112    36.850     1.39    3.91
 -65623.125    37.171     1.12    3.96
 -65337.154    37.268     0.34    4.00
 -65051.198    38.129     3.01    4.10
 -64765.258    38.762     2.21    3.77
 -64479.334    37.848    -3.20    4.86
 -64193.426    36.287    -5.46    5.78
 -63907.533    35.130    -4.05    6.15
 -63621.656    34.141    -3.46    6.07
 -63335.795    33.158    -3.44    5.78
 -63049.949    32.370    -2.76    4.95
 -62764.119    32.130    -0.84    4.86
 -62478.305    33.432     4.56    4.37
 -62192.506    33.579     0.51    4.04
 -61906.723    32.786    -2.78    4.92
 -61620.956    31.069    -6.01    5.80
 -61335.205    29.618    -5.08    6.06
 -61049.469    28.050    -5.49    5.75
 -60763.749    26.656    -4.88    4.61
 -60478.044    25.442    -4.25    3.87
 -60192.355    24.813    -2.20    3.11
 -59906.682    25.133     1.12    3.14
 -59621.025    25.545     1.44    2.92
 -59335.383    26.002     1.60    3.31
 -59049.757    27.146     4.00    3.91
 -58764.146    28.352     4.22    4.71
 -58478.551    29.178     2.89    4.73
 -58192.972    30.507     4.66    5.10
 -57907.409    31.967     5.11    4.49
 -57621.861    32.610     2.25    4.03
 -57336.328    32.269    -1.19    5.26
 -57050.812    31.330    -3.29    6.01
 -56765.311    30.239    -3.82    6.16
 -56479.825    29.003    -4.33    6.01
 -56194.355    27.911    -3.83    5.08
 -55908.901    27.282    -2.21    4.47
 -55623.463    27.386     0.36    4.27
 -55338.040    27.454     0.24    4.20
 -55052.632    27.331    -0.43    4.05
 -54767.241    26.876    -1.59    3.34
 -54481.864    26.433    -1.55    3.45
 -54196.504    25.351    -3.79    2.34
 -53911.159    24.618    -2.57    1.95
 -53625.830    23.834    -2.75    1.80
 -53340.516    23.696    -0.48    3.10
 -53055.218    23.253    -1.56    3.48
 -52769.935    22.440    -2.85    3.64
 -52484.668    22.036    -1.42    3.55
 -52199.417    21.408    -2.20    3.22
 -51914.181    20.695    -2.50    2.69
 -51628.961    20.211    -1.70    2.66
 -51343.756    20.002    -0.74    2.87
 -51058.567    19.938    -0.22    3.21
 -50773.393    19.602    -1.18    3.21
 -50488.235    19.721     0.42    3.43
 -50203.093    20.090     1.30    3.38
 -49917.966    20.946     3.00    3.04
 -49632.855    21.463     1.81    2.83
 -49347.759    22.327     3.03    3.00
 -49062.679    23.672     4.72    3.03
 -48777.614    24.864     4.18    2.59
 -48492.565    25.792     3.26    2.27
 -48207.531    26.360     1.99    2.00
 -47922.513    26.935     2.02    1.82
 -47637.511    27.571     2.23    1.81
 -47352.524    28.021     1.58    1.80
 -47067.552    29.397     4.83    3.68
 -46782.596    30.864     5.15    4.47
 -46497.656    31.842     3.43    4.38
 -46212.731    32.246     1.42    3.98
 -45927.822    32.618     1.31    3.77
 -45641.529    32.850     0.81    3.28
 -45353.166    33.110     0.90    2.62
 -45064.819    33.450     1.18    2.02
 -44776.489    33.883     1.50    1.90
 -44488.176    34.450     1.96    1.78
 -44199.879    34.783     1.16    1.96
 -43911.600    35.350     1.97    2.14
 -43623.337    36.029     2.36    2.57
 -43335.090    36.524     1.72    2.85
 -43046.861    37.070     1.89    2.89
 -42758.648    37.861     2.75    2.88
 -42470.452    38.478     2.14    2.78
 -42182.272    39.034     1.93    2.97
 -41894.109    39.315     0.98    3.06
 -41605.963    39.547     0.81    3.07
 -41317.834    39.940     1.36    3.06
 -41029.721    40.594     2.27    3.13
 -40741.625    40.850     0.89    2.85
 -40453.546    40.935     0.30    2.59
 -40165.483    40.610    -1.13    2.12
 -39877.437    40.134    -1.65    1.69
 -39589.408    39.832    -1.05    1.62
 -39301.395    39.656    -0.61    1.50
 -39013.399    39.634    -0.08    1.49
 -38725.420    39.681     0.16    1.52
 -38437.458    39.708     0.09    1.51
 -38149.512    39.771     0.22    1.54
 -37861.582    39.734    -0.13    1.51
 -37573.670    39.521    -0.74    1.33
 -37285.774    39.227    -1.02    1.24
 -36997.894    38.818    -1.42    1.16
 -36710.032    38.478    -1.18    1.24
 -36422.186    38.133    -1.20    1.27
 -36134.356    37.690    -1.54    1.29
 -35846.543    37.421    -0.94    1.32
 -35558.747    37.474     0.18    1.48
 -35270.968    37.722     0.86    1.78
 -34983.205    37.847     0.43    1.84
 -34695.458    37.908     0.21    1.90
 -34407.729    37.649    -0.90    2.40
 -34120.016    37.083    -1.97    2.88
 -33832.319    36.442    -2.23    3.07
 -33544.639    35.219    -4.25    3.48
 -33256.976    33.680    -5.35    4.91
 -32969.329    31.666    -7.00    6.23
 -32681.699    29.935    -6.02    7.55
 -32394.086    27.335    -9.04    9.09
 -32106.489    24.364   -10.33   10.66
 -31818.908    21.219   -10.93   11.80
 -31531.345    17.214   -13.93   11.77
 -31243.797    14.492    -9.47   11.90
 -30956.267    12.450    -7.10   11.52
 -30668.753    10.271    -7.58   10.13
 -30381.255     7.641    -9.15    6.16
 -30093.774     6.162    -5.15    3.60
 -29806.310     5.976    -0.64    3.80
 -29518.862     5.554    -1.47    3.53
 -29231.431     5.610     0.19    3.05
 -28944.016     5.984     1.30    2.93
 -28656.618     6.562     2.01    2.90
 -28369.236     7.334     2.69    2.78
 -28081.871     7.762     1.49    2.47
 -27794.523     7.634    -0.44    2.59
 -27507.191     7.067    -1.97    2.70
 -27219.875     6.659    -1.42    2.76
 -26932.576     6.424    -0.82    2.86
 -26645.294     6.222    -0.70    2.78
 -26358.028     6.440     0.76    2.77
 -26070.779     6.657     0.75    2.70
 -25783.546     7.114     1.59    2.83
 -25496.329     7.198     0.29    2.48
 -25209.129     7.704     1.76    2.85
 -24921.946     8.274     1.99    3.45
 -24634.779     9.133     2.99    4.44
 -24347.629    10.321     4.14    5.08
 -24060.495    12.037     5.98    5.17
 -23773.377    13.687     5.75    5.11
 -23486.276    15.898     7.70    4.89
 -23199.192    17.330     4.99    4.75
 -22912.124    17.912     2.03    5.09
 -22625.072    18.626     2.49    5.61
 -22338.037    19.173     1.91    6.15
 -22051.019    20.121     3.30    7.05
 -21764.017    20.506     1.34    8.54
 -21477.031    20.719     0.74    9.51
 -21190.062    20.916     0.69   10.63
 -20903.109    20.289    -2.18   11.56
 -20616.173    19.553    -2.57   12.19
 -20329.253    18.230    -4.61   12.76
 -20042.349    16.687    -5.38   13.24
 -19755.462    15.311    -4.80   13.10
 -19468.592    14.452    -2.99   12.59
 -19181.738    13.321    -3.94   12.11
 -18894.900    12.916    -1.41   12.81
 -18608.079    12.680    -0.82   13.42
 -18321.274    11.586    -3.81   14.28
 -18034.485    11.255    -1.16   15.37
 -17747.713    10.258    -3.47   15.70
 -17460.958     7.835    -8.45   14.68
 -17174.219     5.930    -6.65   12.87
 -16887.496     4.090    -6.42   10.87
 -16600.789     2.327    -6.15    8.10
 -16314.099     0.263    -7.20    3.43
 -16027.426    -0.245    -1.77    1.22
 -15740.769    -0.367    -0.42    0.12
 -15454.128    -0.241     0.44    1.26
 -15167.503    -0.236     0.02    1.28
 -14880.895    -0.344    -0.38    0.23
 -14594.304    -0.374    -0.11    0.09
 -14307.728    -0.382    -0.03    0.00
 -14021.169    -0.382     0.00    0.00
 -13734.627    -0.382     0.00    0.00
 -13448.100    -0.382     0.00    0.00
 -13161.591    -0.367     0.05    0.18
 -12875.097    -0.350     0.06    0.22
 -12588.620     0.185     1.87    3.40
 -12302.159     0.512     1.14    4.43
 -12015.715     1.447     3.26    6.25
 -11729.287     2.682     4.31    9.00
 -11442.875     5.529     9.94   14.13
 -11156.479     7.478     6.81   15.94
 -10870.100     9.593     7.39   17.45
 -10583.738    10.938     4.69   17.70
 -10297.391    14.044    10.85   19.74
 -10011.061    15.553     5.27   20.35
  -9724.747    19.106    12.41   23.16
  -9438.450    24.258    17.99   26.65
  -9152.169    29.626    18.75   28.93
  -8865.904    33.988    15.24   30.06
  -8579.655    38.730    16.57   31.30
  -8293.423    40.844     7.38   31.45
  -8007.207    41.927     3.78   31.19
  -7721.007    44.325     8.38   31.66
  -7434.824    47.532    11.21   32.12
  -7148.657    51.497    13.85   32.25
  -6862.506    53.289     6.27   32.77
  -6576.371    55.036     6.10   31.96
  -6290.253    57.850     9.83   30.81
  -6004.151    61.641    13.25   30.17
  -5718.066    66.073    15.49   27.71
  -5431.996    67.674     5.60   26.43
  -5145.943    69.711     7.12   24.63
  -4859.906    73.956    14.84   21.08
  -4573.886    77.321    11.76   20.12
  -4287.881    78.843     5.32   19.68
  -4001.893    77.544    -4.54   21.83
  -3715.921    74.672   -10.04   25.91
  -3429.966    71.045   -12.68   29.32
  -3144.026    63.395   -26.76   34.01
  -2858.103    55.980   -25.93   35.50
  -2572.196    48.424   -26.43   36.30
  -2286.305    41.323   -24.84   36.84
  -2000.431    34.788   -22.86   36.37
  -1714.573    26.577   -28.72   34.35
  -1428.731    18.881   -26.92   31.11
  -1142.905    10.916   -27.87   24.81
   -857.095     6.232   -16.39   19.26
   -571.302     1.106   -17.94    7.23
   -285.525     0.397    -2.48    2.40
      0.236     1.610     4.24    5.72
    285.981     3.497     6.60    8.91
    571.709     5.555     7.20   11.35
    857.422     7.226     5.85   12.77
   1143.118     8.910     5.90   14.21
   1428.798    10.618     5.98   15.16
   1714.462    11.497     3.08   15.23
   2000.109    12.561     3.73   14.87
   2285.741    14.451     6.62   15.07
   2571.356    15.870     4.97   14.33
   2856.955    19.885    14.06   15.19
   3142.538    22.813    10.25   15.50
   3428.105    25.887    10.76   15.09
   3713.655    29.250    11.78   15.09
   3999.190    32.211    10.37   16.52
   4284.708    37.190    17.44   18.75
   4570.210    42.795    19.63   20.04
   4855.696    49.218    22.50   20.80
   5141.166    55.095    20.59   19.57
   5426.619    60.416    18.64   16.43
   5712.057    64.852    15.54   12.62
   5997.478    67.778    10.25   10.69
   6282.884    70.892    10.91    7.63
   6568.273    71.854     3.37    6.51
   6853.646    69.951    -6.67    8.43
   7139.003    66.780   -11.11   11.68
   7424.343    63.118   -12.84   13.28
   7709.668    58.935   -14.66   13.47
   7994.977    55.548   -11.87   11.65
   8280.269    53.886    -5.83    9.82
   8565.545    54.085     0.70    9.41
   8850.806    56.221     7.49    9.59
   9136.050    60.016    13.31   10.07
   9421.278    64.082    14.26    9.11
   9706.490    67.431    11.74    7.48
   9991.686    70.416    10.47    6.19
  10276.865    72.546     7.47    5.56
  10562.029    74.447     6.67    4.90
  10847.177    75.771     4.65    4.69
  11132.308    75.722    -0.17    6.10
  11417.424    72.991    -9.58   10.08
  11702.523    67.401   -19.61   16.63
  11987.606    59.400   -28.06   21.17
  12272.673    49.814   -33.62   22.49
  12557.725    41.682   -28.53   20.50
  12842.760    33.282   -29.47   14.78
  13127.779    27.807   -19.21    6.16
  13412.782    26.980    -2.90    4.61
  13697.769    28.032     3.69    5.51
  13982.740    29.805     6.22    5.74
  14267.695    31.796     6.99    5.54
  14552.634    33.680     6.61    5.68
  14837.556    35.835     7.56    5.69
  15122.463    38.380     8.93    5.56
  15407.354    40.221     6.46    5.81
  15692.229    42.052     6.43    6.08
  15977.087    44.074     7.10    6.66
  16263.767    45.609     5.35    7.62
  16552.191    46.712     3.82    8.40
  16840.598    47.782     3.71    9.22
  17128.988    48.089     1.07   10.11
  17417.360    47.985    -0.36   10.29
  17705.715    47.451    -1.85   10.20
  17994.053    46.360    -3.79    8.72
  18282.374    46.899     1.87    7.91
  18570.677    47.380     1.67    7.43
  18858.963    47.138    -0.84    8.13
  19147.232    46.515    -2.16    8.91
  19435.484    45.674    -2.92    9.52
  19723.718    44.205    -5.10    9.69
  20011.936    42.268    -6.72    9.24
  20300.136    40.513    -6.09    7.82
  20588.318    41.703     4.13    9.03
  20876.484    45.356    12.68   12.50
  21164.632    52.404    24.46   16.49
  21452.763    60.541    28.24   18.76
  21740.877    68.992    29.33   18.02
  22028.974    75.829    23.73   14.89
  22317.053    81.734    20.50    9.90
  22605.116    84.740    10.43    6.89
  22893.161    86.348     5.58    5.18
  23181.189    87.274     3.22    5.25
  23469.199    88.964     5.87    6.42
  23757.193    90.429     5.08    7.34
  24045.169    92.197     6.14    7.66
  24333.128    92.835     2.22    7.35
  24621.070    93.255     1.46    9.21
  24908.995    92.956    -1.04   11.33
  25196.903    92.762    -0.68   13.46
  25484.793    90.695    -7.18   16.07
  25772.667    87.013   -12.79   19.14
  26060.523    81.919   -17.69   22.32
  26348.362    76.090   -20.25   23.62
  26636.184    71.806   -14.89   23.55
  26923.989    66.403   -18.77   20.38
  27211.776    64.697    -5.93   17.28
  27499.547    63.504    -4.15   16.27
  27787.300    65.562     7.15   17.00
  28075.036    69.203    12.65   16.06
  28362.755    72.109    10.10   14.10
  28650.457    76.729    16.06   14.52
  28938.142    79.698    10.32   14.96
  29225.810    84.114    15.35   14.45
  29513.461    87.868    13.05   13.28
  29801.094    87.962     0.33   13.40
  30088.710    86.137    -6.34   14.93
  30376.310    82.893   -11.28   15.07
  30663.892    79.404   -12.13   13.49
  30951.457    79.539     0.47   12.39
  31239.005    80.257     2.50   11.70
  31526.536    83.902    12.68   13.38
  31814.050    87.893    13.88   13.56
  32101.547    92.265    15.21   11.41
  32389.027    96.414    14.43    9.61
  32676.489    99.816    11.83    8.87
  32963.935   103.057    11.27    9.19
  33251.363   104.657     5.57    9.53
  33538.775   105.014     1.24    9.85
  33826.169   104.827    -0.65   11.07
  34113.547   105.070     0.84   11.88
  34400.907   104.290    -2.72   12.55
  34688.250   102.585    -5.93   12.26
  34975.577   100.374    -7.70   12.42
  35262.886    98.843    -5.33   11.88
  35550.178   100.385     5.37   12.86
  35837.453   103.666    11.42   16.39
  36124.711   109.347    19.78   20.18
  36411.952   115.877    22.73   22.04
  36699.176   123.618    26.95   20.67
  36986.383   131.870    28.73   15.75
  37273.574   137.618    20.01   10.27
  37560.747   141.057    11.98    7.57
  37847.903   143.186     7.41    7.28
  38135.042   145.744     8.91    7.61
  38422.164   148.868    10.88    7.77
  38709.269   151.830    10.32    7.72
  38996.357   154.827    10.44    6.86
  39283.428   157.232     8.38    6.13
  39570.482   159.114     6.55    5.20
  39857.519   160.886     6.17    4.65
  40144.539   161.691     2.80    4.03
  40431.542   162.424     2.55    3.79
  40718.529   163.816     4.85    2.86
  41005.498   164.174     1.25    2.48
  41292.450   164.586     1.44    2.32
  41579.385   165.222     2.22    3.25
  41866.304   166.279     3.68    4.05
  42153.205   168.134     6.46    4.87
  42440.090   171.000     9.99    6.56
  42726.957   173.819     9.83    7.89
  43013.808   177.843    14.03    8.84
  43300.641   181.650    13.27    8.81
  43587.458   185.366    12.95    8.69
  43874.258   188.312    10.27    7.74
  44161.041   190.448     7.45    6.48
  44447.807   191.836     4.84    5.62
  44734.556   192.513     2.36    4.80
  45021.288   192.429    -0.29    5.35
  45308.003   190.837    -5.55    6.35
  45594.701   186.175   -16.26   10.15
  45881.383   181.523   -16.23   12.72
  46168.047   176.803   -16.47   13.39
  46454.695   172.814   -13.91   12.87
  46741.326   169.492   -11.59   10.12
  47027.939   169.257    -0.82    8.40
  47314.536   170.951     5.91    9.22
  47601.116   175.282    15.11   12.29
  47887.679   180.970    19.85   14.90
  48174.226   187.933    24.30   15.83
  48460.755   195.110    25.05   15.10
  48747.268   202.523    25.87   12.93
  49033.763   208.399    20.51   11.01
  49320.242   213.868    19.09   10.82
  49606.704   217.993    14.40   11.73
  49893.149   223.287    18.48   12.46
  50179.578   227.749    15.58   12.94
  50465.989   232.877    17.91   12.19
  50752.384   238.331    19.04   10.58
  51038.761   242.782    15.54    8.01
  51325.122   245.948    11.06    5.84
  51611.466   248.733     9.73    4.19
  51897.794   250.751     7.05    3.70
  52184.104   251.554     2.80    3.25
  52470.398   252.303     2.62    3.94
  52756.675   253.339     3.62    4.98
  53042.934   254.102     2.67    5.64
  53329.178   254.512     1.43    6.09
  53615.404   254.348    -0.57    6.83
  53901.614   252.748    -5.59    8.02
  54187.806   251.498    -4.37    8.89
  54473.982   250.141    -4.74    8.70
  54760.141   249.077    -3.72    8.08
  55046.284   248.579    -1.74    7.76
  55332.409   247.634    -3.30    6.92
  55618.518   246.932    -2.45    6.41
  55904.610   246.098    -2.92    6.40
  56190.686   245.331    -2.68    5.99
  56476.744   244.698    -2.21    6.18
  56762.786   243.775    -3.23    6.81
  57048.811   242.150    -5.68    7.11
  57334.819   241.106    -3.65    6.60
  57620.810   240.029    -3.77    5.69
  57906.785   239.724    -1.07    4.87
  58192.743   239.250    -1.66    4.53
  58478.684   238.899    -1.23    4.34
  58764.609   238.618    -0.98    4.09
  59050.516   237.978    -2.24    4.07
  59336.407   237.303    -2.36    3.99
  59622.282   236.300    -3.51    3.72
  59908.139   235.747    -1.94    3.36
  60193.980   235.437    -1.08    3.30
  60479.804   235.458     0.07    3.17
  60765.611   235.666     0.73    2.90
  61051.402   236.422     2.65    2.92
  61337.176   237.517     3.83    3.35
  61622.933   237.943     1.49    3.47
  61908.673   238.386     1.55    3.55
  62194.397   238.898     1.79    3.49
  62480.104   238.706    -0.67    3.88
  62765.795   238.485    -0.78    4.38
  63051.469   237.892    -2.08    4.74
  63337.126   236.904    -3.46    5.13
  63622.766   235.996    -3.18    5.82
  63908.390   235.072    -3.23    6.10
  64193.997   233.771    -4.56    6.55
  64479.587   233.570    -0.70    6.75
  64765.161   232.892    -2.38    6.62
  65050.718   232.197    -2.43    6.33
  65336.258   231.964    -0.81    6.04
  65621.782   231.320    -2.26    5.26
  65907.289   230.904    -1.46    4.91
  66192.779   229.585    -4.62    4.36
  66478.253   228.522    -3.73    4.29
  66763.710   227.555    -3.39    4.50
  67049.150   226.989    -1.98    4.40
  67334.574   227.287     1.05    5.28
  67619.981   227.826     1.89    6.10
  67905.372   230.601     9.73    8.66
  68190.746   234.641    14.16   11.62
  68476.103   239.845    18.24   13.98
  68761.444   245.390    19.43   16.61
  69046.768   252.255    24.06   18.19
  69332.075   259.370    24.93   18.72
  69617.366   267.085    27.04   17.18
  69902.640   273.586    22.79   15.98
  70187.898   280.077    22.76   13.91
  70473.139   283.098    10.59   11.63
  70758.363   283.380     0.99   12.02
  71043.571   282.896    -1.70   13.44
  71328.762   282.961     0.23   14.12
  71613.937   281.899    -3.73   14.22
  71899.095   282.489     2.07   15.01
  72184.236   287.326    16.97   18.17
  72469.361   294.610    25.54   19.55
  72754.470   300.633    21.13   17.89
  73039.561   303.842    11.25   17.06
  73324.637   307.477    12.75   14.96
  73609.695   309.501     7.10   15.49
  73894.737   309.724     0.78   16.10
  74179.763   310.005     0.98   15.55
  74464.772   311.385     4.84   13.90
  74749.764   312.747     4.78   10.99
  75034.740   314.909     7.59    8.23
  75319.700   315.242     1.17    7.04
  75604.642   314.709    -1.87    6.31
  75889.569   313.477    -4.32    5.86
  76174.478   311.772    -5.98    5.35
  76459.372   309.705    -7.26    6.89
  76744.248   307.336    -8.31    9.33
  77029.108   303.390   -13.85   10.88
  77313.952   299.435   -13.88   11.47
  77598.779   295.989   -12.10   12.05
  77883.590   292.609   -11.86   12.70
  78170.698   289.303   -11.52   12.74
  78459.175   287.805    -5.19   13.13
  78747.634   287.065    -2.56   12.85
  79036.076   285.602    -5.07   12.55
  79324.499   284.634    -3.36   10.95
  79612.905   282.497    -7.41    8.89
  79901.293   279.799    -9.35    8.54
  80189.663   277.279    -8.74    9.40
  80478.016   273.322   -13.72    9.57
  80766.351   269.967   -11.63    8.69
  81054.668   268.006    -6.80    7.41
  81342.967   266.165    -6.38    6.96
  81631.249   265.680    -1.68    6.84
  81919.512   264.765    -3.17    7.38
  82207.759   263.578    -4.12    8.08
  82495.987   262.814    -2.65    8.51
  82784.198   263.208     1.36    9.42
  83072.391   262.906    -1.05   10.51
  83360.566   263.054     0.52   11.13
  83648.723   265.013     6.80   12.03
  83936.863   267.216     7.65   11.86
  84224.985   269.464     7.80   11.41
  84513.090   270.831     4.74   11.03
  84801.176   271.086     0.89   10.04
  85089.245   270.191    -3.10    9.03
  85377.297   267.488    -9.39    8.59
  85665.330   265.418    -7.19    7.99
  85953.346   263.989    -4.96    6.71
  86241.344   263.259    -2.54    6.79
  86529.325   264.546     4.47    9.08
  86817.288   266.658     7.33   10.57
  87105.233   267.839     4.10   11.09
  87393.161   269.980     7.44   11.85
  87681.071   272.301     8.06   12.93
  87968.963   275.158     9.92   13.58
  88256.838   278.138    10.35   13.55
  88544.695   280.634     8.67   13.40
  88832.534   284.562    13.64   12.96
  89120.356   289.130    15.87   11.85
  89408.160   293.162    14.01    9.38
  89695.947   294.657     5.19    8.93
  89983.715   294.077    -2.01   10.61
  90271.467   292.064    -7.00   13.49
  90559.200   289.925    -7.43   15.63
  90846.916   284.816   -17.76   16.45
  91134.615   279.328   -19.07   17.20
  91422.295   273.284   -21.01   18.40
  91709.958   265.951   -25.49   19.78
  91997.604   257.748   -28.52   22.71
  92285.232   249.578   -28.40   22.36
  92572.842   241.730   -27.28   21.48
  92860.435   234.097   -26.54   19.16
  93148.010   228.838   -18.29   16.99
  93435.568   225.260   -12.44   15.09
  93723.108   225.159    -0.35   16.09
  94010.631   225.610     1.57   17.86
  94298.136   224.790    -2.85   18.77
  94585.623   224.295    -1.72   20.12
  94873.093   222.229    -7.19   19.40
  95160.545   222.188    -0.14   18.44
  95447.980   225.444    11.33   21.39
  95735.397   229.499    14.11   25.90
  96022.796   236.027    22.71   30.17
  96310.178   243.914    27.44   32.40
  96597.543   251.381    25.99   30.17
  96884.890   257.552    21.47   25.25
  97172.219   257.513    -0.14   23.78
  97459.531   254.239   -11.40   24.66
  97746.826   249.235   -17.41   23.89
  98034.102   241.816   -25.83   22.25
  98321.362   235.069   -23.49   18.16
  98608.604   230.047   -17.48   14.10
  98895.828   227.043   -10.46   11.62
  99183.035   225.699    -4.68   10.20
  99470.224   225.577    -0.43    9.32
  99757.396   228.681    10.81   12.24
 100044.550   233.038    15.17   15.31
 100331.687   240.765    26.91   18.31
 100618.807   248.050    25.37   19.32
 100905.909   254.390    22.08   18.85
 101192.993   260.263    20.46   19.07
 101480.060   265.338    17.68   19.54
 101767.109   270.130    16.69   19.07
 102054.141   274.464    15.10   19.40
 102341.156   278.745    14.91   18.90
 102628.153   283.069    15.07   15.81
 102915.133   285.704     9.18   15.01
 103202.095   288.351     9.22   13.45
 103489.040   290.651     8.01   12.02
 103775.967   292.086     5.00   10.95
 104062.877   293.061     3.40    9.11
 104349.769   293.378     1.10    7.74
 104636.644   292.586    -2.76    7.15
 104923.502   291.708    -3.06    6.54
 105210.342   290.179    -5.33    5.79
 105497.165   288.458    -6.00    5.94
 105783.970   286.060    -8.36    6.67
 106070.758   283.601    -8.57    7.27
 106357.528   280.381   -11.23    8.99
 106644.281   276.816   -12.43    9.60
 106931.017   271.964   -16.92   10.93
 107217.735   268.358   -12.58   12.10
 107504.436   266.495    -6.50   12.77
 107791.120   265.142    -4.72   14.64
 108077.786   266.292     4.01   15.87
 108364.435   267.667     4.80   15.62
 108651.066   269.846     7.60   14.76
 108937.680   271.157     4.58   11.65
 109224.277   270.337    -2.86    8.80
 109510.856   268.038    -8.02    9.87
 109797.418   264.387   -12.74   10.67
 110083.962   259.303   -17.74   10.75
 110370.490   253.738   -19.42   11.52
 110656.999   248.521   -18.21   12.26
 110943.492   244.667   -13.45   11.70
 111229.967   243.436    -4.30   11.31
 111516.425   243.226    -0.74   10.53
 111802.865   243.870     2.25   10.02
 112089.288   245.316     5.05    8.83
 112375.694   247.832     8.79    6.84
 112662.083   248.130     1.04    6.67
 112948.454   247.555    -2.01    7.06
 113234.808   246.900    -2.29    6.94
 113521.144   247.229     1.15    7.42
 113807.463   247.962     2.56    7.88
 114093.765   248.790     2.89    7.70
 114380.050   249.440     2.27    7.01
 114666.317   249.182    -0.90    5.87
 114952.567   249.052    -0.45    4.87
 115238.800   248.194    -3.00    4.91
 115525.015   246.370    -6.37    6.08
 115811.213   243.740    -9.19    6.69
 116097.394   240.642   -10.82    8.48
 116383.558   237.995    -9.25    8.47
 116669.704   235.301    -9.41    8.05
 116955.833   234.634    -2.33    7.70
 117241.945   234.411    -0.78    8.30
 117528.039   234.150    -0.91    8.70
 117814.117   232.435    -6.00   11.47
 118100.177   229.551   -10.08   14.06
 118386.219   227.601    -6.81   14.95
 118672.245   226.830    -2.70   15.55
 118958.253   226.763    -0.24   16.98
 119244.244   226.530    -0.81   20.20
 119530.218   228.013     5.18   22.60
 119816.175   232.370    15.24   22.61
 120102.114   232.372     0.01   23.74
 120388.036   231.918    -1.58   23.71
 120673.941   227.726   -14.66   23.99
 120959.828   222.492   -18.31   23.86
 121245.699   218.304   -14.65   22.17
 121531.552   212.654   -19.76   20.73
 121817.388   209.769   -10.09   19.73
 122103.207   206.189   -12.53   18.21
