-140587.309    73.817     0.00    9.44
-140300.000    72.082    -6.04    8.81
-140012.677    69.413    -9.29    7.26
-139725.338    67.593    -6.33    5.77
-139437.985    67.228    -1.27    5.64
-139150.617    68.007     2.71    6.76
-138863.235    69.085     3.75    7.79
-138575.837    69.702     2.15    8.25
-138288.425    70.328     2.18    8.35
-138000.998    70.767     1.53    8.77
-137713.556    71.586     2.85    8.90
-137426.099    71.162    -1.47    8.75
-137138.627    69.946    -4.23    8.69
-136851.141    68.798    -3.99    8.16
-136563.640    68.257    -1.88    8.79
-136276.124    68.000    -0.89    8.41
-135988.593    67.409    -2.06    8.86
-135701.047    66.861    -1.90    9.05
-135413.487    65.267    -5.54    8.48
-135125.911    64.282    -3.43    9.00
-134838.321    61.798    -8.64    7.91
-134550.716    59.864    -6.72    7.84
-134263.096    57.108    -9.58    6.35
-133975.462    55.545    -5.43    5.04
-133687.812    54.984    -1.95    4.47
-133400.148    55.195     0.73    4.99
-133112.468    56.253     3.68    5.46
-132824.774    57.984     6.02    5.53
-132537.065    60.227     7.79    4.21
-132249.341    61.984     6.11    2.30
-131961.603    62.360     1.31    1.74
-131673.849    62.055    -1.06    1.77
-131386.081    61.451    -2.10    2.49
-131098.297    60.783    -2.32    3.26
-130810.499    59.907    -3.04    3.54
-130522.686    59.137    -2.68    3.45
-130234.858    58.047    -3.79    3.28
-129947.015    57.496    -1.91    3.03
-129659.157    56.913    -2.02    3.00
-129371.285    56.126    -2.73    3.40
-129083.397    55.414    -2.47    3.63
-128795.495    54.466    -3.29    3.75
-128507.577    53.953    -1.78    3.57
-128219.645    53.542    -1.43    3.24
-127931.698    53.694     0.53    2.89
-127643.736    54.325     2.19    2.45
-127355.759    54.872     1.90    2.33
-127067.767    55.414     1.88    2.01
-126779.760    55.878     1.61    1.84
-126491.738    56.000     0.42    1.76
-126203.702    56.106     0.37    1.89
-125915.650    55.892    -0.74    1.93
-125627.584    55.676    -0.75    2.72
-125339.502    54.891    -2.72    3.20
-125052.184    54.061    -2.89    3.23
-124767.180    53.200    -3.02    2.97
-124482.162    52.248    -3.34    2.43
-124197.130    51.473    -2.72    1.96
-123912.084    50.821    -2.29    1.51
-123627.025    50.305    -1.81    1.33
-123341.952    50.039    -0.93    1.17
-123056.865    49.939    -0.35    1.06
-122771.764    49.913    -0.09    1.09
-122486.649    49.939     0.09    1.14
-122201.521    50.016     0.27    2.16
-121916.379    51.518     5.27    5.17
-121631.223    53.515     7.00    6.87
-121346.053    55.939     8.50    7.58
-121060.869    58.433     8.74    7.35
-120775.672    60.526     7.34    6.53
-120490.461    63.417    10.14    4.72
-120205.236    65.151     6.08    3.22
-119919.997    65.883     2.57    3.29
-119634.744    66.938     3.70    3.27
-119349.477    68.442     5.27    2.92
-119064.197    69.643     4.21    2.85
-118778.903    70.431     2.76    3.13
-118493.595    71.085     2.29    3.44
-118208.273    71.723     2.24    3.76
-117922.938    72.343     2.17    3.99
-117637.588    72.902     1.96    3.97
-117352.225    73.220     1.12    3.83
-117066.848    73.323     0.36    3.91
-116781.457    73.134    -0.66    3.81
-116496.052    73.481     1.22    3.75
-116210.633    74.111     2.21    3.84
-115925.201    75.295     4.15    3.93
-115639.754    76.211     3.21    3.90
-115354.294    77.515     4.57    3.85
-115068.820    78.821     4.58    4.14
-114783.332    80.427     5.62    3.88
-114497.830    81.656     4.30    3.66
-114212.314    82.907     4.38    3.25
-113926.785    84.038     3.96    2.85
-113641.241    85.187     4.03    2.29
-113355.684    85.601     1.45    1.85
-113070.113    86.054     1.59    1.72
-112784.528    86.210     0.55    2.07
-112498.929    86.304     0.33    2.43
-112213.316    85.810    -1.73    2.85
-111927.689    85.294    -1.81    3.31
-111642.049    84.285    -3.53    3.86
-111356.394    83.317    -3.39    3.41
-111070.726    82.787    -1.86    3.18
-110785.044    82.852     0.23    3.16
-110499.347    83.136     0.99    3.07
-110213.637    83.118    -0.06    2.80
-109927.913    83.014    -0.36    2.41
-109642.175    82.724    -1.02    2.35
-109356.424    81.795    -3.25    2.88
-109070.658    80.572    -4.28    3.06
-108784.878    79.393    -4.12    2.58
-108499.085    78.848    -1.91    2.43
-108213.277    78.551    -1.04    2.63
-107927.456    78.340    -0.74    2.78
-107641.621    77.968    -1.30    2.83
-107355.771    78.295     1.14    2.90
-107069.908    78.713     1.46    2.86
-106784.031    79.104     1.37    2.68
-106498.140    79.242     0.48    2.29
-106212.235    79.571     1.15    2.34
-105926.316    80.201     2.20    2.38
-105640.383    80.924     2.53    2.21
-105354.437    81.617     2.42    2.23
-105068.476    82.325     2.48    2.26
-104782.501    83.102     2.72    1.98
-104496.513    83.466     1.27    1.76
-104210.510    83.604     0.49    1.46
-103924.494    83.621     0.06    1.21
-103638.463    83.519    -0.36    0.93
-103352.419    83.269    -0.87    1.06
-103066.360    82.848    -1.47    1.41
-102780.288    82.346    -1.75    1.72
-102494.201    81.879    -1.63    1.82
-102208.101    81.281    -2.09    1.81
-101921.987    80.902    -1.33    1.85
-101635.858    80.866    -0.12    1.96
-101349.716    81.105     0.83    2.03
-101063.560    81.390     1.00    2.00
-100777.390    81.654     0.92    1.85
-100491.206    81.461    -0.67    1.92
-100205.007    81.186    -0.96    2.01
 -99918.795    81.181    -0.02    2.16
 -99632.569    81.287     0.37    2.21
 -99346.329    80.961    -1.14    2.29
 -99060.075    80.694    -0.93    2.41
 -98773.806    80.287    -1.42    2.46
 -98487.524    79.457    -2.90    2.57
 -98201.228    78.428    -3.59    2.50
 -97914.918    77.575    -2.98    2.16
 -97628.594    77.293    -0.98    2.12
 -97342.255    76.570    -2.52    2.51
 -97055.903    75.371    -4.19    3.26
 -96769.537    74.410    -3.35    3.72
 -96483.157    74.263    -0.52    4.09
 -96196.762    73.773    -1.71    4.76
 -95910.354    73.518    -0.89    5.44
 -95623.932    73.279    -0.84    6.10
 -95337.495    72.643    -2.22    6.73
 -95051.045    71.740    -3.15    7.26
 -94764.580    70.052    -5.89    8.25
 -94478.102    67.606    -8.54    9.00
 -94191.609    64.217   -11.83    9.96
 -93905.103    60.236   -13.90   10.63
 -93618.582    55.381   -16.94   10.78
 -93332.047    51.187   -14.64   10.35
 -93045.498    47.669   -12.28    9.07
 -92758.936    44.824    -9.93    7.73
 -92472.359    41.578   -11.33    5.28
 -92185.768    39.556    -7.06    3.03
 -91899.163    38.581    -3.40    2.61
 -91612.544    37.774    -2.82    2.42
 -91325.911    37.047    -2.54    2.03
 -91039.263    36.574    -1.65    1.59
 -90752.602    36.542    -0.11    1.97
 -90465.927    37.106     1.96    2.60
 -90179.237    37.708     2.10    3.04
 -89892.534    38.857     4.00    4.32
 -89605.816    39.685     2.89    5.08
 -89319.085    41.240     5.42    6.60
 -89032.339    41.908     2.33    7.39
 -88745.579    41.749    -0.55    7.61
 -88458.805    40.863    -3.09    7.18
 -88172.017    39.453    -4.92    5.97
 -87885.215    38.074    -4.81    4.43
 -87598.398    36.797    -4.45    2.28
 -87311.568    36.298    -1.74    1.18
 -87024.724    36.204    -0.33    1.34
 -86737.865    36.201    -0.01    1.31
 -86450.992    36.393     0.67    1.48
 -86164.106    37.622     4.28    3.22
 -85877.205    39.504     6.56    5.48
 -85590.290    42.544    10.60    7.98
 -85303.360    45.786    11.30    9.17
 -85016.417    48.450     9.28    9.05
 -84729.460    50.883     8.48    8.33
 -84442.488    52.595     5.96    7.32
 -84155.503    53.519     3.22    7.31
 -83868.503    54.153     2.21    7.44
 -83581.489    54.390     0.83    7.78
 -83294.461    55.853     5.10    7.95
 -83007.418    57.804     6.79    9.83
 -82720.362    60.877    10.70   10.99
 -82433.292    65.330    15.51   12.48
 -82146.207    69.446    14.34   12.47
 -81859.108    73.128    12.82   12.16
 -81571.995    76.404    11.41   10.99
 -81284.868    79.466    10.66    9.46
 -80997.727    80.753     4.48    8.40
 -80710.571    81.721     3.37    6.93
 -80423.402    80.703    -3.55    6.78
 -80136.218    79.681    -3.56    6.94
 -79849.020    79.542    -0.49    6.53
 -79561.808    79.128    -1.44    5.86
 -79274.581    78.308    -2.86    5.44
 -78987.341    77.804    -1.75    5.45
 -78700.086    76.413    -4.84    6.31
 -78412.817    74.109    -8.02    9.30
 -78125.534    69.639   -15.56   10.81
 -77838.237    66.265   -11.74   10.16
 -77550.925    63.646    -9.12    8.65
 -77263.600    62.930    -2.49    7.45
 -76976.260    62.744    -0.65    6.73
 -76688.906    63.666     3.21    6.52
 -76401.538    65.623     6.81    4.70
 -76114.155    66.406     2.72    3.34
 -75826.759    65.894    -1.78    3.58
 -75539.348    64.730    -4.05    3.93
 -75251.923    63.282    -5.04    3.94
 -74964.483    61.809    -5.13    3.96
 -74677.030    60.100    -5.95    4.30
 -74389.562    58.255    -6.42    4.18
 -74102.080    56.330    -6.69    4.79
 -73814.584    54.052    -7.93    5.29
 -73527.074    51.695    -8.20    5.74
 -73239.549    48.984    -9.43    5.66
 -72952.010    46.984    -6.96    5.25
 -72664.457    44.962    -7.03    4.67
 -72376.890    43.258    -5.93    3.90
 -72089.308    41.738    -5.28    3.48
 -71801.712    40.684    -3.66    3.15
 -71514.102    40.030    -2.27    3.09
 -71226.478    39.075    -3.32    3.13
 -70938.839    37.704    -4.77    2.81
 -70651.186    36.368    -4.64    2.82
 -70363.519    34.905    -5.08    2.61
 -70075.838    34.157    -2.60    2.43
 -69788.142    33.515    -2.23    2.08
 -69500.432    32.924    -2.05    1.78
 -69212.708    32.845    -0.28    1.79
 -68924.970    32.559    -0.99    1.93
 -68637.217    32.375    -0.64    1.93
 -68349.450    32.081    -1.02    2.00
 -68061.669    31.550    -1.84    2.03
 -67773.873    30.850    -2.43    1.90
 -67486.064    30.091    -2.64    1.74
 -67198.239    29.564    -1.83    1.49
 -66910.401    29.085    -1.67    1.48
 -66622.548    28.651    -1.51    1.53
 -66334.681    28.335    -1.10    1.69
 -66046.800    27.823    -1.78    1.74
 -65758.905    27.593    -0.80    1.69
 -65470.995    27.246    -1.21    2.08
 -65183.071    26.744    -1.74    2.78
 -64895.132    26.206    -1.87    3.11
 -64607.179    25.654    -1.92    3.37
 -64319.212    25.193    -1.60    3.31
 -64031.231    24.775    -1.45    3.28
 -63743.235    24.364    -1.43    2.97
 -63455.225    23.751    -2.13    2.38
 -63168.162    23.398    -1.23    1.59
 -62883.089    23.432     0.12    1.49
 -62598.003    23.718     1.00    1.77
 -62312.903    24.052     1.17    2.02
 -62027.790    23.907    -0.51    2.54
 -61742.664    23.552    -1.24    3.20
 -61457.525    22.687    -3.04    3.56
 -61172.373    21.757    -3.26    3.59
 -60887.207    20.946    -2.84    3.34
 -60602.028    19.992    -3.34    2.40
 -60316.836    18.674    -4.62    2.12
 -60031.631    17.633    -3.65    2.60
 -59746.413    16.823    -2.84    2.68
 -59461.181    15.802    -3.58    2.42
 -59175.936    15.137    -2.33    2.02
 -58890.678    14.492    -2.26    1.29
 -58605.407    14.143    -1.22    0.57
 -58320.122    14.097    -0.16    0.51
 -58034.824    14.114     0.06    0.57
 -57749.513    14.187     0.26    0.66
 -57464.189    14.200     0.04    0.61
 -57178.851    14.310     0.39    0.73
 -56893.501    14.607     1.04    1.18
 -56608.137    15.030     1.48    1.47
 -56322.759    15.537     1.78    1.68
 -56037.369    15.977     1.54    1.76
 -55751.965    16.431     1.59    1.80
 -55466.548    16.908     1.67    1.57
 -55181.118    17.360     1.58    1.41
 -54895.674    17.537     0.62    1.36
 -54610.217    17.623     0.30    1.36
 -54324.747    17.659     0.12    1.42
 -54039.264    17.634    -0.09    1.43
 -53753.767    17.530    -0.36    1.42
 -53468.257    17.488    -0.15    1.45
 -53182.734    17.750     0.92    1.33
 -52897.198    17.902     0.53    1.40
 -52611.648    18.304     1.41    1.51
 -52326.085    18.571     0.93    1.81
 -52040.509    18.861     1.02    2.15
 -51754.920    19.135     0.96    2.19
 -51469.317    19.338     0.71    2.14
 -51183.701    19.172    -0.58    2.32
 -50898.071    18.492    -2.38    2.65
 -50612.429    17.902    -2.07    2.84
 -50326.773    16.868    -3.62    2.44
 -50041.103    16.300    -1.99    2.19
 -49755.421    15.859    -1.54    1.90
 -49469.725    15.811    -0.17    1.89
 -49184.016    15.929     0.41    1.93
 -48898.293    16.259     1.15    1.78
 -48612.557    16.527     0.94    1.69
 -48326.808    16.851     1.14    1.43
 -48041.046    17.062     0.74    1.28
 -47755.270    17.074     0.04    1.24
 -47469.481    17.069    -0.02    1.25
 -47183.679    17.073     0.02    1.33
 -46897.863    17.093     0.07    1.36
 -46612.034    17.140     0.17    1.41
 -46326.192    17.039    -0.35    1.42
 -46040.336    17.288     0.87    1.57
 -45754.467    17.643     1.24    1.59
 -45468.585    18.253     2.13    1.98
 -45182.689    18.845     2.07    2.02
 -44896.780    19.278     1.51    1.99
 -44610.858    19.549     0.95    1.75
 -44324.922    19.646     0.34    1.65
 -44038.973    19.416    -0.80    1.74
 -43753.010    18.601    -2.85    1.89
 -43467.035    18.174    -1.49    1.89
 -43181.046    17.804    -1.29    1.78
 -42895.043    17.780    -0.08    1.85
 -42609.027    17.796     0.06    2.11
 -42322.998    17.977     0.63    2.37
 -42036.956    18.171     0.68    2.23
 -41750.900    18.077    -0.33    2.30
 -41464.831    17.843    -0.82    2.53
 -41178.748    17.651    -0.67    2.71
 -40892.652    17.029    -2.17    2.81
 -40606.543    16.461    -1.99    3.24
 -40320.420    15.813    -2.26    3.80
 -40034.284    14.792    -3.57    4.43
 -39748.134    14.044    -2.61    4.91
 -39461.971    13.453    -2.06    4.90
 -39175.795    12.777    -2.36    5.05
 -38889.605    12.449    -1.15    5.34
 -38603.402    13.089     2.23    5.97
 -38317.186    14.055     3.37    6.08
 -38030.956    15.037     3.43    5.59
 -37744.713    15.883     2.96    5.18
 -37458.456    16.398     1.80    4.44
 -37172.186    16.815     1.46    4.04
 -36885.903    16.887     0.25    3.80
 -36599.606    16.853    -0.12    3.24
 -36313.295    16.947     0.33    3.15
 -36026.972    17.307     1.26    3.17
 -35740.635    17.492     0.64    2.94
 -35454.284    17.976     1.69    2.52
 -35167.920    18.405     1.50    2.47
 -34881.543    18.727     1.12    2.88
 -34595.152    18.784     0.20    3.07
 -34308.748    19.515     2.55    3.77
 -34022.330    20.225     2.48    4.40
 -33735.899    20.954     2.54    4.51
 -33449.455    21.280     1.14    4.35
 -33162.997    21.870     2.06    4.15
 -32876.526    21.847    -0.08    3.76
 -32590.041    22.255     1.42    3.64
 -32303.543    23.145     3.10    4.44
 -32017.031    24.217     3.74    5.05
 -31730.506    26.315     7.32    5.80
 -31443.967    27.529     4.24    5.76
 -31157.415    28.761     4.30    5.31
 -30870.850    30.398     5.71    4.22
 -30584.271    30.824     1.49    3.36
 -30297.678    30.559    -0.92    3.09
 -30011.073    30.145    -1.45    3.05
 -29724.453    29.362    -2.73    2.86
 -29437.820    29.093    -0.94    2.60
 -29151.174    28.622    -1.64    2.29
 -28864.515    28.310    -1.09    1.92
 -28577.841    28.187    -0.43    1.98
 -28291.155    28.358     0.60    1.84
 -28004.455    28.278    -0.28    1.81
 -27717.741    28.223    -0.19    1.79
 -27431.014    28.135    -0.31    1.89
 -27144.273    27.755    -1.32    2.10
 -26857.519    27.232    -1.82    2.41
 -26570.752    26.885    -1.21    2.33
 -26283.971    26.413    -1.65    2.17
 -25997.176    26.000    -1.44    2.08
 -25710.368    26.207     0.72    2.32
 -25423.546    26.653     1.56    2.31
 -25136.711    27.130     1.66    2.26
 -24849.863    27.383     0.88    2.38
 -24563.001    27.712     1.15    2.56
 -24276.125    27.922     0.73    2.78
 -23989.236    27.703    -0.76    3.22
 -23702.334    27.515    -0.66    3.58
 -23415.418    26.984    -1.85    3.87
 -23128.488    26.661    -1.13    3.88
 -22841.545    26.593    -0.24    3.85
 -22554.588    26.507    -0.30    3.86
 -22267.618    26.178    -1.15    3.72
 -21980.634    26.800     2.16    3.94
 -21693.637    27.864     3.71    3.76
 -21406.626    27.984     0.42    3.96
 -21119.602    27.834    -0.52    4.08
 -20832.564    27.659    -0.61    4.46
 -20545.513    26.696    -3.35    4.96
 -20258.448    24.700    -6.95    5.54
 -19971.369    22.563    -7.44    6.25
 -19684.277    20.900    -5.80    6.28
 -19397.172    19.201    -5.92    5.97
 -19110.053    17.328    -6.52    4.80
 -18822.920    15.864    -5.10    2.92
 -18535.774    15.219    -2.25    2.85
 -18248.614    15.380     0.56    3.01
 -17961.441    15.641     0.91    3.78
 -17674.254    15.265    -1.31    4.03
 -17387.054    15.231    -0.12    4.25
 -17099.839    15.480     0.87    3.91
 -16812.612    15.917     1.52    3.71
 -16525.371    16.839     3.21    3.68
 -16238.116    17.298     1.60    3.43
 -15950.848    17.577     0.97    3.15
 -15663.566    16.977    -2.09    3.52
 -15376.270    15.804    -4.08    3.91
 -15088.961    14.578    -4.27    4.03
 -14801.639    13.346    -4.29    3.76
 -14514.302    12.571    -2.70    3.87
 -14226.953    11.846    -2.52    4.03
 -13939.589    10.661    -4.12    4.04
 -13652.212     9.114    -5.38    2.80
 -13364.821     8.320    -2.76    2.38
 -13077.417     7.638    -2.37    2.07
 -12789.999     6.762    -3.05    2.41
 -12502.568     5.573    -4.14    2.69
 -12215.123     4.824    -2.61    2.61
 -11927.664     4.209    -2.14    2.65
 -11640.192     3.685    -1.82    2.71
 -11352.706     2.730    -3.32    2.18
 -11065.207     2.178    -1.92    1.86
 -10777.694     2.242     0.22    1.98
 -10490.167     2.202    -0.14    1.91
 -10202.627     2.145    -0.20    1.68
  -9915.073     2.090    -0.19    1.30
  -9627.505     2.477     1.35    1.54
  -9339.924     2.895     1.45    1.70
  -9052.329     3.061     0.58    1.84
  -8764.720     3.187     0.44    1.79
  -8477.098     3.100    -0.31    1.89
  -8189.462     2.888    -0.73    1.95
  -7901.813     2.538    -1.22    1.86
  -7614.150     2.140    -1.38    1.40
  -7326.473     2.462     1.12    1.85
  -7038.783     3.259     2.77    2.33
  -6751.079     4.000     2.58    2.57
  -6463.361     4.696     2.42    2.56
  -6175.630     5.077     1.33    2.37
  -5887.885     5.488     1.43    2.14
  -5600.126     5.659     0.59    1.99
  -5312.354     5.519    -0.49    2.07
  -5024.568     5.590     0.25    2.29
  -4736.768     5.590     0.00    2.41
  -4448.954     5.836     0.85    2.49
  -4161.127     6.210     1.30    2.63
  -3873.287     6.804     2.06    2.58
  -3585.432     7.725     3.20    2.33
  -3297.564     8.353     2.18    2.12
  -3009.682     8.807     1.58    2.39
  -2721.787     8.601    -0.72    2.96
  -2433.878     8.061    -1.87    3.95
  -2145.955     7.199    -2.99    4.72
  -1858.018     6.442    -2.63    5.17
  -1570.068     5.407    -3.59    5.47
  -1283.260     4.244    -4.05    5.40
   -998.132     2.903    -4.70    4.80
   -712.992     1.679    -4.29    3.92
   -427.839     0.496    -4.15    2.00
   -142.674     0.046    -1.58    0.40
    142.504    -0.008    -0.19    0.00
    427.695     0.204     0.74    1.08
    712.898     1.280     3.77    3.80
    998.114     3.398     7.43    6.79
   1283.343     6.696    11.56    9.46
   1568.584    10.345    12.79   10.62
   1853.837    12.830     8.71   10.24
   2139.104    15.036     7.73    8.75
   2424.383    16.900     6.53    6.89
   2709.674    18.654     6.15    4.53
   2994.978    19.069     1.46    3.86
   3280.295    18.962    -0.37    3.53
   3565.625    19.854     3.13    3.87
   3850.967    21.201     4.72    3.76
   4136.321    22.077     3.07    2.95
   4421.689    22.595     1.81    2.48
   4707.069    23.030     1.53    2.21
   4992.461    23.956     3.24    2.70
   5277.866    25.162     4.23    3.55
   5563.284    26.262     3.85    4.07
   5848.715    27.846     5.55    4.15
   6134.158    29.626     6.24    4.25
   6419.614    31.236     5.64    4.02
   6705.082    32.350     3.90    3.53
   6990.563    33.215     3.03    3.56
   7276.057    33.992     2.72    3.97
   7561.563    35.269     4.47    3.97
   7847.082    36.036     2.69    4.17
   8132.614    37.315     4.48    4.17
   8418.159    38.436     3.93    4.46
   8703.716    40.507     7.25    4.87
   8989.285    41.447     3.29    4.95
   9274.868    41.007    -1.54    5.56
   9560.463    39.398    -5.63    7.12
   9846.070    37.693    -5.97    8.52
  10131.691    35.115    -9.03    9.60
  10417.324    32.433    -9.39    9.78
  10702.970    28.795   -12.74    9.41
  10988.628    25.896   -10.15    8.78
  11274.299    23.623    -7.96    8.20
  11559.983    22.170    -5.09    7.00
  11845.679    19.038   -10.96    6.56
  12131.388    16.440    -9.09    7.74
  12417.110    13.335   -10.86    8.33
  12702.845    12.729    -2.12    9.08
  12988.592    12.075    -2.29    9.59
  13274.352    11.075    -3.50    9.43
  13560.125    12.161     3.80   10.24
  13845.910    14.860     9.44   10.67
  14131.708    17.715     9.99    9.46
  14417.519    19.357     5.74    8.61
  14703.342    21.423     7.23    7.39
  14989.178    22.533     3.88    7.98
  15275.027    24.584     7.18    8.02
  15560.889    25.455     3.05    8.46
  15846.763    27.607     7.53    7.13
  16132.650    28.834     4.29    6.87
  16418.550    30.592     6.15    6.25
  16704.462    31.231     2.23    6.24
  16990.387    31.868     2.23    6.60
  17276.325    33.126     4.40    7.41
  17562.276    35.278     7.52    7.69
  17848.239    36.290     3.54    7.91
  18134.215    37.175     3.09    8.28
  18420.204    39.053     6.57    7.45
  18706.206    39.420     1.28    6.92
  18992.220    37.755    -5.82    7.19
  19278.247    36.664    -3.82    7.32
  19564.287    37.076     1.44    8.00
  19850.340    39.377     8.04    8.89
  20136.405    41.893     8.79   10.05
  20422.483    45.214    11.61   10.40
  20708.574    49.351    14.46    8.64
  20994.677    53.090    13.07    6.39
  21280.794    55.496     8.41    5.82
  21566.923    57.315     6.36    5.83
  21853.064    59.496     7.62    5.87
  22139.219    61.432     6.77    6.19
  22425.386    63.711     7.96    5.91
  22711.566    66.029     8.10    5.77
  22997.759    68.384     8.23    5.35
  23283.965    70.506     7.41    4.32
  23570.183    71.730     4.28    4.09
  23856.415    73.133     4.90    5.61
  24142.659    74.366     4.31    6.80
  24428.915    76.150     6.23    7.21
  24715.185    78.869     9.50    7.93
  25001.467    80.721     6.47    8.01
  25287.762    82.184     5.11    8.09
  25574.070    83.488     4.55    7.23
  25860.391    84.569     3.77    6.12
  26146.724    85.551     3.43    6.28
  26433.071    87.537     6.94    7.03
  26719.430    90.462    10.21    8.61
  27005.802    93.734    11.43    9.83
  27292.186    97.096    11.74    9.98
  27578.584    99.096     6.98    8.76
  27864.994   100.613     5.30    8.23
  28151.417   102.860     7.84    8.53
  28437.853   105.297     8.51    8.10
  28724.302   109.059    13.13    9.75
  29010.763   113.346    14.96   12.59
  29297.238   120.947    26.53   15.60
  29583.725   127.561    23.09   15.92
  29870.225   135.488    27.67   15.18
  30156.737   141.784    21.98   13.35
  30443.263   147.926    21.43   11.61
  30729.802   152.923    17.44    8.86
  31016.353   157.072    14.48    7.26
  31302.917   160.353    11.45    6.11
  31589.494   163.474    10.89    6.23
  31876.084   166.351    10.04    6.50
  32162.686   169.518    11.05    7.30
  32449.302   172.439    10.19    7.35
  32735.930   174.537     7.32    7.18
  33022.571   176.424     6.58    6.89
  33309.225   177.436     3.53    6.42
  33595.892   178.366     3.25    6.41
  33882.572   180.118     6.11    8.69
  34169.264   182.358     7.82   11.14
  34455.970   185.376    10.53   14.61
  34742.688   187.580     7.69   14.73
  35029.419   189.125     5.39   14.91
  35316.163   190.189     3.71   13.53
  35602.920   190.358     0.59   12.30
  35889.690   191.353     3.47   11.09
  36176.472   190.811    -1.89    9.85
  36463.268   192.129     4.60    9.31
  36750.076   191.790    -1.18    9.81
  37036.897   190.488    -4.54   10.58
  37323.731   188.080    -8.40   11.27
  37610.578   185.295    -9.71   11.17
  37897.438   182.668    -9.16   11.08
  38184.311   179.880    -9.72   10.21
  38471.196   176.611   -11.39    8.79
  38758.095   172.948   -12.77    8.61
  39045.006   168.533   -15.39   10.73
  39331.930   165.029   -12.21   10.42
  39618.867   163.396    -5.69   10.08
  39905.817   162.888    -1.77    9.85
  40192.780   162.200    -2.40    9.99
  40479.756   162.669     1.63    8.87
  40766.745   163.615     3.30    8.62
  41053.747   165.565     6.80    7.06
  41340.761   165.503    -0.22    5.92
  41627.789   165.984     1.68    5.83
  41914.829   167.253     4.42    6.12
  42201.882   169.861     9.08    7.43
  42488.949   172.328     8.59    8.44
  42776.028   174.595     7.90    8.48
  43063.120   176.106     5.26    9.15
  43350.225   178.693     9.01    8.44
  43637.343   181.666    10.35    5.61
  43924.474   184.178     8.75    5.93
  44211.617   185.962     6.21    5.85
  44498.774   187.620     5.77    5.88
  44785.944   188.946     4.62    5.65
  45073.126   189.948     3.49    6.59
  45360.322   190.778     2.89    7.28
  45647.530   191.459     2.37    7.88
  45934.752   192.267     2.81    8.08
  46221.986   191.623    -2.24    8.16
  46509.233   190.515    -3.86    9.11
  46796.493   186.636   -13.50   12.18
  47083.766   181.999   -16.14   15.38
  47371.053   179.941    -7.17   15.43
  47658.352   178.113    -6.36   14.88
  47945.664   175.565    -8.87   14.07
  48232.989   173.953    -5.61   12.78
  48520.327   175.589     5.69   12.77
  48807.678   179.526    13.70   12.84
  49095.041   183.287    13.09   13.18
  49382.418   187.940    16.19   14.55
  49669.808   192.641    16.36   14.89
  49957.211   199.962    25.47   12.56
  50244.627   205.925    20.75   10.19
  50532.055   210.320    15.29    9.69
  50819.497   214.560    14.75   10.01
  51106.952   218.858    14.95   10.21
  51394.420   222.725    13.45    8.60
  51681.900   225.021     7.99    6.37
  51969.394   225.757     2.56    5.33
  52256.901   224.839    -3.19    5.79
  52544.420   223.280    -5.42    6.20
  52831.953   221.207    -7.21    5.88
  53119.498   218.846    -8.21    4.91
  53407.057   217.195    -5.74    4.16
  53694.629   215.290    -6.63    3.67
  53982.213   214.889    -1.39    5.30
  54269.811   214.572    -1.10    6.06
  54557.422   214.231    -1.19    6.75
  54845.045   213.297    -3.25    7.15
  55132.682   212.605    -2.41    7.22
  55420.332   211.854    -2.61    6.59
  55707.994   210.589    -4.40    6.49
  55995.670   208.613    -6.87    7.53
  56283.359   205.751    -9.95    8.41
  56571.061   204.610    -3.97    8.38
  56858.776   203.744    -3.01    8.08
  57146.503   203.419    -1.13    8.13
  57434.244   202.890    -1.84    8.33
  57721.998   201.534    -4.71    8.90
  58009.765   200.503    -3.58    9.88
  58297.545   198.129    -8.25   11.36
  58585.338   193.059   -17.62   13.60
  58873.144   187.669   -18.73   15.14
  59160.963   182.072   -19.45   14.77
  59448.795   177.856   -14.65   13.91
  59736.640   174.293   -12.38   12.79
  60024.499   172.234    -7.15   12.25
  60312.370   170.868    -4.75   12.73
  60598.974   170.465    -1.40   12.40
  60884.171   169.208    -4.41   12.16
  61169.379   167.829    -4.84   11.87
  61454.599   165.419    -8.45   11.82
  61739.831   163.211    -7.74   11.87
  62025.075   160.052   -11.07   12.17
  62310.332   157.333    -9.53   13.14
  62595.600   153.522   -13.36   14.07
  62880.880   149.507   -14.08   14.93
  63166.172   146.477   -10.62   14.85
  63451.476   143.671    -9.84   13.68
  63736.793   142.212    -5.11   11.69
  64022.121   141.668    -1.90   11.04
  64307.461   141.687     0.06   11.55
  64592.813   143.736     7.18   12.17
  64878.177   145.565     6.41   12.58
  65163.553   149.462    13.65   11.99
  65448.942   152.291     9.92   11.69
  65734.342   154.939     9.28    9.59
  66019.754   156.198     4.41    8.01
  66305.178   156.143    -0.19    6.69
  66590.615   155.902    -0.84    6.69
  66876.063   154.909    -3.48    6.18
  67161.523   152.866    -7.16    6.93
  67446.995   150.552    -8.10    7.14
  67732.480   149.079    -5.16    7.72
  68017.976   147.522    -5.45    7.37
  68303.485   146.380    -4.00    6.78
  68589.005   145.867    -1.80    6.32
  68874.537   146.462     2.08    6.13
  69160.082   148.817     8.25    8.14
  69445.638   152.143    11.65   10.81
  69731.207   156.573    15.51   13.12
  70016.788   161.287    16.51   15.17
  70302.380   166.783    19.24   15.63
  70587.985   172.954    21.61   13.16
  70873.602   178.698    20.11    9.10
  71159.231   182.780    14.29    7.56
  71444.871   185.874    10.83    8.71
  71730.524   188.646     9.70   10.24
  72016.189   191.432     9.75   12.70
  72301.866   194.423    10.47   15.51
  72587.555   195.522     3.85   17.27
  72873.256   198.328     9.82   22.96
  73158.970   198.507     0.63   23.76
  73444.695   199.466     3.36   27.14
  73730.432   198.219    -4.36   25.26
  74016.182   195.429    -9.76   23.32
  74301.943   193.992    -5.03   20.68
  74587.717   191.595    -8.39   18.30
  74873.502   190.224    -4.80   16.57
