# NaN NaN NaN ;Mean Elev.(m), Avg Gradient(m/km), RMS Gradient(m/km) - SRTM1     
#   23.606  -2.527   6.105 ;Mean Elev.(m), Avg Gradient(m/km), RMS Gradient(m/km) - ASTER GDEM
#   25.369  -1.059   4.995 ;Mean Elev.(m), Avg Gradient(m/km), RMS Gradient(m/km) - GMTED2010 
   2  88.366342  62.877253    28.593    28.750  6 54670.17853856 20.142
   3  88.362937  62.877655   -27.766   -23.678  6 54680.09418227 19.998
   4  88.361152  62.878060    26.200    27.419  7 54690.00982496 28.413
   5  88.360784  62.877518   -17.934   -18.006  6 54699.92546544  5.817
   6  88.364433  62.876903    18.788    18.795  6 54709.84111069 48.437
   7  88.365725  62.876112     5.313     5.323  6 54719.75676203 13.962
   8  88.370186  62.876477    24.761    23.939  6 54729.67241121 26.997
   9  88.368173  62.876450    19.056    19.125  6 54739.58805825 45.990
  10  88.366258  62.876925    18.953    19.012  6 54749.50370538 47.116
  11  88.362709  62.876802    18.781    18.784  6 54759.41935209 36.868
  12  88.365220  62.877081    18.223    18.173  6 54769.33499708 34.775
  13  88.367644  62.876340    17.882    17.855  7 54779.25063858 44.268
  14  88.369074  62.875248    19.686    19.643  6 54789.16627740 33.344
  15  88.372752  62.875867    22.143    22.142  6 54799.08191548 37.792
  16  88.370951  62.876104    22.034    22.038  6 54808.99755304 27.054
  17  88.369760  62.876545    21.593    21.532  6 54818.91319024 22.784
  18  88.364805  62.876511    22.521    21.957  6 54828.82884185 22.517
  19  88.363656  62.877200    24.654    24.876  6 54838.74448061 20.850
  20  88.361010  62.877975    24.181    24.602  7 54848.66012960 20.729
  21  88.357800  62.878655    25.737    25.729  7 54858.57577807 17.299
  22  88.355057  62.878966    25.920    25.986  7 54868.49142669 16.485
  23  88.357573  62.878936    24.328    24.529  7 54878.40707495 16.996
  24  88.360671  62.877635    24.818    24.754  6 54888.32272001 16.841
  25  88.365983  62.877022    24.772    24.580  6 54898.23836204 17.562
  26  88.367276  62.876963    24.302    24.724  6 54908.15400116 18.320
  27  88.364338  62.876855    25.286    25.244  6 54918.06963858 15.005
  28  88.364589  62.877129    21.888    21.894  7 54927.98527614 28.982
  29  88.365842  62.876241    23.192    22.833  6 54937.90091298 20.329
  30  88.370214  62.875327    23.325    23.340  6 54947.81654836 27.939
  31  88.372601  62.874152    27.809    27.826  6 54957.73218361 36.274
  32  88.373178  62.874939    31.351    31.332  6 54967.64783223 34.956
  33  88.370417  62.875794    27.514    27.540  7 54977.56347959 32.641
  34  88.367339  62.876540    28.183    28.128  6 54987.47912698 49.472
  35  88.366954  62.877133    27.066    26.855  6 54997.39477476 27.457
  36  88.363541  62.876663    29.107    29.050  6 55007.31042041 22.803
  37  88.364287  62.877427    21.095    21.101  6 55017.22606446 46.650
  38  88.361515  62.877902    28.552    28.696  6 55027.14170669 21.659
  39  88.358848  62.878593    25.454    24.451  7 55037.05734845 28.027
  40  88.358838  62.878486    21.174    21.183  7 55046.97298935 33.109
  41  88.362731  62.877229    19.140    19.117  6 55056.88862858 52.965
  42  88.371233  62.876099    18.880    18.891  6 55066.80426589 53.060
  43  88.370815  62.875049    18.782    18.787  6 55076.71991598 35.942
  44  88.369198  62.875711    28.228    28.332  6 55086.63556370 21.735
  45  88.365436  62.876762    28.468    28.479  6 55096.55120969 21.245
  46  88.364465  62.877543    26.673    27.661  6 55106.46685560 24.719
  47  88.363866  62.876626    27.621    28.470  6 55116.38250095 23.657
  48  88.369288  62.876084    28.023    28.069  7 55126.29814456 24.147
  49  88.370108  62.875006    17.873    17.843  6 55136.21378522 39.475
  50  88.373264  62.875942    20.312    20.284  6 55146.12942419 34.337
  51  88.366575  62.875744    20.797    20.789  6 55156.04506136 28.954
  52  88.367512  62.876995    25.619    25.542  6 55165.96069948 18.001
  53  88.365663  62.876596    26.346    26.364  6 55175.87633689 15.988
  54  88.367986  62.876366    26.975    27.294  7 55185.79197858 13.939
  55  88.367159  62.876967    26.762    27.075  6 55195.70762959 13.862
  56  88.363479  62.878045    25.959    25.871  6 55205.62327918 13.324
  57  88.358762  62.879037    26.134    25.996  6 55215.53892807 13.392
  58  88.356160  62.879017    26.586    26.622  6 55225.45457653 12.202
  59  88.358497  62.877760    26.536    26.282  6 55235.37022321 12.532
  60  88.366789  62.876576    25.675    25.666  7 55245.28586709 12.901
  61  88.371282  62.875701    25.459    25.462  6 55255.20150781 13.162
  62  88.368403  62.875809    25.594    25.510  6 55265.11714634 13.151
  63  88.364344  62.876979    25.476    25.525  6 55275.03278396 12.355
  64  88.363933  62.877453    28.128    25.936  7 55284.94842108 13.867
  65  88.368233  62.876346    37.623    39.536  6 55294.86405672 12.169
  66  88.373869  62.874777    44.168    44.452  6 55304.77969544 12.394
  67  88.375902  62.874473    20.549    20.539  5 55314.69534280 29.863
  68  88.370427  62.874670    23.590    23.606  6 55324.61098779 34.370
  69  88.368674  62.876838    34.089    34.029  6 55334.52663212 39.298
  70  88.364773  62.877697    28.299    28.339  6 55344.44227585 30.633
  71  88.364123  62.877511    25.343    25.310  6 55354.35791908 33.618
  72  88.365108  62.877045    29.424    29.416  6 55364.27356033 23.952
  73  88.366004  62.876953    28.806    29.221  7 55374.18919991 22.347
  74  88.364554  62.877275    29.020    29.147  6 55384.10483806 20.802
  75  88.363947  62.877878    27.242    27.231  6 55394.02047547 22.591
  76  88.365060  62.877803    28.351    28.255  6 55403.93611309 21.060
  77  88.367320  62.877190    18.954    18.937  6 55413.85176488 33.945
  78  88.372292  62.876196    28.044    28.038  6 55423.76741393 21.667
  79  88.371286  62.874418    25.951    26.949  6 55433.68305979 24.246
  80  88.369614  62.875098    29.282    29.143  6 55443.59870426 20.454
  81  88.367281  62.876761    23.343    23.262  6 55453.51434749 31.423
  82  88.362610  62.877128    28.864    28.828  6 55463.42998958 22.401
  83  88.366075  62.876710    29.326    29.258  6 55473.34563013 21.480
  85  88.374694  62.873829    25.988    26.302  6 55493.17690325 29.124
  86  88.377173  62.874820    18.197    18.144  6 55503.09253735 53.188
  87  88.368036  62.875591    17.909    17.912  6 55513.00818347 42.720
  88  88.363739  62.877227    17.953    17.997  7 55522.92383274 40.926
  89  88.362711  62.877849    19.413    19.396  7 55532.83948068 29.495
  90  88.362575  62.877194    19.490    19.497  6 55542.75512690 25.365
  91  88.362540  62.876804    21.869    21.869  6 55552.67077117 21.521
  92  88.362179  62.877590    22.230    22.221  6 55562.58641433 19.696
  93  88.360749  62.878208    23.066    22.689  7 55572.50205673 19.023
  94  88.360388  62.877744    23.422    23.779  6 55582.41769789 18.049
  95  88.364903  62.876507    24.446    24.424  6 55592.33333609 17.671
  96  88.372577  62.875218    25.339    25.329  7 55602.24897126 15.890
  97  88.376628  62.874210    25.426    25.408  6 55612.16460394 16.043
  98  88.373859  62.873811    25.226    25.351  6 55622.08023782 17.234
  99  88.367863  62.875218    25.460    25.535  6 55631.99589020 16.767
 100  88.367049  62.876490    25.393    25.391  7 55641.91154084 13.993
 101  88.367174  62.875966    33.943    34.223  6 55651.82718858 10.829
 102  88.373814  62.875679    49.533    49.463  6 55661.74283299  4.059
 103  88.371928  62.874443    20.917    20.938  6 55671.65847341 36.248
 104  88.373061  62.875639    29.267    29.245  6 55681.57411287 50.393
 105  88.366052  62.875722    25.736    25.709  6 55691.48974982 53.165
 106  88.365619  62.876727    28.991    28.853  7 55701.40538586 26.698
 107  88.364501  62.876690    22.783    22.801  6 55711.32102713 40.343
 108  88.364428  62.876850    29.078    28.982  6 55721.23667697 21.341
 109  88.362785  62.876803    18.841    18.861  6 55731.15232452 48.887
 110  88.363339  62.877398    18.942    18.975  6 55741.06797101 51.603
 111  88.362610  62.877547    28.260    28.321  6 55750.98361607 21.711
 112  88.362868  62.876920    19.626    19.576  6 55760.89925876 53.737
 113  88.369167  62.876934    24.845    24.494  6 55770.81489922 25.692
 114  88.372780  62.875672    19.046    19.017  6 55780.73053590 46.204
 115  88.373144  62.874369    18.717    18.681  6 55790.64616973 40.229
 116  88.376350  62.874905    29.338    29.424  6 55800.56180291 20.225
 117  88.371920  62.875614    24.492    25.593  6 55810.47745139 27.822
 118  88.369642  62.876228    19.474    19.471  6 55820.39310019 50.775
 119  88.369669  62.875722    28.718    28.796  6 55830.30874443 20.733
 120  88.371554  62.874590    22.381    21.269  6 55840.22438420 30.687
 121  88.377098  62.875042    18.990    18.960  6 55850.14002137 50.848
 122  88.371629  62.874430    28.980    28.961  6 55860.05565535 23.056
 123  88.365983  62.875752    17.786    17.709  6 55869.97130559 47.767
 124  88.364065  62.877136    17.982    18.098  7 55879.88695642 42.775
 125  88.365333  62.877736    20.980    19.884  6 55889.80260079 30.412
 126  88.364750  62.876923    26.975    27.077  6 55899.71823902 22.793
 127  88.368252  62.877045    25.247    25.767  6 55909.63387294 23.575
 128  88.363514  62.877086    20.734    20.755  6 55919.54952393 26.511
 129  88.364219  62.877673    20.637    20.605  6 55929.46517677 29.936
 130  88.364889  62.876820    20.642    20.640  6 55939.38082579 31.120
 131  88.370770  62.876516    21.761    21.858  6 55949.29647053 24.548
 132  88.368738  62.875027    21.249    20.533  6 55959.21211005 22.531
 133  88.372973  62.876227    24.659    24.640  6 55969.12774794 19.670
 134  88.369928  62.876069    22.143    20.875  6 55979.04338404 21.197
 135  88.370386  62.875860    21.741    22.060  6 55988.95901971 21.816
 136  88.370116  62.875107    22.121    20.621  6 55998.87466132 21.113
 137  88.372387  62.875420    23.453    24.021  6 56008.79031244 20.796
 138  88.372683  62.875561    25.584    25.577  6 56018.70595920 18.496
 139  88.369765  62.875959    19.847    19.833  6 56028.62160282 31.949
 140  88.366520  62.876746    20.581    20.574  7 56038.53724478 23.687
 141  88.364942  62.877228    21.300    21.270  6 56048.45288493 38.795
 142  88.362527  62.876703    25.685    25.675  6 56058.36852217 45.830
 143  88.365680  62.876303    25.384    25.379  6 56068.28415552 51.005
 144  88.364694  62.876811    23.620    23.608  7 56078.19980666 52.312
 145  88.364622  62.877842    28.935    28.893  6 56088.11545535 21.396
 146  88.359987  62.877385    20.262    20.345  6 56098.03110094 31.496
 147  88.362140  62.877153    18.266    18.246  6 56107.94674490 45.437
 148  88.369617  62.876853    22.128    22.267  6 56117.86237494 28.231
 149  88.370967  62.874811    17.851    17.848  6 56127.77801215 51.692
 150  88.375162  62.874564    17.838    17.821  6 56137.69364619 46.886
 151  88.369770  62.874763    17.730    17.645  6 56147.60929181 51.761
 152  88.369071  62.876566    24.036    23.645  6 56157.52494123 26.796
 153  88.368219  62.877090    17.471    17.489  6 56167.44058956 49.768
 154  88.367954  62.876048    23.218    22.996  6 56177.35623516 30.485
 155  88.370087  62.875117    17.706    17.173  6 56187.27187627 34.602
 156  88.371094  62.874782    24.508    24.326  6 56197.18751369 28.297
 157  88.370598  62.875653    16.638    16.615  7 56207.10314805 52.189
 158  88.367417  62.876373    16.457    16.392  6 56217.01878055 37.048
 159  88.364970  62.876991    16.905    16.867  6 56226.93442266 45.325
 160  88.365543  62.877455    17.593    17.573  6 56236.85007747 39.729
 161  88.365509  62.877081    18.167    18.136  7 56246.76572830 32.832
 162  88.364941  62.876941    19.033    19.027  6 56256.68137407 27.027
 163  88.363102  62.877465    22.641    24.386  6 56266.59701623 25.059
 164  88.361981  62.877883    26.095    26.145  6 56276.51265682 18.025
 165  88.363321  62.877791    24.972    25.074  6 56286.42830405 19.213
 166  88.368807  62.877057    27.005    27.099  6 56296.34395448 16.330
 167  88.371203  62.875465    28.362    28.728  6 56306.25960048 15.623
 168  88.371161  62.875150    28.335    28.868  6 56316.17524317 13.581
 169  88.368259  62.876317    28.075    28.534  7 56326.09088394 14.823
 170  88.364251  62.876972    25.729    25.740  6 56336.00652358 15.222
 171  88.363643  62.876406    25.992    26.019  6 56345.92216210 14.361
 172  88.370189  62.875687    25.785    25.805  7 56355.83779885 13.926
 173  88.375297  62.875665    25.415    25.395  6 56365.75344578 14.573
 174  88.370106  62.875171    25.620    25.593  6 56375.66909394 14.433
 176  88.361002  62.878147    24.684    24.787  7 56395.50038296 14.733
 177  88.357592  62.878025    18.710    18.688  6 56405.41602433 29.538
 178  88.360592  62.877649    20.907    20.978  7 56415.33166301 35.131
 179  88.364755  62.876194    29.223    29.202  6 56425.24729685 29.643
 180  88.367724  62.876799    26.995    26.991  6 56435.16294513 55.609
 181  88.363504  62.877300    24.126    24.143  7 56445.07859672 51.217
 182  88.360534  62.878287    27.583    28.200  7 56454.99424599 26.188
 183  88.358828  62.877657    28.929    29.067  6 56464.90989224 23.383
 184  88.367017  62.877367    19.967    19.875  6 56474.82553581 54.251
 185  88.371256  62.875394    19.536    19.032  6 56484.74117541 29.661
 186  88.373599  62.874816    18.502    18.543  6 56494.65681199 35.538
 187  88.373377  62.875845    18.113    18.201  6 56504.57244659 46.519
 188  88.368798  62.876095    24.887    23.863  6 56514.48807919 26.199
 189  88.367068  62.876821    24.505    23.698  6 56524.40373114 25.061
 190  88.368943  62.876388    28.000    28.099  6 56534.31938273 21.905
 192  88.368659  62.875296    18.774    18.775  6 56554.15067485 32.722
 193  88.366431  62.877017    19.167    19.181  6 56564.06631758 52.209
 194  88.361696  62.878348    25.230    25.109  6 56573.98195869 28.969
 195  88.358913  62.878322    18.145    18.229  7 56583.89759727 38.728
 196  88.362076  62.877082    17.509    17.531  6 56593.81323164 46.190
 197  88.365007  62.876895    18.831    18.810  7 56603.72888514 44.533
 198  88.365829  62.876739    19.799    19.724  7 56613.64453389 41.979
 199  88.364328  62.877167    21.352    21.362  7 56623.56017848 38.008
 200  88.364251  62.877849    20.884    20.922  6 56633.47582042 29.989
 201  88.365611  62.877422    20.209    20.193  6 56643.39145771 28.789
 202  88.365104  62.875963    19.832    19.841  6 56653.30710907 32.295
 203  88.371477  62.875919    23.428    23.301  6 56663.22275885 23.589
 204  88.373636  62.876009    25.435    25.412  6 56673.13840544 19.584
 205  88.370023  62.876855    20.116    20.130  6 56683.05405011 23.915
 206  88.362922  62.876763    26.145    26.161  6 56692.96969223 17.122
 207  88.364332  62.877249    25.617    25.833  7 56702.88533100 18.142
 208  88.367134  62.875877    26.114    26.048  6 56712.80096456 15.759
 209  88.371591  62.876291    38.594    42.015  6 56722.71661234 11.095
 210  88.369009  62.876565    20.444    20.420  6 56732.63226315 18.805
 211  88.363612  62.877706    20.820    19.924  6 56742.54791032 18.335
 212  88.357299  62.878240    19.719    19.821  6 56752.46355302 20.319
 213  88.358696  62.878697    20.843    20.853  7 56762.37919118 35.611
 214  88.360838  62.877101    22.330    22.346  6 56772.29482227 29.708
 215  88.363997  62.877595    30.848    30.880  6 56782.21048034 46.427
 216  88.361341  62.877062    27.146    27.119  6 56792.12613430 31.216
 217  88.361843  62.878164    28.590    29.193  6 56802.04178578 28.261
 218  88.359646  62.878060    30.782    29.372  7 56811.95742937 29.165
 219  88.362904  62.878125    24.450    24.455  6 56821.87306940 52.961
 220  88.364278  62.876285    32.591    24.974  6 56831.78870489 32.175
 221  88.372939  62.875839    19.503    19.410  6 56841.70433787 52.927
 222  88.372058  62.874841    29.539    29.604  6 56851.61997566 19.676
 223  88.368776  62.876007    18.355    18.343  6 56861.53562987 52.288
 224  88.364018  62.876984    28.564    28.501  6 56871.45128334 21.222
 225  88.363139  62.877646    18.716    18.735  7 56881.36693419 36.383
 226  88.362317  62.877168    18.756    18.748  6 56891.28258124 46.718
 227  88.363149  62.876873    25.548    26.837  6 56901.19822546 28.483
 228  88.363368  62.877834    28.722    28.687  6 56911.11386773 20.765
 229  88.359866  62.878170    28.471    28.407  7 56921.02950795 22.225
 230  88.357909  62.878443    27.922    27.881  7 56930.94514611 23.667
 231  88.360008  62.878015    26.725    28.526  6 56940.86077952 25.444
 232  88.363348  62.877477    18.096    18.150  7 56950.77641950 44.528
 233  88.365615  62.877665    17.326    17.228  6 56960.69207135 43.688
 234  88.363310  62.877119    20.047    20.016  6 56970.60771777 32.659
 235  88.365227  62.877542    19.698    19.658  6 56980.52336074 24.674
 236  88.365536  62.876982    27.219    27.666  6 56990.43899909 15.158
 237  88.369710  62.876106    27.699    27.717  6 57000.35463142 14.742
 238  88.367447  62.875475    25.681    25.682  6 57010.27028641 19.850
 239  88.370701  62.876161    25.267    25.250  6 57020.18593893 19.067
 240  88.367963  62.876201    36.882    36.528  7 57030.10158778 14.862
 241  88.365916  62.876743    25.969    25.904  6 57040.01723495 14.760
 242  88.362662  62.876739    26.360    26.244  6 57049.93287974 14.328
 243  88.363343  62.876512    26.509    26.617  6 57059.84852083 13.715
 244  88.366939  62.876418    24.426    25.301  6 57069.76415654 17.759
 245  88.367337  62.875894    20.383    19.789  6 57079.67978764 19.233
 246  88.364870  62.876168    25.506    25.538  6 57089.59542573 16.714
 247  88.359676  62.877559    22.099    22.196  6 57099.51108350 18.060
 248  88.359303  62.878894    22.607    22.207  6 57109.42673872 19.884
 249  88.360701  62.878609    24.234    24.502  6 57119.34238853  9.446
 250  88.361720  62.877498    20.113    20.092  6 57129.25803224 23.152
 251  88.363801  62.877163    21.014    20.935  7 57139.17367062 30.740
 252  88.362817  62.876713    29.958    29.890  6 57149.08930499 48.876
 253  88.366121  62.876840    28.108    28.069  7 57159.00493701 54.636
 254  88.366192  62.876412    29.836    29.828  6 57168.92058676 54.593
 255  88.367179  62.875995    26.309    26.261  6 57178.83624262 53.880
 256  88.368788  62.875792    21.941    21.895  6 57188.75189450 49.159
 257  88.369546  62.876503    28.647    28.626  6 57198.66754253 20.292
 258  88.366768  62.877098    28.529    28.371  6 57208.58317663 20.681
 259  88.365210  62.877669    23.730    24.052  6 57218.49882101 24.817
 260  88.363841  62.877092    23.256    22.201  6 57228.41446432 27.265
 261  88.366206  62.876833    22.950    22.057  6 57238.33010582 24.343
 262  88.366132  62.876096    28.653    28.471  6 57248.24574381 20.349
 263  88.367977  62.876884    28.196    28.148  6 57258.16137958 19.657
 264  88.366064  62.877579    19.074    19.118  6 57268.07701372 51.774
 265  88.362060  62.878251    19.014    19.004  6 57277.99266188 36.590
 266  88.359787  62.878192    19.242    18.547  6 57287.90831783 33.994
 267  88.360930  62.877604    27.395    27.802  6 57297.82397117 26.516
 268  88.363648  62.877011    19.124    19.191  7 57307.73962107 53.256
 269  88.364354  62.877288    18.352    18.323  6 57317.65526721 47.869
 270  88.361614  62.877585    17.328    17.341  6 57327.57090990 30.723
 271  88.360049  62.877819    16.918    16.811  7 57337.48655057 40.880
 272  88.362821  62.877875    17.804    17.820  6 57347.40219887 37.680
 273  88.364851  62.876481    19.059    19.072  6 57357.31784571 28.943
 274  88.369623  62.875878    25.431    25.408  6 57367.23348943 21.252
 275  88.371897  62.876372    22.548    21.626  6 57377.14912986 22.327
 276  88.366185  62.876312    20.916    20.174  6 57387.06476762 22.033
 277  88.366803  62.877323    23.086    24.643  6 57396.98040532 21.040
 278  88.368380  62.877054    24.840    24.873  6 57406.89604173 20.335
 279  88.369140  62.876600    25.032    25.117  6 57416.81169292 20.548
 280  88.366564  62.876014    25.547    25.514  6 57426.72734357 19.078
 281  88.363877  62.877072    25.624    25.926  6 57436.64299155 18.898
 282  88.358825  62.878446    25.930    25.873  7 57446.55863784 15.701
 283  88.355657  62.879277    24.999    24.658  7 57456.47428334 17.955
 284  88.355983  62.878506    19.659    19.605  6 57466.38992671 21.606
 285  88.363135  62.877212    19.633    19.638  7 57476.30556674 19.455
 286  88.367792  62.875619    25.816    25.826  6 57486.22120317 12.248
 287  88.372876  62.876134    20.290    20.313  6 57496.13683737 20.307
 288  88.369721  62.876499    21.470    21.107  6 57506.05247220 30.548
 289  88.363548  62.877155    27.680    27.655  7 57515.96812796 31.692
 290  88.365200  62.877337    23.563    23.154  6 57525.88378177 27.900
 291  88.369754  62.876397    32.553    30.364  6 57535.79943330 23.937
 292  88.369177  62.874846    24.195    24.178  6 57545.71508152 35.284
 293  88.372296  62.876334    21.175    21.170  6 57555.63072853 43.530
 294  88.365265  62.876900    19.280    19.279  7 57565.54637317 41.851
 295  88.361611  62.877677    25.772    25.589  6 57575.46201745 23.456
 296  88.361341  62.877567    27.576    27.903  6 57585.37766122 21.904
 297  88.364955  62.877230    24.352    26.200  7 57595.29330318 24.768
