-182383.006   104.095     0.00    1.83
-182095.748   103.874    -0.77    1.87
-181808.469   103.823    -0.18    1.78
-181521.168   103.605    -0.76    1.78
-181233.846   103.485    -0.42    1.88
-180946.501   103.358    -0.44    1.93
-180659.134   103.423     0.23    1.87
-180371.745   103.239    -0.64    1.76
-180084.334   103.478     0.83    1.87
-179796.901   103.999     1.81    2.06
-179509.446   104.403     1.41    2.03
-179221.970   104.796     1.37    1.87
-178934.471   104.988     0.67    1.82
-178646.950   105.074     0.30    1.75
-178359.407   104.817    -0.89    1.84
-178071.842   104.451    -1.27    1.99
-177784.255   103.753    -2.42    2.13
-177496.646   103.110    -2.24    2.31
-177209.015   102.365    -2.59    2.19
-176921.362   101.733    -2.20    1.99
-176633.687   101.508    -0.78    2.08
-176345.990   101.352    -0.54    2.20
-176058.271   101.276    -0.26    2.40
-175770.529   100.912    -1.26    2.68
-175482.766    99.875    -3.61    3.54
-175194.981    98.335    -5.35    4.36
-174907.173    96.648    -5.86    4.90
-174619.343    94.830    -6.32    4.84
-174331.492    93.065    -6.13    4.23
-174043.618    91.230    -6.37    3.06
-173755.722    90.139    -3.79    1.60
-173467.804    89.667    -1.64    1.30
-173179.864    89.592    -0.26    1.20
-172891.901    89.588    -0.01    1.13
-172603.917    89.533    -0.19    1.11
-172315.910    89.575     0.15    1.09
-172027.882    89.487    -0.30    1.02
-171739.831    89.419    -0.24    1.02
-171451.758    89.335    -0.29    0.99
-171163.663    89.205    -0.45    0.97
-170875.545    88.946    -0.90    1.09
-170587.406    88.799    -0.51    1.59
-170299.244    88.557    -0.84    1.75
-170011.060    88.037    -1.80    2.07
-169722.854    87.658    -1.32    2.20
-169434.626    87.232    -1.48    2.23
-169146.376    86.690    -1.88    2.31
-168858.103    86.075    -2.13    2.16
-168569.808    85.463    -2.12    1.77
-168281.491    85.342    -0.42    1.90
-167993.152    85.271    -0.25    1.83
-167704.790    84.989    -0.98    1.67
-167416.407    84.939    -0.17    1.60
-167128.001    84.954     0.05    1.77
-166839.572    85.013     0.20    1.77
-166551.122    85.057     0.15    1.70
-166262.649    85.103     0.16    1.71
-165974.154    84.959    -0.50    1.67
-165685.637    85.014     0.19    1.93
-165397.097    85.441     1.48    2.34
-165108.536    84.937    -1.75    2.81
-164819.951    86.175     4.29    4.57
-164531.345    88.130     6.77    6.01
-164242.716    90.648     8.72    6.66
-163954.065    92.809     7.48    6.30
-163665.392    95.101     7.94    5.74
-163376.697    96.695     5.52    4.81
-163087.979    97.541     2.93    2.72
-162799.238    98.047     1.75    3.00
-162510.476    99.094     3.62    3.75
-162221.691   100.102     3.49    4.22
-161932.884   100.886     2.72    4.54
-161644.054   101.926     3.60    4.84
-161355.202   103.667     6.03    5.07
-161066.328   105.530     6.45    5.10
-160777.431   106.817     4.46    5.36
-160488.512   108.257     4.98    5.63
-160199.571   110.240     6.86    6.18
-159910.607   113.605    11.65    7.56
-159621.621   117.569    13.71    8.90
-159332.612   122.354    16.56    9.58
-159043.581   126.409    14.03   10.61
-158754.528   131.941    19.13   10.36
-158465.452   137.129    17.95    8.92
-158176.354   141.148    13.90    7.15
-157887.233   144.027     9.96    5.87
-157598.090   146.485     8.50    3.94
-157311.655   147.500     3.54    3.06
-157027.180   147.481    -0.07    3.01
-156742.684   146.790    -2.43    3.29
-156458.166   145.484    -4.59    3.37
-156173.628   144.036    -5.09    3.42
-155889.068   141.809    -7.83    4.09
-155604.488   140.048    -6.19    4.42
-155319.886   138.067    -6.96    4.49
-155035.263   135.984    -7.32    4.09
-154750.619   134.130    -6.51    3.64
-154465.954   132.463    -5.85    2.68
-154181.268   131.260    -4.22    1.80
-153896.560   130.750    -1.79    1.57
-153611.832   130.317    -1.52    1.46
-153327.082   130.212    -0.37    1.64
-153042.312   130.307     0.33    2.04
-152757.520   130.241    -0.23    2.51
-152472.707   130.064    -0.62    3.01
-152187.872   129.744    -1.12    3.39
-151903.017   129.058    -2.41    3.74
-151618.140   128.148    -3.20    4.06
-151333.243   127.213    -3.28    4.12
-151048.324   126.129    -3.80    3.93
-150763.384   125.242    -3.11    3.61
-150478.423   124.375    -3.04    3.32
-150193.440   123.670    -2.47    3.36
-149908.436   122.402    -4.45    3.08
-149623.412   121.494    -3.19    2.92
-149338.366   120.582    -3.20    2.99
-149053.298   119.879    -2.46    2.95
-148768.210   119.248    -2.22    3.18
-148483.100   118.772    -1.67    3.35
-148197.969   117.991    -2.74    3.54
-147912.817   117.634    -1.25    3.54
-147627.643   116.986    -2.27    3.56
-147342.449   116.592    -1.38    3.46
-147057.233   116.111    -1.69    3.33
-146771.996   115.511    -2.10    3.30
-146486.737   114.981    -1.86    3.19
-146201.457   114.379    -2.11    3.34
-145916.156   113.578    -2.81    3.27
-145630.834   113.021    -1.95    3.35
-145345.491   112.541    -1.68    3.25
-145060.126   112.202    -1.18    3.34
-144774.740   112.120    -0.29    3.42
-144489.332   112.194     0.26    3.43
-144203.903   112.055    -0.49    3.56
-143918.453   112.129     0.26    3.29
-143632.982   112.103    -0.09    3.10
-143347.489   111.975    -0.45    2.65
-143061.975   111.574    -1.40    2.37
-142776.440   111.185    -1.36    2.03
-142490.883   111.035    -0.53    1.81
-142205.305   110.555    -1.68    2.01
-141919.706   110.041    -1.80    2.09
-141634.085   109.562    -1.67    2.20
-141348.443   108.944    -2.16    2.23
-141062.780   108.158    -2.75    2.26
-140777.095   107.563    -2.08    1.92
-140491.389   106.884    -2.38    1.80
-140205.661   106.555    -1.15    1.76
-139919.912   106.275    -0.98    1.77
-139634.142   105.724    -1.93    1.64
-139348.350   105.252    -1.65    1.71
-139062.537   104.793    -1.61    1.61
-138776.702   104.348    -1.56    1.48
-138490.846   104.094    -0.89    1.42
-138204.969   103.993    -0.35    1.36
-137919.070   103.802    -0.67    1.61
-137633.150   103.375    -1.50    2.13
-137347.208   102.450    -3.23    2.62
-137061.245   101.393    -3.70    3.07
-136775.261   100.324    -3.74    3.18
-136489.255    99.211    -3.89    2.79
-136203.227    98.092    -3.92    2.05
-135917.179    97.318    -2.70    1.68
-135631.108    96.513    -2.82    1.85
-135345.016    95.957    -1.94    2.24
-135058.903    95.389    -1.99    2.37
-134772.768    94.676    -2.49    2.40
-134486.612    94.157    -1.81    2.36
-134200.434    94.305     0.52    2.68
-133914.235    94.907     2.10    3.51
-133628.014    95.715     2.82    4.85
-133341.772    97.478     6.16    6.41
-133055.508    99.802     8.12    7.38
-132769.223   102.195     8.36    6.98
-132482.916   104.694     8.73    5.40
-132196.588   105.384     2.41    4.91
-131910.238   105.475     0.32    4.56
-131623.866   104.255    -4.26    4.97
-131337.473   101.832    -8.46    5.19
-131051.059   100.541    -4.51    4.57
-130764.623   100.337    -0.71    5.13
-130478.165   102.224     6.59    7.37
-130191.686   104.382     7.53    8.67
-129905.185   107.685    11.53    9.79
-129618.663   111.321    12.69    9.52
-129332.119   114.475    11.01    9.19
-129045.553   117.875    11.86    8.80
-128758.966   120.849    10.38    8.41
-128472.357   123.057     7.70    8.43
-128185.727   124.957     6.63    8.21
-127899.075   126.621     5.80    7.18
-127612.402   128.327     5.95    6.06
-127325.706   129.629     4.54    5.01
-127038.990   130.765     3.96    4.19
-126752.251   131.112     1.21    3.78
-126465.491   131.023    -0.31    4.15
-126178.709   130.884    -0.48    4.65
-125891.906   130.970     0.30    5.00
-125605.081   130.518    -1.58    5.71
-125318.234   130.139    -1.32    6.10
-125031.366   130.517     1.32    5.72
-124744.476   131.291     2.70    5.19
-124457.564   132.157     3.02    4.60
-124170.631   132.653     1.73    4.31
-123883.676   133.784     3.94    3.88
-123596.699   134.428     2.24    3.63
-123309.701   135.305     3.06    3.37
-123022.681   135.924     2.16    2.94
-122735.639   136.366     1.54    2.70
-122448.575   136.287    -0.28    3.04
-122161.490   135.597    -2.40    3.60
-121874.383   134.214    -4.81    4.47
-121587.254   132.845    -4.77    4.69
-121300.104   131.506    -4.66    4.75
-121012.931   130.575    -3.24    4.71
-120725.737   129.503    -3.73    4.46
-120438.522   128.714    -2.75    4.39
-120151.284   128.250    -1.62    4.86
-119864.025   128.946     2.42    4.87
-119576.744   129.579     2.20    4.95
-119289.441   130.481     3.14    4.70
-119002.117   131.074     2.06    4.53
-118714.770   131.391     1.10    4.17
-118427.402   130.896    -1.72    4.40
-118140.012   129.963    -3.25    4.60
-117852.600   128.346    -5.63    5.02
-117565.167   126.652    -5.89    5.61
-117277.711   125.411    -4.32    5.61
-116990.234   125.001    -1.43    5.52
-116702.735   124.818    -0.64    5.40
-116415.214   124.166    -2.27    5.49
-116127.672   124.193     0.09    5.55
-115840.107   124.730     1.87    5.14
-115552.521   126.074     4.68    4.79
-115264.913   126.896     2.86    4.87
-114977.283   128.101     4.19    4.96
-114689.631   129.790     5.87    4.47
-114401.957   131.121     4.62    3.35
-114114.261   131.746     2.17    2.76
-113826.544   132.257     1.78    2.26
-113538.804   132.587     1.15    1.87
-113251.043   132.426    -0.56    2.05
-112963.260   131.681    -2.59    3.25
-112675.455   130.772    -3.16    3.48
-112387.628   130.157    -2.14    3.27
-112099.779   129.301    -2.97    3.18
-111811.908   128.812    -1.70    2.65
-111524.015   128.044    -2.66    2.21
-111236.100   127.298    -2.59    2.04
-110948.164   126.805    -1.71    2.15
-110660.205   126.193    -2.13    2.22
-110372.225   125.995    -0.69    2.50
-110084.222   125.944    -0.17    2.64
-109796.198   125.875    -0.24    2.63
-109508.151   125.494    -1.32    2.61
-109220.083   125.102    -1.36    2.57
-108931.993   124.652    -1.56    2.80
-108643.880   124.076    -2.00    2.81
-108355.746   123.373    -2.44    2.88
-108067.590   122.542    -2.88    3.05
-107779.411   121.648    -3.10    3.19
-107491.211   121.037    -2.12    3.47
-107202.989   120.666    -1.29    3.73
-106914.745   120.607    -0.20    3.91
-106626.478   120.517    -0.31    4.02
-106338.190   120.989     1.64    4.14
-106049.880   121.518     1.84    4.00
-105761.547   122.852     4.62    4.05
-105473.193   123.866     3.52    3.71
-105184.816   124.701     2.90    3.26
-104896.418   124.950     0.86    3.40
-104607.997   124.717    -0.81    3.77
-104319.554   123.713    -3.48    4.57
-104031.090   122.416    -4.49    5.12
-103742.603   121.432    -3.41    4.80
-103454.094   120.454    -3.39    4.19
-103165.563   120.192    -0.91    3.45
-102877.010   120.301     0.38    2.80
-102588.435   120.578     0.96    2.65
-102299.837   120.963     1.33    2.62
-102011.218   120.808    -0.53    2.84
-101722.577   120.364    -1.54    3.48
-101433.913   119.337    -3.56    4.43
-101145.227   117.793    -5.35    5.06
-100856.519   116.036    -6.09    5.18
-100567.789   114.186    -6.41    4.69
-100279.037   113.139    -3.63    4.16
 -99990.263   112.571    -1.97    3.83
 -99701.466   112.382    -0.66    3.54
 -99412.648   112.924     1.88    3.65
 -99123.807   113.666     2.57    3.34
 -98834.944   114.157     1.70    2.68
 -98546.059   114.185     0.10    2.23
 -98257.152   113.845    -1.18    1.98
 -97968.222   113.238    -2.10    2.10
 -97679.271   112.553    -2.37    2.01
 -97390.297   111.730    -2.85    2.06
 -97101.301   111.224    -1.75    1.90
 -96812.282   110.634    -2.04    1.75
 -96523.242   110.204    -1.49    1.88
 -96234.179   109.621    -2.02    2.11
 -95945.094   108.764    -2.96    2.18
 -95655.987   107.922    -2.91    2.33
 -95370.152   107.027    -3.13    2.37
 -95085.655   106.201    -2.90    2.37
 -94801.137   105.129    -3.77    2.12
 -94516.598   104.478    -2.29    1.93
 -94232.038   104.004    -1.67    1.94
 -93947.457   103.460    -1.91    1.69
 -93662.856   103.167    -1.03    1.69
 -93378.233   102.587    -2.04    2.15
 -93093.589   102.364    -0.78    2.13
 -92808.925   102.130    -0.82    2.02
 -92524.240   101.827    -1.06    1.98
 -92239.533   101.528    -1.05    1.81
 -91954.806   101.221    -1.08    1.77
 -91670.058   101.211    -0.03    1.74
 -91385.289   101.427     0.76    1.45
 -91100.499   101.585     0.56    1.39
 -90815.688   101.778     0.68    1.45
 -90530.856   101.643    -0.47    1.62
 -90246.003   101.222    -1.48    1.93
 -89961.129   100.859    -1.27    1.89
 -89676.235   100.427    -1.52    1.84
 -89391.319   100.040    -1.36    1.82
 -89106.382    99.258    -2.74    2.02
 -88821.424    98.313    -3.32    2.57
 -88536.446    97.319    -3.49    3.30
 -88251.446    96.299    -3.58    3.66
 -87966.425    95.032    -4.45    3.56
 -87681.383    93.821    -4.25    2.87
 -87396.320    92.704    -3.92    1.83
 -87111.237    92.213    -1.72    1.40
 -86826.132    91.796    -1.46    2.19
 -86541.006    90.674    -3.93    3.46
 -86255.859    89.895    -2.73    3.96
 -85970.691    89.148    -2.62    4.40
 -85685.502    88.565    -2.05    4.72
 -85400.292    88.248    -1.11    5.23
 -85115.061    88.247    -0.00    5.32
 -84829.809    88.505     0.90    5.68
 -84544.536    88.251    -0.89    5.89
 -84259.242    87.950    -1.05    5.90
 -83973.926    87.370    -2.03    6.25
 -83688.590    87.093    -0.97    6.44
 -83403.232    86.968    -0.44    6.32
 -83117.854    87.049     0.28    6.07
 -82832.454    87.616     1.99    5.79
 -82547.033    88.935     4.62    5.69
 -82261.591    90.579     5.76    5.20
 -81976.128    92.454     6.57    5.14
 -81690.644    96.505    14.19    9.07
 -81405.139   102.018    19.31   13.87
 -81119.613   109.176    25.07   17.13
 -80834.065   117.073    27.65   18.49
 -80548.496   124.521    26.08   17.00
 -80262.907   130.978    22.61   13.05
 -79977.296   135.463    15.70    7.56
 -79691.663   137.735     7.95    3.56
 -79406.010   137.241    -1.73    3.73
 -79120.336   136.230    -3.54    3.74
 -78834.640   135.337    -3.12    3.55
 -78548.923   134.344    -3.47    3.22
 -78263.185   133.737    -2.13    3.06
 -77977.426   133.120    -2.16    2.77
 -77691.646   132.852    -0.94    2.29
 -77405.845   132.913     0.22    1.93
 -77120.022   133.156     0.85    1.75
 -76834.178   133.373     0.76    1.66
 -76548.313   133.698     1.14    1.71
 -76262.426   134.185     1.70    1.68
 -75976.519   134.724     1.89    1.53
 -75690.590   135.049     1.14    1.49
 -75404.640   135.184     0.47    1.73
 -75118.669   135.009    -0.61    1.93
 -74832.676   134.592    -1.46    2.32
 -74546.662   133.379    -4.24    4.02
 -74260.627   132.031    -4.72    4.95
 -73974.571   130.236    -6.27    6.00
 -73688.493   128.402    -6.41    6.65
 -73402.395   126.398    -7.01    7.16
 -73116.275   124.750    -5.76    7.07
 -72830.133   123.721    -3.60    6.99
 -72543.970   123.326    -1.38    7.07
 -72257.787   122.688    -2.23    7.38
 -71971.581   122.221    -1.63    7.66
 -71685.355   121.713    -1.77    7.56
 -71399.107   120.092    -5.66    7.31
 -71112.838   118.221    -6.54    7.33
 -70826.547   115.764    -8.58    7.30
 -70540.235   113.740    -7.07    6.99
 -70253.902   112.268    -5.14    6.41
 -69967.548   109.558    -9.46    6.67
 -69681.172   107.515    -7.14    6.33
 -69394.775   106.514    -3.50    6.25
 -69108.356   106.130    -1.34    6.64
 -68821.916   105.715    -1.45    7.13
 -68535.455   105.083    -2.21    7.69
 -68248.973   105.531     1.56    8.19
 -67962.469   106.129     2.09    8.55
 -67675.943   106.922     2.77    8.30
 -67389.397   107.510     2.05    7.71
 -67102.829   107.666     0.54    6.45
 -66816.239   106.719    -3.31    6.34
 -66529.628   106.555    -0.57    6.66
 -66242.996   106.094    -1.61    6.98
 -65956.342   105.666    -1.50    7.10
 -65669.667   106.013     1.21    7.31
 -65382.970   106.812     2.79    7.23
 -65096.252   108.827     7.03    6.98
 -64809.513   111.386     8.92    6.74
 -64522.752   114.067     9.35    6.06
 -64235.970   116.542     8.63    5.35
 -63949.166   118.517     6.89    4.62
 -63662.341   119.763     4.34    3.99
 -63375.494   120.221     1.60    4.31
 -63088.626   120.237     0.05    4.27
 -62801.737   119.576    -2.30    4.78
 -62514.826   118.157    -4.95    6.06
 -62227.893   116.451    -5.95    7.34
 -61940.939   114.185    -7.90    8.60
 -61653.964   111.009   -11.07    8.89
 -61366.967   108.293    -9.46    8.51
 -61079.948   105.362   -10.21    8.18
 -60792.908   102.808    -8.90    7.09
 -60505.847   100.570    -7.80    5.99
 -60218.764    98.085    -8.65    5.47
 -59931.659    96.368    -5.98    5.71
 -59644.533    93.484   -10.04    7.11
 -59357.386    90.567   -10.16    7.21
 -59070.217    88.258    -8.04    6.82
 -58783.026    87.699    -1.94    7.00
 -58495.814    88.259     1.95    8.11
 -58208.580    89.698     5.01    9.26
 -57921.325    91.701     6.97   10.21
 -57634.048    95.219    12.25   10.08
 -57346.749    98.539    11.55    7.99
 -57059.429   101.139     9.05    5.55
 -56772.088   102.047     3.16    4.86
 -56484.725   101.733    -1.09    5.34
 -56197.340   100.537    -4.16    6.35
 -55909.933    98.517    -7.03    7.33
 -55622.505    95.611   -10.11    7.99
 -55335.056    92.509   -10.79    7.74
 -55047.585    89.148   -11.69    7.18
 -54760.092    87.445    -5.92    6.66
 -54472.577    85.451    -6.93    5.86
 -54185.041    82.841    -9.08    6.02
 -53897.484    79.944   -10.07    7.20
 -53609.904    76.282   -12.74    7.87
 -53322.303    73.001   -11.41    7.62
 -53034.681    70.351    -9.21    6.78
 -52747.036    68.674    -5.83    6.02
 -52459.370    69.839     4.05    9.38
 -52171.683    73.342    12.18   12.78
 -51883.973    79.426    21.14   15.78
 -51596.242    85.558    21.31   16.53
 -51308.490    92.005    22.40   15.11
 -51020.715    97.969    20.72   11.13
 -50732.919   100.853    10.02    9.50
 -50445.101   102.935     7.23    8.30
 -50157.262   104.818     6.54    7.94
 -49869.401   106.898     7.23    6.95
 -49581.518   108.193     4.50    6.22
 -49293.613   109.496     4.53    5.49
 -49005.687   110.569     3.73    5.45
 -48717.739   110.989     1.46    5.63
 -48429.769   111.432     1.54    6.10
 -48141.777   111.657     0.78    6.65
 -47853.764   111.844     0.65    6.87
 -47565.729   111.850     0.02    6.83
 -47277.672   111.643    -0.72    6.56
 -46989.594   111.065    -2.01    6.74
 -46701.493   110.382    -2.37    6.51
 -46413.371   110.670     1.00    5.75
 -46125.227   110.288    -1.33    5.32
 -45837.061   109.210    -3.74    5.78
 -45548.874   108.111    -3.81    6.08
 -45260.665   106.092    -7.01    6.92
 -44972.434   104.002    -7.25    7.47
 -44684.181   101.850    -7.47    7.90
 -44395.906    99.612    -7.76    7.79
 -44107.609    97.427    -7.58    8.31
 -43819.291    94.916    -8.71    8.90
 -43530.951    91.992   -10.14    9.34
 -43242.589    89.029   -10.28    9.81
 -42954.205    85.960   -10.64    9.33
 -42665.799    83.661    -7.97    8.71
 -42377.371    81.274    -8.28    8.48
 -42088.922    80.249    -3.55    8.52
 -41800.451    79.774    -1.65    8.69
 -41511.957    79.210    -1.96    8.49
 -41223.442    78.076    -3.93    7.84
 -40934.905    77.058    -3.53    6.59
 -40646.346    75.950    -3.84    5.57
 -40357.766    74.763    -4.11    5.07
 -40069.163    72.974    -6.20    4.52
 -39780.539    71.175    -6.23    4.25
 -39491.892    69.630    -5.35    4.15
 -39203.224    68.422    -4.18    3.89
 -38914.533    67.497    -3.21    3.95
 -38625.821    67.049    -1.55    4.23
 -38337.087    66.307    -2.57    4.70
 -38048.331    64.661    -5.70    6.08
 -37759.553    62.773    -6.54    7.45
 -37470.753    60.688    -7.22    8.16
 -37181.931    58.793    -6.56    8.66
 -36893.087    57.870    -3.20    8.60
 -36604.221    57.350    -1.80    8.88
 -36315.333    57.121    -0.79    8.96
 -36026.424    56.280    -2.91    9.03
 -35737.492    55.007    -4.41    9.63
 -35448.538    54.451    -1.93   10.64
 -35159.562    53.791    -2.28   11.70
 -34870.564    53.185    -2.10   12.41
 -34581.545    53.944     2.63   12.81
 -34292.503    54.387     1.53   13.56
 -34003.439    56.433     7.08   14.02
 -33714.353    58.130     5.87   12.94
 -33429.115    58.583     1.59   11.77
 -33144.606    57.889    -2.44   10.78
 -32860.076    55.868    -7.10   10.61
 -32575.526    53.505    -8.31    9.52
 -32290.954    50.499   -10.56    7.63
 -32006.363    47.298   -11.25    4.89
 -31721.750    45.344    -6.86    4.89
 -31437.117    44.094    -4.39    6.01
 -31152.463    42.891    -4.23    7.20
 -30867.788    41.966    -3.25    8.09
 -30583.093    41.299    -2.34    8.74
 -30298.377    40.454    -2.97    9.06
 -30013.641    39.617    -2.94    9.33
 -29728.883    37.411    -7.75   10.00
 -29444.105    34.882    -8.88   10.33
 -29159.306    31.957   -10.27    9.78
 -28874.487    29.352    -9.15    8.81
 -28589.646    27.496    -6.52    8.14
 -28304.785    25.416    -7.30    6.21
 -28019.903    24.311    -3.88    4.28
 -27735.001    23.812    -1.75    3.46
 -27450.077    24.257     1.56    3.33
 -27165.133    24.433     0.62    3.49
 -26880.169    25.264     2.91    3.55
 -26595.183    26.657     4.89    3.72
 -26310.177    28.148     5.23    4.63
 -26025.149    30.592     8.58    7.21
 -25740.101    33.911    11.64   11.59
 -25455.033    40.299    22.41   16.61
 -25169.943    47.342    24.70   22.22
 -24884.833    55.352    28.09   25.92
 -24599.701    64.228    31.13   27.99
 -24314.549    74.544    36.18   26.67
 -24029.377    84.395    34.54   23.35
 -23744.183    92.773    29.37   18.73
 -23458.969   100.861    28.36   14.65
 -23173.733   106.019    18.08   11.54
 -22888.477   108.960    10.31   10.27
 -22603.200   111.007     7.18    8.66
 -22317.902   112.454     5.07    6.96
 -22032.584   112.454    -0.00    6.62
 -21747.244   111.120    -4.67    8.30
 -21461.884   109.826    -4.53    8.40
 -21176.502   109.342    -1.70    7.59
 -20891.100   108.746    -2.09    7.55
 -20605.677   108.102    -2.25    7.09
 -20320.233   107.954    -0.52    7.38
 -20034.768   107.333    -2.17    8.12
 -19749.283   105.469    -6.53   10.09
 -19463.776   105.404    -0.23   10.88
 -19178.249   106.165     2.66   11.65
 -18892.700   107.232     3.74   11.20
 -18607.131   107.639     1.42   10.20
 -18321.541   106.853    -2.75    9.84
 -18035.929   105.805    -3.67   10.05
 -17750.297   103.969    -6.43   10.42
 -17464.644    99.854   -14.40   11.11
 -17178.970    95.946   -13.68    9.91
 -16893.275    93.440    -8.77    9.08
 -16607.559    92.779    -2.31    9.40
 -16321.823    92.826     0.17   10.31
 -16036.065    92.322    -1.76   10.91
 -15750.286    92.166    -0.54   11.56
 -15464.486    92.431     0.92   10.45
 -15178.665    90.612    -6.36   11.30
 -14892.824    86.326   -14.99   14.58
 -14606.961    80.368   -20.84   17.09
 -14321.077    72.046   -29.11   16.99
 -14035.173    64.219   -27.38   14.01
 -13749.247    58.237   -20.92   10.52
 -13463.300    53.238   -17.48    5.87
 -13177.332    50.721    -8.80    4.39
 -12891.344    48.796    -6.73    3.29
 -12605.334    47.389    -4.92    2.66
 -12319.303    46.454    -3.27    2.24
 -12033.251    45.549    -3.16    2.04
 -11747.178    44.900    -2.27    2.11
 -11461.084    44.213    -2.40    2.26
 -11174.969    43.916    -1.04    2.31
 -10888.833    43.634    -0.99    2.44
 -10602.676    43.270    -1.27    2.50
 -10316.498    42.811    -1.60    2.45
 -10030.299    42.557    -0.89    2.36
  -9744.079    42.295    -0.92    2.11
  -9457.837    42.041    -0.88    2.01
  -9171.575    41.639    -1.41    1.83
  -8885.291    41.255    -1.34    1.69
  -8598.987    41.010    -0.85    2.00
  -8312.661    40.500    -1.78    2.29
  -8026.314    40.121    -1.32    2.36
  -7739.946    40.049    -0.25    2.41
  -7453.557    39.764    -1.00    2.31
  -7167.146    39.842     0.27    2.35
  -6880.715    39.694    -0.52    2.31
  -6594.263    39.589    -0.37    2.49
  -6307.789    39.218    -1.29    2.51
  -6021.294    39.076    -0.50    2.70
  -5734.778    38.634    -1.54    2.75
  -5448.241    38.268    -1.28    2.56
  -5161.683    37.671    -2.09    2.55
  -4875.103    37.112    -1.95    2.77
  -4588.503    36.103    -3.52    3.37
  -4301.881    34.882    -4.26    3.93
  -4015.238    33.157    -6.02    4.15
  -3728.574    31.266    -6.60    4.65
  -3441.889    29.746    -5.30    4.80
  -3155.182    28.269    -5.15    4.77
  -2868.454    26.779    -5.20    4.98
  -2581.705    26.175    -2.11    5.12
  -2294.935    25.246    -3.24    4.96
  -2008.144    24.418    -2.89    5.09
  -1721.331    23.351    -3.72    6.58
  -1434.497    20.378   -10.37    9.37
  -1147.642    16.518   -13.45   11.57
   -860.766    12.076   -15.48   12.32
   -573.869     7.739   -15.12   11.29
   -286.950     5.542    -7.66    9.42
     -0.010     3.811    -6.03    7.14
    286.952     3.460    -1.22    5.13
    573.934     4.882     4.96    4.89
    860.938     6.257     4.79    4.19
   1147.963     7.156     3.13    2.92
   1435.010     7.121    -0.12    1.89
   1722.077     6.791    -1.15    1.31
   2009.166     6.854     0.22    1.35
   2296.277     7.331     1.66    2.37
   2583.408     8.085     2.62    3.02
   2870.561     8.683     2.08    3.02
   3157.735    10.264     5.50    4.31
   3444.931    11.724     5.09    5.14
   3732.148    12.988     4.40    5.31
   4019.386    14.018     3.59    4.93
   4306.646    14.705     2.39    4.57
   4593.926    15.077     1.30    4.48
   4881.229    14.802    -0.96    4.55
   5168.552    14.029    -2.69    4.32
   5455.897    13.157    -3.03    3.85
   5743.263    12.987    -0.59    3.69
   6030.651    12.867    -0.42    3.41
   6318.060    13.369     1.75    3.81
   6605.491    14.574     4.19    4.67
   6892.942    16.639     7.18    5.98
   7180.415    18.451     6.30    6.81
   7467.910    20.565     7.35    7.53
   7755.426    22.755     7.62    7.94
   8042.963    24.384     5.67    7.92
   8330.522    24.993     2.12    8.18
   8618.102    25.339     1.20    8.53
   8905.704    24.525    -2.83    9.20
   9193.327    23.898    -2.18    9.44
   9480.972    22.942    -3.32    9.81
   9768.638    21.019    -6.68    9.56
  10056.325    20.884    -0.47   10.34
  10344.034    20.882    -0.01   10.54
  10631.764    20.576    -1.06   10.35
  10919.516    20.346    -0.80    9.79
  11207.289    20.484     0.48    9.16
  11495.084    23.055     8.93    9.79
  11782.900    25.361     8.01    9.81
  12070.737    27.255     6.58   10.32
  12358.596    28.165     3.16   10.24
  12646.477    29.148     3.41   10.41
  12934.379    30.148     3.47   10.70
  13222.303    30.930     2.72   11.44
  13510.248    30.692    -0.82   12.40
  13798.214    29.791    -3.13   12.55
  14086.203    28.460    -4.62   11.64
  14374.212    27.249    -4.21   10.87
  14662.243    26.264    -3.42    9.55
  14950.296    25.148    -3.87    8.12
  15238.370    24.586    -1.95    7.24
  15526.466    24.358    -0.79    6.50
  15814.583    24.193    -0.57    5.86
  16102.722    24.407     0.74    5.44
  16390.883    25.313     3.15    7.58
  16679.065    26.244     3.23    9.44
  16967.268    27.391     3.98   10.39
  17255.494    28.558     4.05   10.68
  17543.740    28.671     0.39    8.97
  17832.009    28.821     0.52    8.02
  18120.299    29.304     1.68    7.85
  18408.610    29.674     1.28    7.54
  18696.943    29.603    -0.25    7.52
  18985.298    30.575     3.37    8.08
  19273.675    31.616     3.61    8.45
  19562.073    32.275     2.29    8.60
  19850.492    33.005     2.53    8.22
  20138.933    33.880     3.03    7.84
  20427.396    33.924     0.15    6.98
  20715.881    33.993     0.24    5.98
  21004.387    33.818    -0.61    5.53
  21292.915    33.184    -2.20    5.42
  21581.464    32.362    -2.85    5.29
  21870.036    31.219    -3.96    4.89
  22158.628    30.335    -3.06    4.13
  22447.243    30.570     0.81    4.52
  22735.879    30.542    -0.10    4.52
  23024.537    30.333    -0.72    4.32
  23313.217    29.939    -1.37    4.13
  23601.918    30.395     1.58    5.63
  23890.641    31.348     3.30    6.96
  24179.385    33.942     8.99   10.09
  24468.152    36.671     9.45   12.06
  24756.940    39.849    11.01   13.68
  25045.750    42.591     9.49   14.61
  25334.581    45.594    10.40   15.14
  25623.435    47.157     5.41   15.32
  25912.310    48.487     4.61   14.36
  26201.207    46.670    -6.29   13.44
  26490.125    45.639    -3.57   12.25
  26779.065    44.648    -3.43   10.57
  27068.027    43.634    -3.51    8.92
  27357.011    45.382     6.05   11.84
  27646.017    48.700    11.48   15.39
  27935.044    54.443    19.87   20.42
  28224.093    61.811    25.49   24.27
  28508.816    69.984    28.71   26.31
  28793.356    77.308    25.74   24.82
  29077.916    82.924    19.74   20.97
  29362.497    86.332    11.97   16.98
  29647.099    87.960     5.72   13.77
  29931.720    86.937    -3.60   13.49
  30216.363    84.735    -7.74   13.87
  30501.025    81.935    -9.84   12.83
  30785.708    80.034    -6.68   12.43
  31070.412    80.416     1.34   12.56
  31355.136    81.058     2.26   11.04
  31639.881    82.607     5.44   10.60
  31924.646    85.537    10.29   10.93
  32209.431    88.713    11.15   11.71
  32494.237    91.301     9.09   11.05
  32779.064    92.853     5.45    9.54
  33063.911    94.863     7.06    6.86
  33348.778    95.303     1.54    6.65
  33633.666    94.665    -2.24    7.11
  33918.575    93.346    -4.63    7.86
  34203.504    91.210    -7.50    9.40
  34488.453    90.841    -1.29   10.89
  34773.423    90.854     0.04   11.37
  35058.414    92.463     5.65   11.54
  35343.425    93.694     4.32   12.18
  35628.457    96.648    10.36   12.40
  35913.509   100.567    13.75   14.31
  36198.582   106.475    20.72   15.33
  36483.675   111.887    18.98   15.17
  36768.789   117.021    18.01   13.01
  37053.924   119.791     9.71   11.09
  37339.079   121.121     4.67    9.87
  37624.254   121.287     0.58    9.51
  37909.450   121.077    -0.74    9.68
  38194.667   120.857    -0.77   10.32
  38479.905   121.968     3.89   12.25
  38765.163   125.533    12.50   14.74
  39050.441   130.078    15.93   14.96
  39335.740   133.086    10.54   13.29
  39621.060   134.375     4.52   12.38
  39906.401   131.802    -9.02   13.03
  40191.762   126.378   -19.01   17.39
  40477.143   119.834   -22.93   18.43
  40762.546   115.785   -14.19   17.27
  41047.969   118.183     8.40   24.62
  41333.412   125.974    27.29   33.86
  41618.877   136.395    36.51   39.17
  41904.361   148.527    42.49   40.62
  42189.867   162.472    48.85   37.59
  42475.393   176.058    47.58   31.77
  42760.940   186.454    36.41   27.64
  43046.508   187.316     3.02   28.61
  43332.096   188.682     4.78   27.39
  43617.705   188.995     1.10   26.35
  43903.335   190.174     4.13   23.39
  44188.985   191.821     5.76   20.04
  44474.656   192.502     2.38   19.85
  44760.348   195.156     9.29   20.49
  45046.060   198.841    12.90   23.11
  45331.793   204.066    18.29   26.90
  45617.547   214.321    35.89   30.67
  45903.322   226.094    41.20   32.58
  46189.117   237.304    39.22   31.28
  46474.933   248.075    37.69   26.16
  46760.770   251.845    13.19   21.42
  47046.627   252.805     3.36   19.06
  47332.506   250.767    -7.13   20.99
  47618.405   247.059   -12.97   24.70
  47904.324   241.293   -20.17   29.21
  48190.265   237.411   -13.58   31.24
  48476.226   234.433   -10.41   32.04
  48762.208   234.166    -0.94   32.64
  49048.211   230.805   -11.75   34.54
  49334.235   221.966   -30.91   39.82
  49620.279   209.589   -43.27   47.00
  49906.345   196.764   -44.84   55.10
  50192.431   177.192   -68.41   61.19
  50478.538   158.555   -65.14   59.67
  50764.665   142.827   -54.97   51.95
  51050.814   136.445   -22.30   45.75
  51336.983   129.898   -22.88   43.67
  51623.173   124.264   -19.69   42.64
  51909.384   119.005   -18.37   41.98
  52195.616   114.497   -15.75   39.73
  52481.869   110.986   -12.27   36.22
  52768.142   106.835   -14.50   33.39
  53054.437   107.032     0.69   36.63
  53340.752   114.977    27.75   44.62
  53627.088   129.533    50.84   52.19
  53913.445   152.811    81.29   62.11
  54199.823   173.971    73.89   67.48
  54486.221   198.166    84.48   65.32
  54772.641   212.739    50.88   58.68
  55059.081   218.130    18.82   55.39
  55345.543   216.421    -5.97   48.98
  55632.025   219.533    10.87   44.75
  55918.528   217.560    -6.89   38.87
  56205.052   214.502   -10.67   34.43
  56491.597   218.490    13.92   31.32
  56778.163   225.544    24.62   29.29
  57064.750   234.923    32.73   33.72
  57351.358   244.466    33.30   35.16
  57637.986   255.702    39.20   36.32
  57924.636   265.817    35.29   36.58
  58211.307   274.433    30.06   33.80
  58497.998   281.846    25.86   30.56
  58784.711   287.384    19.32   30.72
  59071.444   290.542    11.01   29.53
  59358.198   294.782    14.78   28.79
  59644.974   299.335    15.88   27.14
  59931.770   302.932    12.54   24.99
  60218.588   304.849     6.69   23.57
  60505.426   307.852    10.47   23.46
  60792.285   311.773    13.67   23.75
  61079.165   316.566    16.71   25.48
  61366.067   325.854    32.38   25.58
  61652.989   336.113    35.76   24.10
  61939.932   346.013    34.50   20.82
  62226.897   355.523    33.14   19.16
  62513.882   360.939    18.87   17.38
  62800.889   361.551     2.13   18.65
  63087.916   358.062   -12.16   26.28
  63374.964   345.612   -43.37   44.61
  63662.034   321.335   -84.57   62.86
  63949.125   286.721  -120.57   73.79
  64236.236   258.998   -96.56   68.90
  64523.369   237.475   -74.96   56.71
  64810.523   217.442   -69.77   40.54
  65097.697   211.496   -20.71   35.22
  65384.893   217.375    20.47   38.07
  65672.110   228.723    39.51   34.97
  65959.348   237.604    30.92   28.77
  66246.607   238.799     4.16   26.16
  66533.888   240.029     4.28   25.81
  66821.189   247.221    25.03   25.37
  67108.512   256.024    30.64   29.23
  67395.855   268.147    42.19   35.30
  67683.220   282.166    48.78   39.43
  67970.606   299.472    60.22   41.89
  68258.012   318.454    66.05   40.95
  68545.441   339.387    72.83   35.99
  68832.890   359.050    68.41   33.92
  69120.360   376.997    62.43   38.38
  69407.852   399.092    76.86   44.37
  69695.364   425.289    91.12   50.37
  69982.898   446.625    74.21   46.43
  70270.453   462.679    55.83   38.60
  70558.029   468.993    21.96   37.73
  70845.626   462.259   -23.42   48.28
  71133.245   439.679   -78.51   62.77
  71420.885   415.358   -84.56   69.24
  71708.545   383.498  -110.76   67.19
  71996.228   353.760  -103.38   56.83
  72283.931   325.749   -97.36   43.62
  72571.655   302.067   -82.31   38.88
  72859.401   284.277   -61.83   38.94
  73147.168   266.726   -60.99   38.08
  73434.956   249.357   -60.36   38.18
  73722.765   229.567   -68.76   40.95
  74010.596   212.933   -57.79   38.59
  74298.448   203.566   -32.54   35.12
  74586.321   197.417   -21.36   31.83
  74874.215   196.373    -3.63   30.30
  75162.131   200.424    14.07   33.21
  75450.067   206.983    22.78   36.70
  75738.026   212.440    18.95   36.57
  76026.005   219.328    23.92   34.79
  76314.006   228.165    30.69   31.02
  76602.027   233.987    20.21   28.80
  76890.071   235.067     3.75   27.35
  77178.135   229.884   -17.99   30.93
  77466.221   227.113    -9.62   30.04
  77754.328   227.956     2.93   27.96
  78042.456   226.760    -4.15   26.99
  78330.606   224.283    -8.60   24.15
  78618.777   221.924    -8.18   21.30
  78906.969   226.087    14.44   20.87
  79195.183   233.586    26.02   20.18
  79483.418   241.292    26.74   19.10
  79771.675   247.475    21.45   20.53
  80059.952   255.060    26.31   22.81
  80348.251   263.674    29.88   22.00
  80636.572   271.346    26.61   18.89
  80924.913   277.948    22.90   15.41
  81213.277   283.139    18.00   14.52
  81501.661   287.916    16.56   13.26
  81790.067   291.603    12.79   11.91
  82078.494   293.714     7.32   10.27
  82366.943   293.299    -1.44   10.60
  82655.413   292.001    -4.50   12.50
  82943.904   289.926    -7.19   14.96
  83232.417   289.297    -2.18   17.82
  83520.951   288.785    -1.77   20.99
  83809.507   287.481    -4.52   23.60
  84098.084   285.854    -5.64   25.98
  84386.683   282.463   -11.75   27.84
  84675.303   279.182   -11.37   26.93
  84963.944   276.369    -9.75   23.63
  85252.607   272.724   -12.63   20.24
  85541.291   271.902    -2.85   16.33
  85829.997   272.451     1.90   14.87
  86118.724   276.604    14.38   16.43
  86407.472   282.356    19.92   19.01
  86696.243   291.058    30.14   22.01
  86985.034   302.496    39.61   22.66
  87273.847   314.221    40.60   21.10
  87562.682   324.182    34.49   22.89
  87851.538   335.906    40.59   29.94
  88140.415   348.873    44.89   36.19
  88429.314   358.782    34.30   39.31
  88718.235   368.220    32.67   39.67
  89007.177   370.569     8.13   38.55
  89296.140   372.749     7.55   37.59
  89585.125   376.288    12.25   36.70
  89874.132   379.238    10.21   37.50
  90162.791   384.487    18.19   38.92
  90447.324   388.811    15.20   43.27
  90731.878   397.556    30.73   43.82
  91016.452   402.182    16.26   42.11
  91301.047   402.555     1.31   43.78
  91585.661   385.841   -58.73   56.05
  91870.295   366.990   -66.24   64.16
  92154.950   340.758   -92.16   65.09
  92439.625   315.075   -90.22   54.94
  92724.320   293.239   -76.71   39.87
  93009.036   285.463   -27.31   28.20
  93293.771   288.940    12.21   32.85
  93578.527   302.924    49.11   51.31
  93863.303   328.344    89.27   66.35
  94148.099   361.275   115.64   70.86
  94432.915   393.251   112.27   68.10
  94717.752   423.087   104.76   56.10
  95002.609   442.353    67.64   41.19
  95287.486   449.166    23.92   32.29
  95572.384   442.340   -23.96   36.03
  95857.301   429.495   -45.09   43.29
  96142.239   412.419   -59.93   47.36
  96427.197   394.852   -61.65   46.26
  96712.176   378.335   -57.96   42.38
  96997.174   362.647   -55.05   35.51
  97282.193   349.209   -47.15   28.91
  97567.233   338.539   -37.44   26.96
  97852.292   329.787   -30.70   28.89
  98137.372   322.384   -25.97   29.89
  98422.472   316.639   -20.15   30.38
  98707.592   311.024   -19.69   30.38
  98992.733   309.880    -4.01   31.20
  99277.894   315.130    18.41   38.63
  99563.076   324.739    33.70   49.49
  99848.277   335.583    38.03   56.70
 100133.499   348.344    44.74   62.55
 100418.742   359.782    40.10   70.23
 100704.004   375.732    55.92   65.49
 100989.287   390.058    50.22   51.24
 101274.591   396.608    22.96   42.97
 101559.914   396.680     0.25   40.49
 101845.258   383.373   -46.64   47.20
 102130.623   354.356  -101.69   71.83
 102416.008   321.962  -113.52   83.53
 102701.413   302.121   -69.52   81.82
 102986.838   284.612   -61.35   73.97
 103272.284   278.104   -22.80   61.46
 103557.750   278.327     0.78   55.53
 103843.237   292.009    47.93   55.17
 104128.744   310.391    64.39   42.00
 104414.272   320.121    34.08   34.86
 104699.819   324.829    16.49   34.18
 104985.388   328.530    12.96   31.51
 105270.976   331.209     9.38   29.73
 105556.586   335.926    16.52   29.28
 105842.215   341.433    19.28   28.72
 106127.865   349.333    27.66   31.44
 106413.536   359.891    36.96   36.89
 106699.226   373.139    46.37   41.37
 106984.938   387.407    49.94   43.98
 107270.669   400.725    46.61   41.22
 107556.422   411.871    39.01   36.25
 107842.194   421.058    32.15   32.29
 108127.987   430.442    32.84   30.66
 108413.801   439.802    32.75   27.29
 108699.635   444.104    15.05   24.19
 108985.490   444.122     0.06   23.36
 109271.365   442.228    -6.62   23.08
 109557.260   440.023    -7.71   22.33
 109843.176   435.121   -17.14   24.57
 110129.113   424.487   -37.19   30.11
 110415.070   412.625   -41.48   33.88
 110701.047   396.373   -56.84   38.87
 110987.045   378.697   -61.81   39.86
 111273.064   359.449   -67.30   39.29
 111559.103   345.007   -50.49   34.03
 111845.162   334.802   -35.68   29.71
 112131.243   330.103   -16.43   28.23
 112417.343   328.245    -6.49   30.67
 112703.464   326.968    -4.46   34.67
 112989.606   327.665     2.44   37.60
 113275.769   327.139    -1.84   38.78
 113561.951   320.427   -23.45   38.50
 113848.155   316.095   -15.14   38.81
 114134.379   311.356   -16.56   34.40
 114420.624   311.235    -0.42   30.90
 114706.889   313.528     8.01   28.51
 114993.174   318.487    17.32   27.85
 115279.481   323.808    18.59   25.28
 115565.808   333.016    32.16   28.03
 115852.155   344.909    41.54   35.84
 116138.523   353.551    30.18   38.91
 116424.912   356.608    10.68   38.76
 116711.322   357.584     3.41   38.46
 116997.752   364.932    25.65   33.62
 117284.202   368.292    11.73   32.41
 117570.673   363.442   -16.93   36.13
 117857.165   363.718     0.96   37.26
 118143.678   370.190    22.59   41.25
 118430.211   380.034    34.36   42.68
 118716.765   390.065    35.01   39.92
 119003.339   395.962    20.58   37.86
 119289.934   400.600    16.18   34.38
 119576.550   402.639     7.12   31.25
 119863.187   405.391     9.60   27.45
 120149.844   408.580    11.13   23.28
 120436.522   415.782    25.12   21.32
 120723.220   423.240    26.02   22.04
 121009.939   429.200    20.79   22.02
 121296.679   436.273    24.67   21.62
 121583.440   440.760    15.65   22.80
 121870.221   441.086     1.14   25.77
 122157.023   437.380   -12.92   28.69
 122443.846   430.490   -24.03   31.94
 122730.689   418.405   -42.13   39.36
 123017.553   399.442   -66.11   48.23
 123304.438   380.551   -65.85   51.94
 123591.344   356.546   -83.68   51.17
 123878.270   336.265   -70.69   45.64
 124165.218   322.364   -48.45   37.69
 124452.185   314.711   -26.67   31.85
 124739.174   309.817   -17.06   29.52
 125026.183   310.998     4.12   31.04
 125313.214   316.166    18.00   32.06
 125600.265   327.256    38.64   31.61
 125887.336   342.156    51.91   31.61
 126174.429   358.009    55.22   36.90
 126461.542   374.045    55.85   38.87
 126748.676   392.684    64.92   34.79
 127035.831   412.282    68.25   35.14
 127323.007   427.200    51.95   36.30
 127610.203   442.463    53.15   36.82
 127897.420   453.639    38.91   36.15
 128184.659   465.436    41.07   39.45
 128471.918   477.122    40.68   43.23
 128759.197   486.747    33.51   45.96
 129046.498   494.517    27.05   46.17
 129333.819   501.254    23.45   43.96
 129621.162   504.722    12.07   36.34
