-135358.575    50.727     0.00    7.55
-135071.873    51.796     3.73    8.40
-134785.174    53.559     6.15    8.86
-134498.478    56.327     9.66    8.68
-134211.784    58.594     7.91    7.42
-133925.093    60.042     5.05    5.81
-133638.404    60.213     0.60    5.19
-133351.718    60.102    -0.39    4.71
-133065.034    61.183     3.77    5.65
-132778.353    63.325     7.47    7.37
-132491.674    65.466     7.47    8.18
-132204.999    67.813     8.19    8.02
-131918.325    70.399     9.02    7.07
-131631.654    72.111     5.98    6.30
-131344.986    72.829     2.50    7.25
-131058.321    71.808    -3.56    9.44
-130771.658    69.220    -9.03   12.31
-130484.997    65.297   -13.68   15.88
-130198.339    60.919   -15.27   18.80
-129911.684    56.556   -15.22   20.10
-129625.031    51.835   -16.47   20.43
-129338.381    48.097   -13.04   18.91
-129051.733    44.941   -11.01   16.04
-128765.088    43.104    -6.41   14.29
-128478.446    42.940    -0.57   14.07
-128191.806    42.381    -1.95   14.14
-127905.169    42.095    -1.00   13.64
-127618.534    41.557    -1.87   12.14
-127331.902    41.277    -0.98   11.87
-127045.272    41.420     0.50   13.07
-126758.645    43.180     6.14   14.65
-126472.021    46.544    11.74   16.08
-126185.399    50.027    12.15   16.85
-125898.780    54.814    16.70   18.62
-125612.163    61.596    23.66   19.62
-125325.549    68.238    23.17   18.70
-125038.937    75.973    26.99   16.24
-124752.329    83.285    25.51   13.76
-124465.722    88.863    19.46   12.00
-124179.118    92.727    13.48   10.41
-123892.517    95.360     9.18    8.46
-123605.918    97.232     6.53    6.70
-123319.322    98.523     4.50    5.01
-123032.729    99.108     2.04    4.25
-122746.138    99.691     2.03    3.94
-122459.549   100.704     3.53    4.00
-122172.963   101.802     3.83    4.58
-121886.380   102.560     2.65    5.51
-121599.799   102.648     0.31    6.03
-121313.221   102.241    -1.42    6.20
-121026.646   101.002    -4.32    6.61
-120740.073    98.934    -7.22    8.34
-120453.502    95.318   -12.62   10.84
-120166.934    89.794   -19.28   13.33
-119880.369    82.346   -25.99   16.04
-119593.807    72.446   -34.55   20.40
-119307.246    61.532   -38.08   23.59
-119020.689    50.752   -37.62   24.16
-118734.134    41.654   -31.75   22.46
-118447.581    34.445   -25.16   18.51
-118161.032    30.665   -13.19   15.24
-117874.484    30.360    -1.06   14.68
-117587.940    30.899     1.88   15.19
-117301.397    33.433     8.84   15.32
-117014.858    35.110     5.85   15.43
-116728.321    37.487     8.29   14.95
-116441.787    40.857    11.76   15.20
-116155.255    46.571    19.94   17.67
-115868.725    54.314    27.02   20.22
-115582.199    61.698    25.77   21.80
-115295.675    70.229    29.78   20.57
-115009.153    77.993    27.09   16.28
-114722.634    83.663    19.79   11.07
-114436.117    87.305    12.71    5.93
-114149.604    88.168     3.01    4.28
-113863.092    87.891    -0.97    3.99
-113576.584    87.346    -1.90    3.89
-113290.077    86.933    -1.44    4.15
-113003.574    86.445    -1.70    4.66
-112717.073    85.715    -2.55    4.92
-112430.574    85.743     0.10    5.58
-112144.078    86.680     3.27    6.55
-111857.585    89.269     9.04    8.55
-111571.094    92.650    11.80    9.54
-111284.606    95.969    11.59    9.29
-110998.121    98.870    10.13    8.72
-110711.638   101.719     9.94    7.60
-110425.157   103.374     5.78    6.84
-110138.679   104.026     2.28    5.96
-109852.204   103.483    -1.90    5.74
-109565.731   103.019    -1.62    5.07
-109279.261   102.381    -2.23    4.14
-108992.793   101.624    -2.64    3.16
-108706.328   101.440    -0.64    2.71
-108419.866   101.870     1.50    2.95
-108133.406   102.699     2.89    3.16
-107846.948   103.503     2.81    3.26
-107560.494   104.148     2.25    3.33
-107274.041   104.263     0.40    3.53
-106987.592   104.127    -0.47    3.99
-106701.145   103.670    -1.60    4.21
-106414.700   102.592    -3.77    4.36
-106128.258   101.139    -5.07    4.76
-105841.819    99.063    -7.25    5.31
-105555.382    96.646    -8.44    5.36
-105268.948    95.231    -4.94    4.88
-104982.516    94.480    -2.62    4.11
-104696.087    94.732     0.88    4.09
-104409.660    96.235     5.24    5.39
-104123.236    98.736     8.73    6.51
-103836.815   101.558     9.86    6.63
-103550.396   103.613     7.17    5.65
-103263.980   104.129     1.80    5.60
-102977.566   102.760    -4.78    6.89
-102691.155   100.528    -7.79    8.53
-102404.746    97.631   -10.12    9.30
-102118.340    94.322   -11.55    8.46
-101831.936    91.406   -10.18    6.62
-101545.536    89.596    -6.32    4.85
-101259.137    88.328    -4.43    3.52
-100972.741    87.472    -2.99    3.15
-100686.348    86.070    -4.89    4.53
-100399.958    84.349    -6.01    5.84
-100113.569    81.551    -9.77    7.32
 -99827.184    78.350   -11.18    7.83
 -99540.801    75.370   -10.40    7.13
 -99254.421    72.905    -8.61    5.66
 -98968.043    70.792    -7.38    4.54
 -98681.668    69.356    -5.01    3.70
 -98395.295    68.313    -3.64    3.22
 -98108.925    67.751    -1.96    3.22
 -97822.557    67.039    -2.48    3.34
 -97536.192    65.926    -3.89    3.86
 -97249.830    64.299    -5.68    5.18
 -96963.470    62.357    -6.78    6.21
 -96677.112    60.224    -7.45    6.66
 -96390.758    57.509    -9.48    6.79
 -96104.406    53.620   -13.58    6.77
 -95818.056    49.676   -13.77    6.96
 -95531.709    46.658   -10.54    6.74
 -95245.364    43.727   -10.23    6.36
 -94959.022    41.477    -7.86    5.59
 -94672.683    39.521    -6.83    4.31
 -94386.346    38.612    -3.18    3.69
 -94100.012    38.224    -1.35    3.32
 -93813.680    38.122    -0.36    2.93
 -93527.351    37.905    -0.76    2.49
 -93241.025    37.749    -0.54    2.34
 -92954.701    37.402    -1.21    2.76
 -92668.379    36.764    -2.23    3.30
 -92382.060    36.005    -2.65    3.86
 -92095.744    35.208    -2.78    3.95
 -91809.430    34.461    -2.61    3.71
 -91523.119    33.302    -4.05    3.92
 -91236.810    31.698    -5.60    4.43
 -90950.504    29.657    -7.13    5.61
 -90664.201    28.192    -5.12    6.87
 -90377.900    26.441    -6.12    8.61
 -90091.602    23.480   -10.34   10.04
 -89805.306    20.480   -10.48   10.16
 -89519.012    19.360    -3.91    9.72
 -89232.722    19.724     1.27   10.33
 -88946.434    21.124     4.89   11.88
 -88660.148    23.477     8.22   12.70
 -88373.865    26.912    12.00   11.73
 -88087.585    29.332     8.45    9.37
 -87801.307    29.990     2.30    7.74
 -87515.031    29.152    -2.93    7.95
 -87228.759    27.707    -5.05    7.56
 -86942.488    26.434    -4.45    6.84
 -86656.221    26.062    -1.30    6.77
 -86369.956    26.339     0.97    7.10
 -86083.693    27.001     2.31    7.85
 -85797.433    28.401     4.89    7.59
 -85511.176    29.647     4.35    6.96
 -85224.921    31.601     6.83    6.69
 -84938.669    33.785     7.63    7.31
 -84652.419    36.604     9.85    9.03
 -84366.172    40.455    13.45   10.74
 -84079.927    44.302    13.44   11.01
 -83793.685    48.476    14.58    9.18
 -83507.446    51.658    11.12    6.55
 -83221.209    53.755     7.33    4.52
 -82934.974    54.608     2.98    3.60
 -82648.743    54.442    -0.58    3.60
 -82362.513    53.674    -2.68    3.50
 -82076.287    52.736    -3.28    3.59
 -81790.062    51.856    -3.07    3.57
 -81503.841    51.317    -1.88    3.72
 -81217.622    51.288    -0.10    4.32
 -80931.405    51.493     0.72    4.84
 -80645.191    52.457     3.37    5.63
 -80358.980    54.129     5.84    6.50
 -80072.771    55.939     6.32    6.73
 -79786.565    57.450     5.28    6.66
 -79500.361    58.870     4.96    6.18
 -79214.160    60.518     5.76    5.06
 -78927.962    61.828     4.58    4.45
 -78641.766    61.799    -0.10    4.54
 -78355.572    61.166    -2.21    4.52
 -78069.382    60.360    -2.82    4.72
 -77783.193    59.801    -1.95    5.11
 -77497.007    59.339    -1.61    5.17
 -77210.824    57.988    -4.72    5.45
 -76924.644    55.500    -8.69    8.41
 -76638.466    53.266    -7.81   10.37
 -76352.290    50.906    -8.25   11.82
 -76066.117    49.399    -5.27   12.06
 -75779.947    47.736    -5.81   11.79
 -75493.779    45.525    -7.72   10.95
 -75207.484    43.724    -6.29    9.16
 -74920.687    43.017    -2.47    7.15
 -74633.892    43.229     0.74    5.70
 -74347.101    44.236     3.51    5.86
 -74060.313    45.262     3.58    6.21
 -73773.529    46.603     4.68    6.22
 -73486.747    47.814     4.22    5.52
 -73199.970    48.041     0.79    5.00
 -72913.195    47.613    -1.49    5.19
 -72626.424    45.925    -5.89    5.26
 -72339.656    44.598    -4.63    4.50
 -72052.891    44.015    -2.03    3.90
 -71766.130    43.813    -0.70    4.04
 -71479.372    44.197     1.34    4.38
 -71192.617    45.036     2.93    4.07
 -70905.865    45.787     2.62    3.49
 -70619.117    46.036     0.87    3.23
 -70332.372    45.480    -1.94    3.38
 -70045.631    44.707    -2.70    3.52
 -69758.892    44.139    -1.98    3.22
 -69472.157    43.563    -2.01    3.04
 -69185.426    43.270    -1.02    3.28
 -68898.697    43.734     1.62    3.67
 -68611.972    44.491     2.64    4.07
 -68325.251    45.659     4.08    4.04
 -68038.532    46.754     3.82    3.89
 -67751.817    47.240     1.70    3.70
 -67465.105    47.289     0.17    3.31
 -67178.397    46.998    -1.01    2.93
 -66891.691    47.338     1.19    2.94
 -66604.989    47.763     1.48    3.30
 -66318.291    47.995     0.81    3.63
 -66031.595    48.309     1.09    3.80
 -65744.903    48.952     2.24    3.71
 -65458.215    49.709     2.64    3.52
 -65171.529    50.055     1.20    3.39
 -64884.847    49.913    -0.49    3.45
 -64598.168    49.927     0.05    3.55
 -64311.493    50.089     0.57    3.71
 -64024.820    50.454     1.27    3.86
 -63738.151    51.016     1.96    3.74
 -63451.486    51.599     2.03    3.31
 -63164.823    52.113     1.79    2.93
 -62878.164    52.192     0.27    2.92
 -62591.508    51.828    -1.27    2.99
 -62304.856    51.286    -1.89    2.72
 -62018.207    51.273    -0.04    2.52
 -61731.561    51.150    -0.43    2.67
 -61444.918    50.712    -1.53    2.86
 -61158.279    50.500    -0.74    3.04
 -60871.643    50.589     0.31    3.27
 -60585.011    50.737     0.52    3.29
 -60298.381    50.211    -1.83    3.20
 -60011.755    49.480    -2.55    3.43
 -59725.132    48.891    -2.06    3.52
 -59438.513    48.822    -0.24    3.71
 -59151.897    48.220    -2.10    3.53
 -58865.284    47.549    -2.34    3.08
 -58578.674    47.530    -0.07    3.05
 -58292.068    48.005     1.66    3.14
 -58005.465    48.342     1.18    2.98
 -57718.865    48.094    -0.87    3.43
 -57432.269    47.411    -2.38    3.74
 -57145.676    46.659    -2.62    3.80
 -56859.086    46.006    -2.28    3.50
 -56572.499    45.325    -2.38    3.15
 -56285.916    44.770    -1.94    2.67
 -55999.336    44.502    -0.94    2.63
 -55712.759    44.496    -0.02    2.44
 -55426.186    44.220    -0.97    2.53
 -55139.616    43.551    -2.33    2.71
 -54853.049    43.517    -0.12    3.32
 -54566.486    43.105    -1.44    4.25
 -54279.926    41.523    -5.52    5.23
 -53993.369    39.472    -7.16    6.63
 -53706.815    36.341   -10.92    8.37
 -53420.265    33.006   -11.64    9.13
 -53133.718    29.624   -11.80    8.20
 -52847.174    27.734    -6.59    6.84
 -52560.634    27.340    -1.38    6.55
 -52274.097    28.305     3.37    7.54
 -51987.563    30.971     9.31    9.54
 -51701.032    34.821    13.44   10.41
 -51414.505    38.539    12.98    9.31
 -51127.981    41.322     9.71    6.95
 -50841.460    42.313     3.46    4.94
 -50554.943    41.027    -4.49    6.22
 -50268.429    38.789    -7.81    7.94
 -49981.918    34.708   -14.24    9.63
 -49695.411    30.693   -14.01    9.77
 -49408.907    27.256   -12.00    8.76
 -49122.406    24.572    -9.37    7.05
 -48835.908    22.521    -7.16    5.93
 -48549.414    22.450    -0.25    5.93
 -48262.923    23.599     4.01    7.17
 -47976.435    25.620     7.05    8.45
 -47689.951    26.955     4.66    9.19
 -47403.469    27.758     2.80    9.68
 -47116.992    28.225     1.63   10.07
 -46830.517    27.424    -2.80    9.57
 -46544.046    26.381    -3.64    8.44
 -46257.578    24.505    -6.55    6.70
 -45971.113    23.185    -4.61    5.48
 -45684.652    22.523    -2.31    4.74
 -45398.193    22.286    -0.83    4.09
 -45111.739    22.821     1.87    3.85
 -44825.287    24.449     5.68    5.62
 -44538.839    27.356    10.15    8.58
 -44252.394    31.158    13.27   10.48
 -43965.952    34.905    13.08   10.47
 -43679.514    38.567    12.79    9.20
 -43393.079    41.752    11.12    7.11
 -43106.647    44.877    10.91    4.51
 -42820.218    46.395     5.30    3.56
 -42533.793    47.300     3.16    3.70
 -42247.371    48.697     4.88    3.81
 -41960.952    50.241     5.39    4.22
 -41674.537    51.960     6.00    4.23
 -41388.125    53.343     4.83    3.36
 -41101.716    53.377     0.12    3.40
 -40815.311    52.849    -1.84    3.81
 -40528.908    51.835    -3.54    4.79
 -40242.510    50.076    -6.14    5.72
 -39956.114    47.447    -9.18    6.20
 -39669.721    43.760   -12.87    7.26
 -39383.332    39.979   -13.20    7.70
 -39096.947    36.311   -12.81    8.03
 -38810.564    31.735   -15.98    8.72
 -38524.185    28.197   -12.35    8.48
 -38237.809    25.163   -10.59    7.15
 -37951.436    22.591    -8.98    5.84
 -37665.067    20.823    -6.17    4.90
 -37378.701    19.959    -3.01    4.12
 -37092.338    19.959    -0.00    4.22
 -36805.979    20.391     1.51    4.83
 -36519.622    20.827     1.52    5.30
 -36233.269    21.103     0.96    5.66
 -35946.920    22.086     3.43    5.43
 -35660.573    22.857     2.69    5.33
 -35374.230    23.149     1.02    5.46
 -35087.890    23.170     0.07    5.37
 -34801.554    23.457     1.00    5.58
 -34515.221    23.658     0.70    5.97
 -34228.891    24.633     3.41    6.57
 -33942.564    25.044     1.44    7.28
 -33656.241    24.799    -0.86    7.94
 -33369.921    22.624    -7.60    8.99
 -33083.604    20.544    -7.26    9.77
 -32797.290    18.047    -8.72    9.65
 -32510.980    15.830    -7.75    8.94
 -32224.673    13.345    -8.68    6.91
 -31938.369    12.142    -4.20    5.51
 -31652.069    11.676    -1.63    4.74
 -31365.772    12.030     1.24    4.43
 -31079.478    12.583     1.93    3.91
 -30793.187    13.083     1.75    3.53
 -30506.900    13.377     1.03    3.28
 -30220.616    13.451     0.26    3.27
 -29934.336    12.834    -2.15    3.55
 -29648.058    12.154    -2.38    3.80
 -29361.784    11.299    -2.99    3.92
 -29075.513    10.332    -3.38    3.96
 -28789.245     9.108    -4.27    3.73
 -28502.981     7.932    -4.11    3.32
 -28216.720     6.898    -3.61    2.93
 -27930.462     6.546    -1.23    3.20
 -27644.208     6.906     1.26    4.00
 -27357.957     7.459     1.93    4.72
 -27071.709     7.870     1.44    4.82
 -26785.464     8.516     2.26    4.92
 -26499.223     9.208     2.42    4.72
 -26212.985     9.706     1.74    4.57
 -25926.750    10.199     1.72    4.43
 -25640.519    10.670     1.65    4.18
 -25354.290    10.906     0.82    3.70
 -25068.065    11.131     0.79    3.38
 -24781.844    11.096    -0.12    2.93
 -24495.625    11.015    -0.28    2.63
 -24209.410    11.113     0.34    2.52
 -23923.198    10.842    -0.95    2.06
 -23636.990    10.711    -0.46    1.86
 -23350.785    10.877     0.58    1.83
 -23064.583    11.111     0.82    1.95
 -22778.384    11.686     2.01    2.40
 -22492.188    12.248     1.96    2.59
 -22205.996    12.996     2.61    2.47
 -21919.807    13.443     1.56    2.28
 -21633.622    13.836     1.37    2.40
 -21347.439    13.728    -0.38    2.73
 -21061.260    13.563    -0.58    2.73
 -20775.085    13.665     0.35    2.88
 -20488.912    13.934     0.94    2.98
 -20202.743    14.176     0.84    3.15
 -19916.577    14.737     1.96    3.41
 -19630.414    16.096     4.75    3.29
 -19344.255    17.398     4.55    2.83
 -19058.099    18.565     4.08    2.93
 -18771.946    19.977     4.93    3.26
 -18485.796    21.270     4.52    3.49
 -18199.650    22.251     3.43    3.50
 -17913.507    23.425     4.10    3.09
 -17627.367    23.919     1.72    2.68
 -17341.231    23.836    -0.29    2.41
 -17055.098    23.975     0.49    2.03
 -16768.968    24.342     1.28    1.92
 -16482.841    24.560     0.76    1.88
 -16196.718    24.856     1.03    2.29
 -15910.598    25.829     3.40    3.25
 -15624.481    27.346     5.30    4.20
 -15338.367    28.716     4.79    4.33
 -15052.257    29.891     4.11    4.07
 -14766.150    30.997     3.87    3.84
 -14480.046    32.342     4.70    3.06
 -14193.946    33.459     3.90    2.48
 -13907.849    33.650     0.67    2.50
 -13621.755    33.451    -0.70    2.49
 -13335.442    33.363    -0.31    2.56
 -13048.565    33.291    -0.25    2.55
 -12761.693    33.335     0.15    2.41
 -12474.825    33.237    -0.34    2.06
 -12187.960    33.321     0.29    2.07
 -11901.100    34.082     2.65    2.40
 -11614.244    34.726     2.24    2.34
 -11327.392    35.229     1.76    2.02
 -11040.544    35.388     0.55    2.04
 -10753.700    35.636     0.87    2.13
 -10466.860    35.285    -1.23    3.70
 -10180.024    33.320    -6.85    5.90
  -9893.192    31.822    -5.22    6.47
  -9606.364    30.149    -5.83    6.66
  -9319.540    28.134    -7.03    6.87
  -9032.720    25.385    -9.59    6.47
  -8745.904    24.049    -4.66    5.51
  -8459.092    22.549    -5.23    5.78
  -8172.285    21.419    -3.94    6.30
  -7885.481    20.295    -3.92    6.45
  -7598.681    19.761    -1.86    6.29
  -7311.885    20.716     3.33    6.60
  -7025.094    22.650     6.74    8.30
  -6738.306    23.714     3.71    8.74
  -6451.522    25.539     6.36    8.15
  -6164.743    26.557     3.55    7.94
  -5877.967    26.360    -0.69    7.58
  -5591.196    26.010    -1.22    7.64
  -5304.428    25.093    -3.20    7.78
  -5017.665    21.672   -11.93    6.91
  -4730.905    18.509   -11.03    5.57
  -4444.150    16.265    -7.82    4.53
  -4157.398    14.651    -5.63    3.40
  -3870.651    13.629    -3.56    2.99
  -3583.908    13.363    -0.93    2.92
  -3297.168    13.680     1.11    3.14
  -3010.433    13.899     0.76    3.50
  -2723.702    13.457    -1.54    4.28
  -2436.974    11.918    -5.36    6.38
  -2150.251    10.439    -5.16    8.11
  -1863.532     7.948    -8.69    8.47
  -1576.817     5.185    -9.64    7.63
  -1290.105     2.669    -8.77    5.81
  -1003.398     0.884    -6.22    3.13
   -716.695    -0.075    -3.35    0.37
   -429.996    -0.130    -0.19    0.00
   -143.301    -0.130     0.00    0.00
    143.390    -0.130     0.00    0.00
    430.077    -0.130     0.00    0.00
    716.760    -0.102     0.10    0.20
   1003.439     2.836    10.25    9.97
   1290.114    10.163    25.56   19.77
   1576.785    19.363    32.09   25.26
   1863.452    30.072    37.35   26.93
   2150.115    40.327    35.78   24.59
   2436.774    49.755    32.89   18.71
   2723.429    56.644    24.03    8.49
   3010.080    58.532     6.59    5.44
   3296.727    57.291    -4.33    6.36
   3583.369    55.299    -6.95    7.10
   3870.008    52.806    -8.70    8.07
   4156.643    50.424    -8.31    8.06
   4443.274    47.449   -10.38    8.20
   4729.901    43.564   -13.55    7.90
   5016.523    41.299    -7.90    7.39
   5303.142    41.495     0.69    8.00
   5589.757    43.813     8.09   11.32
   5876.367    49.288    19.10   15.99
   6162.974    56.773    26.12   18.78
   6449.577    66.755    34.83   19.17
   6736.175    76.047    32.42   16.01
   7022.770    83.884    27.34   13.23
   7309.361    90.532    23.20   11.42
   7595.947    96.713    21.57   10.37
   7882.530   102.042    18.59   10.25
   8169.108   106.760    16.46   10.12
   8455.683   110.870    14.34    9.06
   8742.253   114.891    14.03    7.03
   9028.820   117.813    10.20    5.55
   9315.382   119.499     5.88    4.53
   9601.941   121.263     6.16    5.14
   9888.495   123.096     6.40    6.55
  10175.046   125.489     8.35    7.39
  10461.592   129.034    12.37    8.89
  10748.134   132.800    13.15    9.14
  11034.673   137.349    15.87    8.11
  11321.207   140.812    12.09    7.00
  11607.738   143.259     8.54    6.56
  11894.264   145.251     6.95    6.22
  12180.786   147.918     9.31    6.83
  12467.305   151.257    11.65    8.61
  12753.819   154.748    12.19    8.77
  13040.329   158.023    11.43    8.80
  13326.836   161.473    12.04    8.11
  13613.338   164.857    11.81    6.63
  13899.836   167.170     8.07    5.57
  14186.330   168.663     5.21    5.60
  14472.821   167.935    -2.54    6.37
  14759.307   167.820    -0.40    6.68
  15045.789   168.156     1.17    7.24
  15332.267   168.110    -0.16    8.78
  15618.742   169.449     4.67   10.44
  15905.212   171.939     8.69   11.79
  16191.678   175.239    11.52   12.17
  16478.140   180.291    17.63   11.10
  16764.598   184.036    13.07    9.08
  17051.053   187.037    10.48    8.29
  17337.503   190.387    11.70    8.65
  17623.949   192.088     5.94    9.01
  17910.391   195.329    11.31   10.26
  18196.829   200.381    17.64   12.01
  18483.263   206.305    20.68   13.13
  18769.693   213.356    24.62   14.79
  19056.120   220.124    23.63   14.47
  19342.542   225.306    18.09   13.05
  19628.960   229.288    13.90    9.62
  19915.374   231.187     6.63    7.85
  20201.784   230.585    -2.10    8.17
  20488.190   227.388   -11.16    9.29
  20774.592   222.720   -16.30    9.39
  21060.990   217.720   -17.46    9.44
  21347.384   212.353   -18.74   10.24
  21633.774   206.503   -20.43   11.57
  21920.160   200.640   -20.47   13.34
  22206.542   194.259   -22.28   15.55
  22492.920   187.301   -24.30   17.80
  22779.294   177.898   -32.84   21.32
  23065.664   163.659   -49.72   29.61
  23352.030   141.961   -75.77   45.30
  23638.393   117.870   -84.13   53.94
  23924.751    93.511   -85.07   55.92
  24211.105    71.465   -76.99   51.57
  24497.455    53.578   -62.47   39.89
  24783.801    43.231   -36.13   29.01
  25070.143    40.732    -8.73   27.18
  25356.481    45.180    15.53   32.61
  25642.815    52.656    26.11   37.41
  25929.145    58.784    21.40   40.93
  26215.471    67.453    30.27   44.54
  26501.793    71.220    13.16   47.43
  26788.111    74.192    10.38   49.83
  27074.425    77.956    13.15   51.73
  27360.735    75.870    -7.28   52.79
  27647.041    73.755    -7.39   52.98
  27933.343    73.738    -0.06   53.55
  28219.641    70.360   -11.80   52.20
  28505.935    66.288   -14.22   50.58
  28792.225    63.577    -9.47   49.45
  29078.511    60.535   -10.63   47.88
  29364.793    59.056    -5.16   45.86
  29651.070    61.087     7.09   45.48
  29937.344    65.809    16.49   45.79
  30223.614    69.510    12.93   45.38
  30509.880    73.954    15.53   43.95
  30796.142    77.403    12.05   39.94
  31082.400    79.963     8.94   35.96
  31368.654    84.277    15.07   32.51
  31654.904    90.828    22.89   31.26
  31941.150    98.585    27.10   31.72
  32227.393   105.269    23.35   30.79
  32513.631   113.492    28.73   27.38
  32799.865   116.735    11.33   25.40
  33086.095   118.406     5.84   23.33
  33372.321   119.808     4.90   22.93
  33658.543   118.994    -2.84   20.41
  33944.761   119.374     1.33   20.40
  34230.975   123.476    14.33   21.91
  34517.185   131.197    26.98   21.60
  34803.391   139.497    29.00   18.30
  35089.593   145.582    21.26   13.56
  35375.791   149.263    12.86    9.86
  35661.985   151.070     6.31    8.56
  35948.175   152.297     4.29    8.03
  36234.361   154.138     6.43    7.92
  36520.543   156.863     9.52    8.41
  36806.721   160.807    13.78    9.87
  37092.895   165.995    18.13   10.59
  37379.065   171.912    20.68   11.05
  37665.231   179.488    26.48   14.14
  37951.394   189.197    33.93   19.42
  38237.552   201.585    43.29   26.39
  38523.706   216.213    51.12   32.97
  38809.856   233.680    61.04   39.90
  39096.002   257.436    83.02   48.30
  39382.144   285.535    98.20   59.01
  39668.282   314.772   102.18   66.20
  39954.417   344.331   103.31   71.32
  40240.547   366.744    78.33   72.37
  40526.673   387.430    72.30   72.35
  40812.795   398.772    39.64   73.16
  41098.913   404.679    20.65   77.29
  41385.028   400.255   -15.46   86.10
  41671.138   391.613   -30.20   94.57
  41957.244   370.182   -74.90  103.51
  42243.346   346.693   -82.10  110.21
  42529.444   316.332  -106.12  112.24
  42815.539   285.684  -107.13  105.04
  43101.629   256.870  -100.72   89.44
  43387.715   229.349   -96.20   67.06
  43673.798   205.020   -85.04   44.77
  43959.876   188.608   -57.37   32.65
  44245.950   176.794   -41.30   29.16
  44532.021   166.574   -35.73   29.50
  44818.087   155.981   -37.03   30.40
  45104.149   144.750   -39.26   29.97
  45390.208   137.353   -25.86   26.99
  45676.262   131.984   -18.77   23.01
  45962.312   129.744    -7.83   18.62
  46248.359   128.652    -3.82   16.14
  46534.401   128.744     0.32   14.65
  46820.440   125.779   -10.36   16.56
  47106.474   121.272   -15.76   20.16
  47392.505   111.111   -35.52   24.65
  47678.531    97.729   -46.79   29.67
  47964.554    83.325   -50.36   30.05
  48250.572    70.843   -43.64   26.38
  48536.928    60.662   -35.55   20.28
  48823.884    53.553   -24.77   14.34
  49110.834    48.328   -18.21    9.43
  49397.780    47.129    -4.18    9.04
  49684.721    48.080     3.31    9.92
  49971.657    48.391     1.08   10.64
  50258.589    48.302    -0.31   11.38
  50545.515    48.799     1.73   12.84
  50832.437    50.770     6.87   14.98
  51119.355    54.801    14.05   18.57
  51406.267    61.240    22.44   22.34
  51693.175    69.187    27.70   25.25
  51980.078    76.778    26.46   26.16
  52266.976    85.820    31.52   25.20
  52553.869    94.301    29.56   24.51
  52840.758   101.047    23.52   23.11
  53127.642   106.176    17.88   21.07
  53414.521   107.878     5.93   19.91
  53701.396   111.149    11.40   18.58
  53988.265   113.807     9.27   18.26
  54275.130   117.204    11.84   19.15
  54561.991   122.528    18.56   20.33
  54848.846   128.453    20.66   22.03
  55135.697   138.663    35.59   24.80
  55422.543   154.985    56.90   37.68
  55709.384   174.274    67.25   55.77
  55996.220   199.653    88.48   70.57
  56283.052   227.974    98.74   80.96
  56569.879   258.740   107.26   83.59
  56856.701   291.399   113.87   81.72
  57143.518   317.463    90.87   82.35
  57430.331   346.222   100.27   79.24
  57717.139   375.201   101.04   74.97
  58003.942   402.460    95.04   69.93
  58290.740   427.446    87.12   62.25
  58577.534   445.192    61.88   57.20
  58864.323   452.891    26.84   58.59
  59151.107   452.994     0.36   63.72
  59437.886   440.370   -44.02   75.62
  59724.661   435.485   -17.04   77.67
  60011.431   433.870    -5.63   74.86
  60298.196   429.498   -15.25   78.85
  60584.956   437.172    26.76   73.72
  60871.712   447.842    37.21   68.40
  61158.463   468.197    70.98   60.68
  61445.209   490.813    78.87   46.25
  61731.951   497.905    24.73   42.25
  62018.687   496.911    -3.47   41.78
  62305.419   489.322   -26.47   41.71
  62592.146   476.728   -43.92   41.98
  62878.869   461.663   -52.54   45.68
  63165.587   443.920   -61.88   43.98
  63452.300   427.739   -56.43   42.28
  63739.008   413.318   -50.30   42.60
  64025.711   405.187   -28.36   44.41
  64312.410   404.035    -4.02   50.30
  64599.104   415.615    40.39   59.23
  64885.793   431.731    56.22   67.33
  65172.478   452.169    71.29   70.89
  65459.157   467.367    53.01   71.27
  65745.832   476.899    33.25   66.15
  66032.503   483.137    21.76   64.43
  66319.168   474.968   -28.49   66.24
  66605.829   461.044   -48.57   63.70
  66892.485   443.672   -60.60   54.69
  67179.136   427.622   -55.99   44.73
  67465.783   412.820   -51.64   34.94
  67752.425   400.636   -42.51   26.61
  68039.062   393.638   -24.42   25.16
  68325.694   384.933   -30.37   28.75
  68612.322   369.870   -52.55   43.06
  68898.945   348.431   -74.80   59.55
  69185.563   327.463   -73.15   68.55
  69472.176   301.433   -90.82   71.59
  69758.785   277.745   -82.65   62.10
  70045.389   255.807   -76.54   42.38
  70331.988   240.173   -54.55   21.03
  70618.582   232.289   -27.51   10.98
  70905.172   226.339   -20.76   11.73
  71191.757   220.939   -18.84   11.81
  71478.337   217.343   -12.55   11.12
  71764.913   217.013    -1.15   15.34
  72051.483   219.189     7.59   20.67
  72338.050   220.090     3.14   23.94
  72624.611   217.973    -7.39   26.45
  72911.167   216.802    -4.09   27.17
  73197.719   216.283    -1.81   25.97
  73484.266   217.949     5.81   24.59
  73770.809   222.396    15.52   26.21
  74057.346   230.022    26.62   31.38
  74343.879   241.408    39.74   33.61
  74630.407   252.096    37.30   29.22
  74916.931   259.841    27.03   22.61
  75203.449   261.747     6.65   20.32
  75489.963   257.836   -13.65   23.74
  75776.473   245.537   -42.93   32.73
  76062.977   227.629   -62.50   39.53
  76349.477   207.036   -71.88   40.88
  76635.972   189.288   -61.95   36.88
  76922.462   176.306   -45.31   30.36
  77208.948   167.384   -31.14   20.19
  77495.429   168.775     4.86   21.61
  77781.905   176.729    27.77   28.12
  78068.376   190.736    48.89   32.05
  78354.843   205.620    51.96   29.93
  78641.305   218.829    46.11   23.79
  78927.762   230.643    41.24   16.63
  79214.215   237.676    24.55   10.73
  79500.662   242.239    15.93    9.21
  79787.105   245.970    13.03    8.93
  80073.544   249.715    13.07    8.87
  80359.977   252.738    10.55    7.79
  80646.406   253.835     3.83    6.29
  80932.830   253.647    -0.66    6.13
  81219.250   252.764    -3.08    6.40
  81505.664   251.870    -3.12    6.91
  81792.074   250.079    -6.26    7.66
  82078.479   249.711    -1.29    8.53
  82364.880   250.793     3.78    9.05
  82651.276   252.151     4.74    9.16
  82937.667   254.227     7.25    9.66
  83224.053   256.793     8.96    9.90
  83510.435   259.248     8.57    9.71
  83796.812   261.318     7.23    9.04
  84083.184   262.063     2.60    6.71
  84369.551   262.670     2.12    5.81
  84655.914   262.643    -0.09    5.37
  84942.272   262.457    -0.65    4.68
  85228.625   262.594     0.48    5.00
  85514.974   262.441    -0.54    5.34
  85801.318   263.027     2.05    7.66
  86087.657   265.042     7.03   11.14
  86373.991   266.807     6.17   13.79
  86660.321   269.829    10.55   14.00
  86946.646   272.905    10.74   13.87
  87232.966   275.266     8.24   14.08
  87519.281   276.734     5.13   13.86
  87805.592   275.891    -2.94   13.81
  88091.898   273.707    -7.63   13.37
  88378.200   270.898    -9.81   12.11
  88664.496   268.755    -7.48   10.31
  88950.788   268.113    -2.24    9.25
  89237.075   267.977    -0.47    8.11
  89523.358   269.564     5.54    9.09
  89809.636   272.394     9.89    9.92
  90095.909   275.668    11.43    9.72
  90382.177   279.992    15.11    9.77
  90668.441   284.007    14.03    9.82
  90954.700   287.661    12.76    9.32
  91240.954   290.646    10.43    9.23
  91527.203   292.197     5.42    9.71
  91813.448   293.119     3.22    9.09
  92099.688   295.196     7.26    8.94
  92385.924   297.484     7.99   11.21
  92672.154   301.138    12.77   17.47
