# NaN NaN NaN ;Mean Elev.(m), Avg Gradient(m/km), RMS Gradient(m/km) - SRTM1     
#  -13.704  -1.512   7.310 ;Mean Elev.(m), Avg Gradient(m/km), RMS Gradient(m/km) - ASTER GDEM
#    1.202  -1.113   5.882 ;Mean Elev.(m), Avg Gradient(m/km), RMS Gradient(m/km) - GMTED2010 
   1  87.983008  65.979619    17.363    17.525 10 54666.27700248 17.802
   2  87.985525  65.980848     6.998     6.977 10 54676.19264732 54.330
   3  87.981454  65.982410    -8.920    -9.565 10 54686.10829017 25.354
   4  87.982925  65.983479    16.062    16.091 10 54696.02393188 15.196
   5  87.981231  65.982390    -2.708    -2.615 10 54705.93957112 26.645
   6  87.982317  65.980032     5.195     5.298 10 54715.85522353 33.794
   7  87.980418  65.977601    11.058    11.105 10 54725.77087322 15.923
   8  87.981613  65.977264    16.479    16.262 10 54735.68652137 21.757
   9  87.984900  65.979121    16.336    16.060 10 54745.60216891 17.350
  10  87.983916  65.980757     6.334     5.052 10 54755.51781563 27.847
  11  87.981043  65.980397     9.808    10.510 10 54765.43346076 22.135
  12  87.981558  65.978223     4.942     4.963 10 54775.34910323 46.261
  13  87.980216  65.976163     5.866     5.842 11 54785.26474303 28.278
  14  87.979997  65.976223     5.686     5.674 11 54795.18038144 24.584
  15  87.983212  65.978462    10.375    10.679 10 54805.09601951 20.322
  16  87.980362  65.980150    11.248    11.377 10 54815.01165649 18.986
  17  87.981914  65.980775    11.477    11.481 10 54824.92730258 16.057
  18  87.980918  65.979993    11.658    11.649 10 54834.84294214 14.767
  19  87.983350  65.980112    11.259    11.106 10 54844.75859216 13.476
  20  87.983425  65.981121    11.199    11.370 10 54854.67424117 13.855
  21  87.981120  65.982720    11.253    11.264 10 54864.58988983 14.133
  22  87.982184  65.983384    11.260    11.334 10 54874.50553847 13.586
  23  87.983363  65.982420    11.019    11.046  9 54884.42118447 13.141
  24  87.984558  65.980017    10.890    10.877 10 54894.33682701 13.386
  25  87.982494  65.977824    10.747    10.711 11 54904.25246658 13.512
  26  87.982808  65.977580    11.027    11.096 10 54914.16810524 12.731
  27  87.984816  65.978945    10.771    10.685 10 54924.08374351 14.528
  28  87.985009  65.980197    12.845    13.024 10 54933.99938084 11.757
  29  87.984394  65.979909    13.603    10.415 10 54943.91501611 13.625
  30  87.982393  65.977958     8.895     9.836 11 54953.83064907 20.457
  31  87.981744  65.976216    11.206    11.028 11 54963.74629393 46.634
  32  87.982262  65.976412    14.895    14.913 11 54973.66194237 38.335
  33  87.983824  65.978333    17.986    17.921 10 54983.57759026 32.165
  34  87.983234  65.980324    18.817    18.833 11 54993.49323776 26.287
  35  87.981280  65.981085    17.587    17.236 10 55003.40888403 21.352
  36  87.985680  65.981106    17.830    17.823 10 55013.32452887 16.320
  37  87.984983  65.980613     7.399     7.348 10 55023.24017183 49.509
  38  87.983416  65.981116     5.458     5.374 10 55033.15581401 54.327
  39  87.985067  65.982182     5.100     4.983  9 55043.07145578 54.097
  40  87.983432  65.982322     4.780     3.884 10 55052.98709565 23.420
  41  87.985853  65.981067     4.556     4.521 10 55062.90273363 35.337
  42  87.981281  65.978832    10.676    11.026 10 55072.81837765 17.600
  43  87.982504  65.977405     6.147     4.256 11 55082.73402603 26.449
  44  87.981495  65.977439     4.596     4.616 11 55092.64967267 34.373
  45  87.982902  65.978599    10.387    10.607 10 55102.56531931 18.580
  46  87.982993  65.979706     4.153     4.175 10 55112.48096552 30.309
  47  87.983196  65.979469     8.121     8.890 11 55122.39660938 24.901
  48  87.984062  65.978190     4.428     4.367 10 55132.31225037 50.936
  49  87.983138  65.976824     9.939    10.133 10 55142.22788915 24.297
  50  87.981728  65.976951    11.234    11.213 10 55152.14352731 20.586
  51  87.981948  65.978372    11.659    11.686 11 55162.05916590 18.330
  52  87.982084  65.979924    11.298    11.338 10 55171.97480411 17.234
  53  87.985222  65.980749    10.691    10.665 10 55181.89044100 15.639
  54  87.982743  65.980693    10.847    10.839 10 55191.80609084 15.565
  55  87.985539  65.981191    10.511    10.474 10 55201.72174124 14.988
  56  87.983294  65.981705    10.859    10.816 10 55211.63739055 14.919
  57  87.984700  65.982208    10.939    10.871 10 55221.55303973 13.495
  58  87.981536  65.981390    12.442    11.562 10 55231.46868730 12.844
  59  87.984044  65.980083    10.832    10.936 10 55241.38433216 13.179
  60  87.981180  65.978436    11.028    11.076 10 55251.29997302 13.170
  61  87.981116  65.977732    11.703    10.867 11 55261.21561187 11.559
  62  87.981327  65.978160    14.247    15.443 10 55271.13124988 12.157
  63  87.984600  65.978904    16.215    16.131 10 55281.04688810 13.299
  64  87.984009  65.978919    16.423    16.299 10 55290.96252476 13.077
  65  87.982059  65.978146    15.822    15.846 11 55300.87815896 12.848
  66  87.982167  65.977303    28.528    31.290 11 55310.79380553  7.803
  67  87.982950  65.977096    16.888    16.799 10 55320.70945115  6.843
  68  87.982381  65.977792     9.142     9.135 10 55330.62509558 29.589
  69  87.983976  65.979230    14.263    14.154 10 55340.54074014 40.388
  70  87.982004  65.980095    17.397    17.337 10 55350.45638413 32.745
  71  87.982803  65.980549    13.700    13.631 10 55360.37202626 28.392
  72  87.983035  65.980751    12.286    12.479 10 55370.28766616 22.817
  73  87.982856  65.981171    18.932    16.926 10 55380.20330454 15.485
  74  87.983646  65.981798     6.803     6.726  9 55390.11894231 34.003
  75  87.986488  65.981816     5.518     5.576 10 55400.03457914 30.625
  76  87.983625  65.980426    16.298    16.418 10 55409.95022642 15.222
  77  87.984663  65.978543     5.364     5.294 10 55419.86587681 52.637
  78  87.981339  65.977149     7.187     5.515 11 55429.78152359 32.508
  79  87.982822  65.977626    12.645    12.154 11 55439.69716835 26.052
  80  87.983153  65.978874    16.757    16.820 10 55449.61281158 15.766
  81  87.983722  65.979477     8.541     9.654 10 55459.52845441 23.321
  82  87.982771  65.978802     6.836     5.230 11 55469.44409620 28.732
  83  87.981448  65.977432    16.196    16.106 11 55479.35973477 19.709
  84  87.980416  65.976595    11.053    11.616 10 55489.27537056 26.097
  85  87.980477  65.976937     8.387     9.334 11 55499.19100423 25.656
  86  87.982144  65.978462     3.451     3.369 11 55509.10664441 32.515
  87  87.980954  65.979690     6.105     6.101 10 55519.02229437 44.433
  88  87.983495  65.980441     5.428     5.414 10 55528.93794373 37.178
  89  87.980446  65.980289     4.797     4.782 10 55538.85359074 35.090
  90  87.986205  65.980700     4.618     4.634 10 55548.76923632 27.870
  91  87.980702  65.981177     4.906     4.903 10 55558.68487915 26.178
  92  87.985946  65.982381     5.656     5.550 10 55568.60052211 23.302
  93  87.983871  65.982072     5.558     5.551 10 55578.51616352 21.660
  94  87.984157  65.980214     7.935     9.221 10 55588.43180275 19.777
  95  87.982900  65.977553     8.800     8.482 11 55598.34743877 20.615
  96  87.982161  65.976169     9.579     9.671 11 55608.26307227 19.142
  97  87.981150  65.976714    10.055    10.132 11 55618.17870391 17.983
  98  87.980913  65.978769     9.560    10.036 10 55628.09435050 18.085
  99  87.984165  65.979820     8.568     9.487 10 55638.01000210 17.987
 100  87.982746  65.978838     7.831     7.684 11 55647.92565115 16.429
 101  87.981985  65.976902    10.053    10.077 10 55657.84129728 15.560
 102  87.980231  65.976008    12.045    13.474 10 55667.75693924 11.008
 103  87.982159  65.977214     7.469     7.448 11 55677.67257894 33.050
 104  87.984172  65.979421    17.353    17.334 10 55687.58821677 55.449
 105  87.986084  65.980953    16.455    16.116 10 55697.50385330 27.196
 106  87.982592  65.980664    16.103    16.076 10 55707.41948808 53.111
 107  87.980284  65.979895    13.273    13.129 10 55717.33513913 21.786
 108  87.983775  65.980030    16.713    16.794 10 55727.25078799 15.078
 109  87.984585  65.981015    15.332    15.613 10 55737.16643495 16.047
 110  87.984060  65.982090     6.490     4.691 10 55747.08208054 30.069
 111  87.983438  65.981877     5.301     5.305  9 55756.99772400 30.713
 112  87.980144  65.979779    15.798    15.990 10 55766.91336458 16.641
 113  87.982520  65.977285     7.308     6.094 11 55776.82900269 31.305
 114  87.980129  65.975754     7.831     7.812 11 55786.74463768 44.890
 115  87.979958  65.976751     7.411     5.605 10 55796.66027124 32.503
 116  87.981136  65.978787     8.984    10.030 10 55806.57591297 21.423
 117  87.984640  65.980143     6.847     6.886 10 55816.49156241 47.692
 118  87.982067  65.978895     6.226     5.367 10 55826.40720809 32.093
 119  87.980037  65.976901    16.161    16.384 10 55836.32284938 16.502
 120  87.981953  65.975845    13.605    12.606 10 55846.23848776 21.013
 121  87.982980  65.977118    13.853    12.432 10 55856.15412351 22.340
 122  87.981047  65.979425     4.561     4.571 10 55866.06976571 50.389
 123  87.983202  65.981509     5.471     5.515 10 55875.98541855 36.141
 124  87.981513  65.981492     5.778     4.963 10 55885.90106502 30.809
 125  87.981984  65.980628    10.579    10.890 10 55895.81670586 23.203
 126  87.981537  65.979732    10.683    10.710 10 55905.73234139 22.386
 127  87.980906  65.980202    10.447    10.716 10 55915.64798430 21.998
 128  87.981397  65.981314    11.236    11.334 10 55925.56363805 19.102
 129  87.981960  65.981564    11.302    11.429 10 55935.47928855 19.581
 130  87.983021  65.979880    10.983    11.082 11 55945.39493423 20.157
 131  87.982837  65.977349    10.964    11.070 11 55955.31057535 20.026
 132  87.981344  65.975939    11.378    11.461 11 55965.22621370 17.936
 133  87.980786  65.976929    11.269    11.429 10 55975.14185088 18.240
 134  87.983201  65.979114    10.346    10.633 11 55985.05748741 19.116
 135  87.985256  65.980159    10.498    10.722 10 55994.97312170 19.280
 136  87.984290  65.979198    10.120    10.779 10 56004.88877374 18.675
 137  87.982840  65.977131    10.139    10.708 10 56014.80442183 19.330
 138  87.983117  65.976435     7.439     8.964 11 56024.72006705 14.538
 139  87.983137  65.977946     9.497    10.096 11 56034.63571025 13.056
 140  87.981527  65.980302    17.447    16.123 10 56044.55135126  9.279
 141  87.982610  65.981932     5.469     5.473 10 56054.46698974 19.706
 142  87.984402  65.981854    15.660    15.663 10 56064.38262457 42.496
 143  87.986062  65.980840    17.024    16.491 10 56074.29826838 25.465
 144  87.985719  65.980421    15.852    15.841 10 56084.21391803 45.318
 145  87.981238  65.980447     9.679     9.681 10 56094.12956495 53.113
 146  87.982187  65.981041    16.559    16.164 10 56104.04521022 14.902
 147  87.983196  65.980614     5.600     5.534 11 56113.96084096 52.906
 148  87.981963  65.979280     3.280     2.267 10 56123.87647928 25.043
 149  87.981035  65.977349     3.841     3.864 10 56133.79211365 45.658
 150  87.982783  65.976610     5.249     2.856 11 56143.70775293 29.413
 151  87.983031  65.977364     6.590     7.350 10 56153.62340342 21.664
 152  87.982300  65.978894     3.534     3.553 11 56163.53905252 35.933
 153  87.980390  65.979752     6.644     7.557 10 56173.45469943 25.268
 154  87.980855  65.979303     3.555     3.688 10 56183.37034148 33.678
 155  87.982572  65.978008    13.098    11.759 11 56193.28597987 18.293
 156  87.982510  65.977277     3.831     3.777 10 56203.20161535 42.901
 157  87.981877  65.978180     6.733     8.016 10 56213.11724913 40.980
 158  87.984905  65.980285     2.951     2.937 10 56223.03288202 48.819
 159  87.986315  65.982047     7.479     8.423 10 56232.94853847 30.050
 160  87.981559  65.982005     9.235     9.600 10 56242.86419028 25.290
 161  87.981627  65.981220    10.817    10.814 10 56252.77983798 21.619
 162  87.981875  65.980570    10.593    10.692 10 56262.69548119 21.769
 163  87.981262  65.980470    10.930    10.865 10 56272.61112237 19.834
 164  87.981684  65.980515    11.042    11.112 10 56282.52676476 18.334
 165  87.982666  65.980154    10.869    10.905 10 56292.44241675 17.776
 166  87.983523  65.978930    10.719    10.819 10 56302.35806423 17.972
 167  87.982601  65.977681    10.391    10.494 11 56312.27370734 17.541
 168  87.981011  65.977450    10.909    11.018 11 56322.18934825 16.763
 169  87.982201  65.978428    10.490    10.505 11 56332.10498886 16.582
 170  87.984976  65.979385    10.485    10.486 10 56342.02062916 15.513
 171  87.984013  65.979414    10.542    10.645 10 56351.93626680 15.232
 172  87.982160  65.978558    10.681    10.704 10 56361.85190684 16.187
 173  87.981613  65.978078    10.663    10.585 11 56371.76755612 15.871
 174  87.980573  65.978564    10.484    11.041 10 56381.68320273 15.162
 175  87.981849  65.980120    10.752    10.904 10 56391.59884746 15.635
 176  87.983744  65.981437     9.961    10.698 10 56401.51449061 14.487
 177  87.983017  65.981873     6.671     7.210 10 56411.43013076 25.220
 178  87.986478  65.981615    10.133    10.415 10 56421.34576633 33.234
 179  87.984481  65.981094    19.304    18.947 10 56431.26140526 33.132
 180  87.984441  65.981218    17.648    17.445 10 56441.17705812 23.890
 181  87.984188  65.981313    17.995    17.311 10 56451.09270845 18.379
 182  87.981715  65.980622    17.695    17.579 10 56461.00835623 16.069
 183  87.981682  65.979330     6.997     5.913 10 56470.92400092 25.308
 184  87.983924  65.978258    13.468    12.055 10 56480.83964219 21.198
 185  87.984112  65.977850     5.536     5.529 10 56490.75527939 54.845
 186  87.980032  65.978109     5.651     4.546 10 56500.67091372 39.275
 187  87.980700  65.978807     7.799     8.729 10 56510.58654708 19.714
 188  87.983206  65.979222     4.390     3.473 10 56520.50219107 22.835
 189  87.982100  65.978972     3.985     3.969 10 56530.41784434 52.225
 191  87.982617  65.978535     5.509     5.540 10 56550.24913902 29.595
 192  87.984707  65.979715    16.256    16.307 10 56560.16478208 17.663
 193  87.985601  65.981219    15.150    15.328 10 56570.08042403 20.178
 194  87.984130  65.982236     9.439    10.936 10 56579.99606437 25.574
 195  87.983855  65.981892     4.045     4.027 10 56589.91170081 47.106
 196  87.982434  65.980947     5.710     5.720 10 56599.82734659 41.105
 197  87.980305  65.980356     6.142     6.065 10 56609.74299691 27.451
 198  87.982982  65.981031     5.465     5.482 10 56619.65864290 21.075
 199  87.981436  65.981471     8.889     9.360 10 56629.57428533 18.960
 200  87.983165  65.980897     8.475     8.958 10 56639.48992478 18.409
 201  87.983464  65.979019     5.380     4.562 10 56649.40557006 17.831
 202  87.980918  65.977194    10.840    10.973 11 56659.32122095 17.067
 203  87.982870  65.977162    10.202    10.677 10 56669.23686842 15.311
 204  87.981042  65.978759    10.300    11.030 10 56679.15251322 15.280
 205  87.985368  65.980564    10.577    10.586 10 56689.06815704 15.099
 206  87.982703  65.980444    11.021    11.062 10 56698.98379749 14.690
 207  87.982887  65.979004    10.289    10.473 10 56708.89943353 15.591
 208  87.984039  65.977933    10.369    10.482 10 56718.81507279 15.292
 209  87.983189  65.978533    10.175    10.888 10 56728.73072518 14.516
 210  87.981119  65.980537    11.839    11.713 10 56738.64637356 14.358
 211  87.983962  65.982720    13.873    14.008 10 56748.56201861 15.088
 212  87.982473  65.983028    12.670    12.561 10 56758.47765859 10.485
 213  87.981807  65.981813     5.023     5.055 10 56768.39329252 22.266
 214  87.984454  65.980608     6.801     6.803 10 56778.30893974 24.803
 215  87.985536  65.980497    17.684    17.643 10 56788.22459573 49.846
 216  87.986079  65.981313    19.725    19.724 10 56798.14024821 55.733
 217  87.983733  65.982038    17.880    17.798  9 56808.05589473 23.744
 218  87.984381  65.981424    16.275    16.476 10 56817.97153562 25.869
 219  87.981115  65.979315    14.993    14.962 10 56827.88717254 53.769
 220  87.980744  65.977135    17.709    17.388 10 56837.80280650 26.962
 221  87.980350  65.976769     8.952     9.309 10 56847.71843768 29.285
 222  87.981857  65.978520     5.620     5.629 10 56857.63409041 45.345
 223  87.986043  65.980794    13.475    12.345 10 56867.54974430 16.131
 224  87.983502  65.981113    10.256    10.440 10 56877.46539583 18.135
 225  87.981788  65.980037     5.221     5.187 10 56887.38104424 41.158
 226  87.981269  65.978641    12.311    11.925 10 56897.29669003 19.015
 227  87.981572  65.978956     6.522     5.769 10 56907.21233320 25.295
 228  87.983483  65.981045     5.343     5.460 10 56917.12797443 33.252
 229  87.985655  65.983281     6.761     5.651 10 56927.04361373 27.655
 230  87.985580  65.983796     5.594     5.571 10 56936.95924909 45.053
 231  87.983620  65.982135     4.254     4.121 10 56946.87487909 38.697
 232  87.983108  65.980242     5.337     5.315 10 56956.79053319 49.751
 233  87.980704  65.979321     5.319     5.310 10 56966.70618163 32.428
 234  87.981589  65.980234     6.525     5.425 10 56976.62182624 22.345
 235  87.982256  65.981432     5.177     5.162 10 56986.53746633 21.942
 236  87.980405  65.980928     5.601     4.810 10 56996.45310041 19.585
 237  87.982413  65.979058     5.423     4.611 10 57006.36874503 18.466
 238  87.980571  65.977017     5.001     4.902 11 57016.28439919 21.807
 239  87.981883  65.976891     9.371    10.149 11 57026.20004979 17.718
 240  87.982499  65.978889    13.079    13.373 11 57036.11569838 13.357
 241  87.982654  65.980843    12.633    11.809 10 57046.03134433 13.277
 242  87.980710  65.981219    11.524    11.571 10 57055.94698668 13.075
 243  87.981582  65.979858    11.619    11.588 10 57065.86262407 13.539
 244  87.982730  65.978804    15.195    15.261 10 57075.77825697 11.298
 245  87.984899  65.979041    10.937    10.882 10 57085.69388693 14.341
 246  87.982706  65.981145    12.187    11.433 10 57095.60954333 14.528
 247  87.983385  65.983199    16.078    16.058 10 57105.52519978 11.225
 248  87.981653  65.983617    12.439    11.348 10 57115.44085146 14.198
 250  87.983880  65.980549     5.309     5.304 10 57135.27213743 13.779
 251  87.982639  65.979476     6.956     6.944 11 57145.18777325 30.393
 252  87.981830  65.979765    13.557    13.548 10 57155.10340667 47.791
 253  87.985515  65.980662    17.244    16.682 10 57165.01904634 26.186
 254  87.981296  65.980724    18.975    18.794 10 57174.93470263 30.102
 255  87.981220  65.979497    16.216    16.339 10 57184.85035567 44.986
 256  87.982465  65.977925    18.224    17.628 10 57194.76600481 21.996
 257  87.981397  65.977443     6.439     6.437 10 57204.68164005 54.872
 258  87.981410  65.978779     5.847     5.841 10 57214.59728550 41.298
 259  87.985426  65.980728    15.901    16.027 10 57224.51292981 16.381
 260  87.983600  65.981369     4.806     4.731 10 57234.42857169 33.901
 261  87.982911  65.980651     9.628     9.607 10 57244.34421041 21.016
 262  87.983056  65.979625     9.792     9.704 10 57254.25984665 20.316
 263  87.981269  65.979739    16.031    16.301 10 57264.17548136 16.746
 264  87.986074  65.981452    15.026    15.372 10 57274.09112134 18.248
 265  87.984433  65.982980     6.743     6.728 10 57284.00677851 54.084
 266  87.983376  65.983052    16.088    15.913 10 57293.92243292 15.712
 267  87.984545  65.981898     8.284     8.348 10 57303.83808394 25.031
 268  87.985519  65.980438     4.580     4.476 10 57313.75373109 34.904
 269  87.980536  65.979608     5.171     5.122 10 57323.66937448 44.710
 270  87.981202  65.979925     6.875     6.850 10 57333.58501648 46.200
 271  87.982764  65.980504     5.830     5.835 10 57343.50065663 31.281
 272  87.986055  65.980426     4.739     4.761 10 57353.41631004 26.361
 273  87.984715  65.979368     6.663     5.207 10 57363.33195394 21.117
 274  87.983199  65.978100     9.939    10.360 10 57373.24759448 19.909
 275  87.983582  65.978118    11.027    10.999 10 57383.16323339 17.501
 276  87.984129  65.979010    10.798    10.829 10 57393.07887192 17.616
 277  87.985868  65.980166    10.763    10.818 10 57402.99450962 15.941
 278  87.982962  65.980463    11.343    11.317 10 57412.91015370 15.312
 279  87.984861  65.980509    11.238    11.269 10 57422.82580552 14.420
 280  87.980409  65.980425    11.510    11.592 10 57432.74145398 14.971
 281  87.983701  65.981360    11.380    11.386 10 57442.65710136 15.373
 282  87.985049  65.982435    10.887    11.041 10 57452.57274787 15.805
 283  87.985032  65.982923    10.382    10.407 10 57462.48839260 15.830
 284  87.981739  65.982044    14.858    14.609 10 57472.40403345 12.947
 285  87.984661  65.980940    15.628    15.369 10 57482.31967099 13.557
 286  87.983928  65.979794    63.242    63.203 10 57492.23530516  5.632
 287  87.981387  65.979491    32.832    35.484 10 57502.15093713  8.635
 288  87.982726  65.979855     7.255     7.337 10 57512.06658725 20.314
 289  87.981684  65.979871     8.784     8.908 10 57521.98224237 19.929
 290  87.984815  65.979447    11.561    11.610 10 57531.89789544 40.624
 291  87.980819  65.978494    14.796    14.799 10 57541.81354456 55.158
 292  87.980254  65.978196    15.698    15.769 10 57551.72919116 40.694
 293  87.984311  65.978966    11.102    11.457 10 57561.64483676 21.229
 294  87.982819  65.979875     7.124     5.286 11 57571.56048144 22.761
 295  87.985477  65.980563     4.691     4.672 10 57581.47612641 52.335
 296  87.984522  65.980540     4.225     4.202 10 57591.39176923 50.801
 297  87.983469  65.980400    11.774    11.176 10 57601.30740935 17.282
