# NaN NaN NaN ;Mean Elev.(m), Avg Gradient(m/km), RMS Gradient(m/km) - SRTM1     
#   22.165  -1.819  18.384 ;Mean Elev.(m), Avg Gradient(m/km), RMS Gradient(m/km) - ASTER GDEM
#   34.120  -3.630  20.298 ;Mean Elev.(m), Avg Gradient(m/km), RMS Gradient(m/km) - GMTED2010 
   5  89.807195  61.405626   170.783   170.492  9 54704.06992941  2.871
   8  89.774285  61.408090   166.987   166.955 10 54733.81687562  2.085
   9  89.771668  61.409279   168.736   168.541  8 54743.73252209  1.736
  10  89.777031  61.408618   166.379   166.477 11 54753.64816912  1.572
  11  89.779747  61.407746   154.390   154.677 11 54763.56381528  2.370
  14  89.765550  61.409807   160.639   160.413  7 54793.31073587  1.624
  15  89.771909  61.410637   156.526   157.418  8 54803.22637385  3.280
  16  89.788148  61.408248    34.128    34.061 13 54813.14201288 27.939
  17  89.788118  61.408867    33.505    33.667 14 54823.05765628 27.231
  18  89.784818  61.408180    34.359    34.215 13 54832.97329643 23.670
  19  89.782701  61.407693    34.149    34.137 12 54842.88894646 24.226
  20  89.781091  61.408645    34.102    34.112 12 54852.80459518 24.539
  21  89.783521  61.409388    33.923    33.914 13 54862.72024393 23.688
  22  89.788814  61.408382    34.411    34.423 13 54872.63589303 23.146
  23  89.784622  61.408498    34.020    34.043 13 54882.55153906 17.067
  24  89.774791  61.408790    34.203    34.168 10 54892.46718125 17.150
  25  89.771011  61.407365    34.321    34.368  9 54902.38282144 15.761
  26  89.769651  61.407693    34.273    34.274  8 54912.29846027 17.562
  27  89.775880  61.407701    34.353    34.345 10 54922.21409893 17.017
  28  89.781155  61.408347    34.380    34.399 12 54932.12973674 21.401
  29  89.782679  61.408614    34.907    34.942 13 54942.04537259 30.738
  30  89.794269  61.404134    36.333    36.351  7 54951.96100816 35.406
  32  89.765926  61.410884   165.156   165.156  2 54971.79229568  0.306
  33  89.779245  61.408371   166.321   166.231 11 54981.70794467  7.651
  36  89.756867  61.416924   174.167   174.167  2 55011.45488016  0.502
  37  89.795727  61.403815    36.862    35.729  5 55021.37052865 16.068
  38  89.791146  61.406078    31.195    31.181 10 55031.28617040 41.561
  39  89.811561  61.401304    34.973    37.032  3 55041.20181462 35.277
  40  89.805438  61.404962    31.024    31.037  9 55051.11745399 40.588
  41  89.805826  61.404433    31.029    31.013  8 55061.03309228 36.229
  42  89.795021  61.404988    31.155    31.085  7 55070.94873327 41.180
  43  89.786773  61.404026    31.137    31.148  4 55080.86438165 41.419
  46  89.757845  61.414935   172.529   172.921  3 55110.61131704  1.286
  47  89.800430  61.401674    30.686    30.686  2 55120.52696653 46.172
  48  89.775389  61.407840    30.967    30.978 10 55130.44260483 41.673
  49  89.770260  61.407392    31.008    31.022  9 55140.35824381 46.373
  50  89.771815  61.407240    33.285    33.338  8 55150.27388253 40.332
  51  89.776150  61.408874    35.317    35.404 11 55160.18952126 24.086
  52  89.788474  61.408303    34.963    34.671 13 55170.10516063 22.572
  53  89.791100  61.409196    34.999    34.697 14 55180.02079766 21.213
  54  89.787359  61.408905    35.123    34.947 13 55189.93644482 16.963
  55  89.782779  61.408735    35.178    35.043 12 55199.85209491 14.059
  56  89.781936  61.408774    35.160    34.954 13 55209.76774449 14.048
  57  89.787236  61.408047    35.494    35.338 13 55219.68339421 13.283
  58  89.784554  61.408732    35.107    34.918 12 55229.59904208 12.251
  59  89.782182  61.408166    34.916    34.885 12 55239.51468694 13.472
  60  89.773766  61.408305    34.954    34.962 10 55249.43032759 13.645
  61  89.771442  61.407083    34.831    34.891  9 55259.34596670 11.632
  62  89.770919  61.407370    34.657    34.663  9 55269.26160513 10.913
  63  89.776116  61.407630    34.716    34.703 10 55279.17724396 12.700
  66  89.779794  61.408122    38.120    37.940 12 55308.92416000 17.894
  67  89.774391  61.407734   152.595   152.486 10 55318.83980563  5.032
  68  89.774454  61.407299   160.231   160.159  9 55328.75545064  5.159
  69  89.776614  61.408395   167.363   167.065 10 55338.67109511  2.335
  70  89.782663  61.408823   167.190   166.822 13 55348.58673962  2.594
  73  89.809615  61.401200    37.377    37.377  2 55378.33366383 27.170
  78  89.786740  61.405221    30.930    30.950  6 55427.91187949 32.684
  79  89.759320  61.412093   171.414   171.414  2 55437.82752094  0.346
  81  89.774446  61.408465   166.693   167.598 10 55457.65880908  2.361
  82  89.760535  61.413963   171.966   171.893  4 55467.57444943  1.482
  83  89.765394  61.412586   170.163   170.872  5 55477.49008907  1.085
  84  89.764857  61.412373   171.604   171.898  6 55487.40572495  1.238
  85  89.796844  61.402021    30.599    30.599  2 55497.32136285 40.364
  88  89.785039  61.408704    30.985    30.916 13 55527.06829812 38.885
  89  89.785948  61.408738    32.235    31.500 13 55536.98394581 23.517
  90  89.784255  61.408894    33.209    33.374 13 55546.89959100 20.062
  91  89.783394  61.408803    34.160    34.076 13 55556.81523443 19.954
  92  89.785116  61.408558    34.306    34.285 13 55566.73087717 18.180
  93  89.784073  61.409220    34.054    34.080 13 55576.64651883 18.059
  94  89.784377  61.408470    34.131    34.015 12 55586.56215885 18.319
  95  89.779506  61.408861    34.056    33.887 12 55596.47779510 15.129
  96  89.777969  61.408637    33.687    33.800 11 55606.39342876 16.941
  97  89.780235  61.408460    33.630    33.483 12 55616.30906076 16.187
  98  89.783701  61.408322    33.461    33.526 13 55626.22470373 16.627
  99  89.783666  61.408199    33.733    33.695 13 55636.14035581 16.158
 101  89.775040  61.408848    32.847    32.848 10 55655.97165216 12.252
 102  89.774710  61.408064    32.941    33.002 10 55665.88729492 25.029
 103  89.776552  61.407721   159.194   159.324 10 55675.80293480  7.061
 104  89.781085  61.407898   164.466   165.816 12 55685.71857302  6.232
 105  89.783887  61.409151   167.750   166.309 13 55695.63420978  5.554
 106  89.768844  61.415843   172.034   174.731  5 55705.54984297  0.955
 107  89.809754  61.402554    31.393    31.376  4 55715.46549658 49.166
 108  89.802395  61.404031    30.793    30.844  6 55725.38114454 47.149
 109  89.796961  61.405557    30.623    30.598  9 55735.29679085 43.669
 110  89.762007  61.416906   169.196   171.311  3 55745.21243208  2.757
 111  89.810877  61.401077    30.816    30.816  2 55755.12808254 48.815
 112  89.807982  61.400621    34.062    34.062  2 55765.04372409 37.363
 117  89.770008  61.413982   168.436   170.272  6 55814.62191432  1.722
 119  89.799318  61.401821    30.620    30.603  3 55834.45320777 47.130
 122  89.787477  61.409025    30.615    30.606 13 55864.20011853 37.583
 123  89.788861  61.409064    30.611    30.603 13 55874.11577226 47.287
 124  89.789248  61.408738    30.436    30.476 14 55884.03142057 45.267
 125  89.787852  61.408776    34.118    33.509 13 55893.94706249 22.391
 126  89.788402  61.408887    34.193    33.290 13 55903.86269910 22.651
 127  89.790153  61.409235    34.936    35.169 13 55913.77833803 19.135
 128  89.790583  61.408623    34.539    35.119 14 55923.69399212 22.755
 129  89.786080  61.409225    34.344    33.600 13 55933.60964255 22.035
 130  89.782125  61.408169    34.076    33.559 13 55943.52528874 20.445
 131  89.773627  61.408109    36.592    36.903 10 55953.44093011 13.887
 132  89.772831  61.407174    33.752    33.509  9 55963.35656928 13.997
 133  89.773942  61.408272    33.625    33.614 10 55973.27220666 15.253
 134  89.782622  61.408779    33.325    33.331 13 55983.18784365 17.879
 135  89.788524  61.409326    33.338    33.079 14 55993.10347846 19.307
 136  89.786282  61.408401    33.014    32.977 13 56003.01912769 18.186
 137  89.774454  61.408840    33.033    33.051 10 56012.93477605 17.935
 138  89.772602  61.407708    33.281    33.278  9 56022.85042204 22.546
 139  89.776172  61.407787    33.273    33.295 10 56032.76606567 27.729
 140  89.783755  61.408528    33.606    33.617 12 56042.68170742 22.863
 141  89.789833  61.409121   154.053   151.412 14 56052.59734649  6.479
 142  89.792443  61.409185   162.968   163.906 14 56062.51298226  7.309
 143  89.789313  61.409141   165.140   165.094 14 56072.42862229  3.941
 144  89.785279  61.408644   166.443   165.585 12 56082.34427223  3.068
 145  89.798927  61.404206    31.950    30.958  6 56092.25992180 36.910
 146  89.794133  61.406746    30.545    30.533 10 56102.17556661 47.006
 147  89.794862  61.406420    30.528    30.562  9 56112.09119794 47.968
 148  89.787197  61.407439    30.496    30.484 12 56122.00683634 48.526
 149  89.780012  61.407803    30.782    30.765 11 56131.92247105 45.502
 150  89.774574  61.408740    30.618    30.544 10 56141.83810646 38.961
 151  89.777499  61.407976    30.904    30.902 10 56151.75375761 42.471
 152  89.788226  61.406433    30.438    30.445  9 56161.66940780 43.031
 153  89.792108  61.406438    30.464    30.456 10 56171.58505533 42.206
 154  89.803451  61.402084    30.163    30.190  4 56181.50069958 52.048
 155  89.794590  61.403003    30.244    30.245  3 56191.41633757 38.328
 157  89.764790  61.413782   169.349   171.200  4 56211.24760395  1.387
 158  89.792916  61.408875    30.095    30.142 14 56221.16323942 37.137
 159  89.796552  61.409188    30.239    30.226 14 56231.07889206 41.083
 160  89.791588  61.409784    31.223    31.186 14 56240.99454449 35.512
 161  89.787788  61.408911    31.389    31.443 13 56250.91019309 30.178
 162  89.785248  61.408168    31.605    31.611 13 56260.82583699 28.981
 163  89.784535  61.408604    31.171    31.105 13 56270.74147852 20.322
 164  89.788806  61.408249    31.431    31.444 13 56280.65711882 22.368
 165  89.787087  61.408260    31.840    31.819 13 56290.57277083 19.723
 166  89.780578  61.408300    31.946    31.974 12 56300.48841811 17.862
 167  89.773669  61.407946    31.877    31.879  9 56310.40406133 20.234
 168  89.771818  61.407318    31.601    31.628  8 56320.31970285 18.381
 169  89.773106  61.408203    31.558    31.540 10 56330.23534381 18.322
 170  89.782022  61.408055    31.525    31.521 12 56340.15098498 20.742
 171  89.787024  61.408729    31.366    31.411 13 56350.06662351 23.442
 172  89.785499  61.409120    33.220    33.072 13 56359.98226060 14.025
 173  89.779245  61.408120    31.841    31.844 12 56369.89791033 16.705
 176  89.786699  61.408061    31.653    31.629 13 56399.64484669 16.189
 177  89.789164  61.409584    32.287    32.256 14 56409.56048734 33.996
 178  89.793499  61.408923   150.754   149.529 14 56419.47612383  6.644
 179  89.791687  61.409042   163.441   164.373 14 56429.39175855  5.261
 180  89.787045  61.408159   164.800   164.780 13 56439.30741168  3.995
 181  89.782420  61.408535   173.449   175.210 12 56449.22306224  2.867
 185  89.784145  61.405479    31.144    31.120  7 56488.88563642 38.062
 186  89.778333  61.407784    30.873    30.887  9 56498.80127066 42.984
 187  89.781074  61.408686    31.194    31.164 12 56508.71690453 43.957
 188  89.787095  61.408752    31.032    31.098 14 56518.63254469 44.727
 189  89.793437  61.406539    30.805    30.805 10 56528.54819939 43.977
 190  89.786787  61.407844    31.186    31.129 11 56538.46384829 36.348
 191  89.794908  61.403746    30.698    30.685  6 56548.37949513 40.966
 192  89.758808  61.414603   177.435   177.435  2 56558.29513371  0.614
 194  89.764587  61.416268   161.187   161.481  4 56578.12641748  1.290
 195  89.794128  61.409153    30.703    30.663 15 56588.04205846 44.115
 196  89.773257  61.415916   166.067   164.894  5 56597.95769806  1.210
 197  89.788044  61.408935    30.693    30.692 14 56607.87335166 48.069
 198  89.785072  61.408536    30.641    30.664 12 56617.78899787 44.120
 199  89.785474  61.408200    30.763    30.752 13 56627.70464097 47.222
 200  89.786810  61.408133    30.969    30.971 13 56637.62028128 48.309
 201  89.785710  61.408098    33.172    33.143 13 56647.53592344 31.660
 202  89.778884  61.408116    33.379    33.387 11 56657.45157463 24.677
 203  89.773970  61.408125    32.895    32.903 10 56667.36722175 24.184
 204  89.774902  61.408097    33.603    33.607  9 56677.28286694 27.199
 205  89.776473  61.408920    32.768    32.596 11 56687.19851094 23.789
 206  89.783094  61.408109    33.274    32.803 12 56697.11415355 20.269
 207  89.783429  61.408777    32.595    32.596 12 56707.02979082 22.768
 208  89.784450  61.408553    32.858    32.597 13 56716.94542615 22.974
 210  89.779670  61.408473    32.247    32.341 12 56736.77672789 19.143
 212  89.788866  61.408718    33.395    33.457 13 56756.60801540 26.723
 213  89.791720  61.409045    34.467    34.511 14 56766.52365099 30.431
 214  89.804529  61.404303    35.922    35.960  7 56776.43929450 45.736
 215  89.783998  61.408766   159.745   161.930 13 56786.35494851  7.001
 216  89.780112  61.408736   165.331   166.105 12 56796.27060103  5.296
 217  89.779760  61.408395   165.692   166.265 12 56806.18624933  3.391
 218  89.779343  61.408272   166.082   166.068 12 56816.10189114  5.105
 219  89.764689  61.412193   176.307   176.194  5 56826.01752769  0.871
 221  89.780038  61.408164    31.245    31.193 11 56845.84879593 36.200
 222  89.784143  61.407572    30.738    30.744 11 56855.76444410 45.362
 223  89.790926  61.405970    30.992    30.979 10 56865.68009828 43.221
 224  89.799025  61.402938    31.415    31.433  4 56875.59575173 44.986
 228  89.767371  61.412285   171.957   172.678  7 56915.25832783  2.326
 229  89.778471  61.411142   167.434   168.275  9 56925.17396843  1.906
 230  89.819043  61.400203    30.575    30.575  2 56935.08960994 48.380
 231  89.818290  61.401379    30.361    30.330  3 56945.00524096 46.424
 232  89.772030  61.413889   168.134   168.129  4 56954.92088540  0.653
 233  89.772200  61.411942   161.039   159.036  7 56964.83653530  2.574
 236  89.788098  61.408979    32.762    32.175 13 56994.58345800 22.075
 237  89.783133  61.409238    31.552    31.565 13 57004.49909714 23.162
 238  89.775563  61.408262    31.794    31.766 10 57014.41475222 20.511
 239  89.771850  61.408329    31.932    31.928  9 57024.33040281 16.035
 240  89.776342  61.408639    31.703    31.748 10 57034.24605183 15.869
 241  89.782796  61.408812    31.486    31.491 13 57044.16169864 22.765
 242  89.785700  61.408598    31.124    31.129 13 57054.07734247 22.009
 243  89.782637  61.408572    31.187    31.277 12 57063.99298106 23.056
 245  89.787300  61.408340    31.396    31.417 13 57083.82424566 20.304
 246  89.790391  61.408972    31.632    31.634 14 57093.73989654 20.074
 247  89.794032  61.408772    31.719    31.732 14 57103.65555364 24.375
 249  89.766637  61.415513   166.858   168.394  5 57123.48684976  0.788
 250  89.783536  61.408199    32.223    32.172 13 57133.40249349 29.709
 251  89.756067  61.416717   169.410   169.410  2 57143.31812674  0.618
 252  89.778907  61.411298   164.341   164.644 10 57153.23376350  2.411
 253  89.792912  61.408907   163.747   164.373 14 57163.14939927  6.852
 254  89.789354  61.408624   166.158   165.249 14 57173.06505614  4.958
 257  89.778276  61.405849    31.112    31.076  7 57202.81200709 35.680
 258  89.786317  61.405076    30.716    30.737  6 57212.72764188 39.926
 259  89.791612  61.406141    30.799    30.805 10 57222.64328590 44.754
 260  89.797370  61.405564    30.545    30.504  8 57232.55892859 41.431
 261  89.807589  61.401783    30.687    30.682  3 57242.47456933 46.058
 263  89.773079  61.412557   170.876   169.895  7 57262.30583697  1.461
 264  89.791272  61.409742   164.381   164.405 14 57272.22147392  2.941
 265  89.784007  61.413274   168.082   168.808  9 57282.13713035  1.516
 266  89.768882  61.417695   173.364   173.364  2 57292.05278349  0.696
 267  89.788538  61.408939   163.498   164.023 14 57301.96843809  3.354
 269  89.776122  61.408093    30.806    30.809 10 57321.79972963 43.746
 270  89.759957  61.413961   177.920   177.920  2 57331.71536971  0.310
 271  89.784049  61.408440    30.917    30.948 13 57341.63101273 44.517
 272  89.782993  61.408295    32.463    32.200 12 57351.54666388 25.487
 273  89.779612  61.407798    32.810    32.829 11 57361.46230814 27.328
 274  89.774173  61.407540    32.894    32.915  9 57371.37794902 20.814
 275  89.772486  61.408158    32.976    32.748  9 57381.29358819 17.863
 276  89.780370  61.408263    32.520    32.382 12 57391.20922765 24.791
 277  89.788108  61.409248    32.504    32.121 14 57401.12486605 21.625
 278  89.790721  61.409889    33.124    32.266 14 57411.04050726 19.353
 279  89.787829  61.408841    32.451    32.412 13 57420.95615935 20.193
 280  89.781841  61.408680    32.480    32.495 12 57430.87180839 20.958
 281  89.782791  61.408045    32.397    32.392 12 57440.78745607 22.334
 282  89.785098  61.409014    32.375    32.422 13 57450.70310272 24.489
 283  89.790593  61.408996    32.614    32.311 14 57460.61874824 20.562
 284  89.779947  61.413088   170.079   170.255  6 57470.53438846  0.651
 285  89.809636  61.402801    36.717    36.778  6 57480.45003007 11.576
 286  89.786174  61.408858    33.684    33.947 13 57490.36566188 15.539
 287  89.787129  61.408522    32.589    32.637 13 57500.28129474 30.010
 289  89.804617  61.402808    32.043    32.061  4 57520.11259863 43.931
 290  89.784322  61.408706   165.727   165.638 13 57530.02824926  8.026
 291  89.779469  61.408671   168.878   167.425 12 57539.94389875  2.935
 292  89.758128  61.413666   172.191   172.530  3 57549.85954332  0.374
 293  89.761216  61.412034   172.112   172.112  2 57559.77518947  0.152
 294  89.780013  61.407340    30.963    30.945  8 57569.69083675 39.321
 295  89.792855  61.405296    30.751    30.672  8 57579.60648280 41.916
 296  89.789782  61.407717    30.785    30.776 12 57589.52212524 45.720
 297  89.789495  61.407797    30.869    30.887 11 57599.43776552 36.751
