#   71.317  -4.881   8.282 ;Mean Elev.(m), Avg Gradient(m/km), RMS Gradient(m/km) - SRTM1     
#   57.805  -4.997   9.208 ;Mean Elev.(m), Avg Gradient(m/km), RMS Gradient(m/km) - ASTER GDEM
#   68.861  -5.017   8.403 ;Mean Elev.(m), Avg Gradient(m/km), RMS Gradient(m/km) - GMTED2010 
   1  92.282274  58.397385    70.073    70.071  3 54668.14680935 29.651
   2  92.278731  58.397380    70.144    69.985  3 54678.06245334 46.898
   3  92.279334  58.399318    96.610    96.720  3 54687.97809667  8.857
   4  92.281043  58.400045    69.550    69.345  3 54697.89373797 37.103
   5  92.282428  58.398659   115.556   124.332  3 54707.80937989 11.131
   6  92.280642  58.396340    69.625    69.634  3 54717.72503110 41.701
   7  92.281471  58.395432    70.423    70.477  3 54727.64068027 32.319
   8  92.281978  58.396485    69.838    69.878  4 54737.55632819 35.010
   9  92.280008  58.398013    90.336    88.827  3 54747.47197571 22.979
  10  92.277794  58.399045    86.054    88.122  3 54757.38762280 25.426
  11  92.280731  58.400044    69.063    69.114  3 54767.30326835 35.866
  12  92.281005  58.397438    68.763    68.805  3 54777.21890986 48.103
  13  92.283027  58.395753    69.409    69.529  4 54787.13454920 40.466
  14  92.282090  58.394685   113.088   112.469  3 54797.05018715 16.098
  15  92.284168  58.396739    69.781    70.033  3 54806.96582547 39.029
  16  92.281790  58.396361    69.112    69.012  4 54816.88146240 37.594
  17  92.280516  58.397195    75.516    75.487  3 54826.79711106 37.884
  18  92.279335  58.397705    78.262    78.292  3 54836.71275011 34.322
  19  92.278155  58.398993    77.853    77.891  3 54846.62839963 29.194
  20  92.277537  58.400537    77.092    77.019  3 54856.54404871 26.996
  21  92.277063  58.402064    77.165    77.119  3 54866.45969786 22.982
  22  92.277515  58.402421    76.624    76.603  3 54876.37534642 22.190
  23  92.277308  58.400669    76.901    76.884  3 54886.29099168 20.919
  24  92.279053  58.399161    76.825    76.839  3 54896.20663369 21.929
  25  92.281908  58.399005    76.437    76.386  3 54906.12227324 21.150
  26  92.280056  58.397837    76.416    76.463  3 54916.03791096 18.674
  27  92.282233  58.399099    78.683    79.485  3 54925.95354910 28.716
  28  92.280712  58.397876    74.179    73.842  3 54935.86918587 50.395
  29  92.281374  58.396149    71.706    71.599  3 54945.78482085 50.086
  30  92.284467  58.394094    73.980    73.996  3 54955.70045346 36.981
  31  92.286531  58.394719    75.365    75.968  3 54965.61610147 32.767
  32  92.286041  58.395887    73.337    73.337  3 54975.53174952 39.600
  33  92.281997  58.396443    72.316    72.385  4 54985.44739705 46.642
  34  92.282073  58.398257    93.326    95.379  3 54995.36304516 18.974
  35  92.282218  58.399358    71.117    71.105  3 55005.27869167 38.656
  36  92.279587  58.398835    71.649    71.579  3 55015.19433547 40.150
  37  92.280388  58.399910    70.728    70.849  3 55025.10997835 45.518
  38  92.278258  58.400157    71.780    70.040  3 55035.02562026 26.707
  39  92.278453  58.400140    70.705    70.608  3 55044.94126154 50.574
  40  92.280122  58.398603    70.494    70.463  3 55054.85690099 23.744
  41  92.282302  58.396055    70.832    70.875  3 55064.77253809 40.725
  42  92.283070  58.395598    71.071    71.087  3 55074.68818526 29.423
  43  92.280801  58.395646    70.415    70.429  3 55084.60383298 27.676
  44  92.282069  58.398179    70.596    70.571  3 55094.51947990 48.569
  45  92.280908  58.398717    70.489    70.537  3 55104.43512623 46.733
  46  92.278549  58.397621    70.713    70.612  3 55114.35077202 41.434
  47  92.280000  58.396972    87.544    93.684  3 55124.26641577 19.338
  48  92.281952  58.396475    70.116    70.051  4 55134.18205675 48.310
  49  92.280909  58.395272    69.762    69.624  3 55144.09769515 43.591
  50  92.280342  58.395591    69.459    69.239  3 55154.01333306 46.105
  51  92.280756  58.396352    70.094    70.118  3 55163.92897142 40.494
  52  92.280520  58.396307    70.547    70.628  3 55173.84460934 39.843
  53  92.281500  58.395905    98.941    98.941  2 55183.76024762  0.550
  54  92.281166  58.397552    75.728    75.736  3 55193.67589895 17.866
  55  92.278807  58.399147    75.843    75.888  3 55203.59154889 17.141
  56  92.278859  58.401548    76.191    76.191  3 55213.50719858 16.630
  57  92.279432  58.402408    76.310    76.327  3 55223.42284768 15.916
  58  92.277244  58.399819    75.896    75.913  3 55233.33849453 16.735
  59  92.280598  58.398311    75.909    76.006  3 55243.25413881 15.464
  60  92.282886  58.397735    75.476    75.318  3 55253.16977986 13.805
  61  92.282741  58.398314    75.392    75.399  3 55263.08541864 14.862
  62  92.280199  58.398651    75.594    75.541  3 55273.00105612 14.263
  63  92.278998  58.397813    87.074    90.446  3 55282.91669322 12.130
  64  92.281246  58.396202    91.655    92.125  3 55292.83232924 11.347
  65  92.284155  58.394195    73.724    73.739  3 55302.74796491 30.330
  66  92.287220  58.395363    70.845    70.675  3 55312.66361289 45.904
  67  92.284118  58.395572    72.999    73.002  3 55322.57925801 35.307
  68  92.281971  58.397080    75.644    75.670  3 55332.49490225 47.775
  69  92.282095  58.398998    80.277    76.399  3 55342.41054676 25.877
  70  92.281583  58.398779    94.853    94.427  3 55352.32619065 22.323
  71  92.281272  58.397954    89.974    87.367  3 55362.24183228 21.414
  72  92.281269  58.397986    74.847    75.889  3 55372.15747201 23.579
  73  92.280716  58.398619    72.236    72.128  3 55382.07311031 49.299
  74  92.281113  58.399522    71.515    71.679  3 55391.98874793 50.313
  75  92.279515  58.397427    70.879    70.769  3 55401.90438351 32.251
  76  92.281169  58.396499    70.269    70.272  3 55411.82003384 27.727
  77  92.283604  58.395443    70.735    70.865  3 55421.73568339 39.496
  78  92.283705  58.394765    70.474    70.522  3 55431.65133003 28.352
  79  92.280891  58.395737    94.194    93.996  3 55441.56697460 17.846
  80  92.279630  58.397828    82.081    76.209  3 55451.48261803 22.765
  81  92.281889  58.399702    83.994    87.259  3 55461.39826109 22.279
  82  92.281279  58.397236    70.063    70.104  3 55471.31390188 37.688
  83  92.285345  58.395916    92.715    93.344  3 55481.22954033 19.589
  84  92.284689  58.393498    90.380    90.661  3 55491.14517576 17.962
  85  92.284712  58.393768    69.825    69.934  3 55501.06080955 48.750
  86  92.282806  58.395847    69.630    69.659  4 55510.97645283 33.334
  87  92.279482  58.397287    69.627    69.628  3 55520.89210231 33.950
  88  92.279840  58.398467    68.685    68.875  3 55530.80775098 37.674
  89  92.281887  58.399050    71.694    71.598  3 55540.72339810 33.333
  90  92.282173  58.399187    74.085    74.020  3 55550.63904290 21.243
  91  92.280084  58.399768    74.348    73.896  3 55560.55468606 20.444
  92  92.279112  58.400866    74.256    73.691  3 55570.47032864 18.317
  93  92.279754  58.400728    74.523    74.035  3 55580.38597019 18.283
  94  92.280122  58.397569    73.503    73.549  3 55590.30160841 17.452
  95  92.283002  58.394177    73.264    73.291  3 55600.21724367 15.361
  96  92.288085  58.393592    72.588    72.563  3 55610.13287718 16.936
  97  92.288076  58.393820    72.596    72.641  3 55620.04850889 17.028
  98  92.282718  58.395763    72.382    72.403  4 55629.96415939 16.486
  99  92.279493  58.396475    73.114    72.574  3 55639.87980995 15.307
 100  92.280862  58.395964    72.493    72.454  3 55649.79545832 25.612
 102  92.287228  58.395440    70.727    70.628  3 55669.62674527 47.806
 103  92.282490  58.394861    96.400    96.704  3 55679.54238423 22.357
 104  92.280012  58.395996    96.364    96.327  3 55689.45802179 21.015
 105  92.282489  58.398054    94.954    94.407  3 55699.37365846 21.054
 106  92.281251  58.396593    82.138    76.354  3 55709.28929629 24.255
 107  92.281623  58.396890    70.235    70.197  4 55719.20494696 50.116
 108  92.281165  58.397532    70.069    70.006  4 55729.12059517 48.510
 109  92.280961  58.398812    69.841    69.803  3 55739.03624200 25.754
 110  92.280020  58.399671    71.671    69.931  3 55748.95188742 24.822
 111  92.280003  58.399270    70.154    70.172  3 55758.86753038 27.701
 112  92.281149  58.397411    70.193    70.135  4 55768.78317046 41.353
 113  92.284705  58.395602    70.081    70.182  3 55778.69880761 46.789
 114  92.287839  58.394547    70.415    70.359  3 55788.61444236 39.467
 115  92.286414  58.393703    70.270    70.326  3 55798.53007554 33.250
 116  92.285679  58.395939    86.282    89.179  3 55808.44572101 21.599
 117  92.283485  58.397075    70.194    70.186  3 55818.36137011 33.982
 118  92.283477  58.396122    69.885    69.913  3 55828.27701506 32.951
 119  92.285648  58.394724    69.886    69.614  3 55838.19265575 41.359
 120  92.287354  58.393871    69.710    69.647  3 55848.10829333 49.397
 121  92.285238  58.393597    69.900    69.893  3 55858.02392837 44.426
 122  92.283233  58.396176    69.632    69.613  3 55867.93957482 35.439
 123  92.279019  58.397461    69.355    69.349  3 55877.85522634 38.399
 124  92.279159  58.398021    68.240    68.192  3 55887.77087169 46.527
 125  92.279430  58.396839    69.454    69.509  3 55897.68651111 43.719
 126  92.281272  58.395799    69.783    69.881  3 55907.60214572 46.050
 127  92.280052  58.396485    70.142    70.180  3 55917.51779278 39.996
 128  92.278891  58.397946    73.758    73.806  3 55927.43344627 40.656
 129  92.281006  58.399195    76.791    76.687  3 55937.34909663 25.107
 130  92.280168  58.397152    75.624    75.647  3 55947.26474129 18.610
 131  92.283431  58.396448    75.904    75.884  3 55957.18038192 19.023
 132  92.283721  58.395409    75.967    75.963  3 55967.09601963 20.126
 133  92.282175  58.395110    76.331    76.329  3 55977.01165625 16.802
 134  92.283944  58.396249    75.533    75.524  3 55986.92729264 18.699
 135  92.283635  58.395438    75.276    75.276  4 55996.84293024 18.185
 136  92.283034  58.395251    74.774    74.733  3 56006.75858149 17.624
 137  92.284843  58.395557    93.681    93.525  3 56016.67422894  8.695
 138  92.281323  58.394864    75.103    75.094  3 56026.58987294 23.718
 139  92.282197  58.397254    71.502    71.381  3 56036.50551620 46.939
 140  92.280339  58.397886    70.831    70.789  3 56046.42115703 51.731
 141  92.280167  58.398071    80.312    72.768  3 56056.33679514 30.348
 142  92.283150  58.397887    94.007    94.755  3 56066.25242927 21.192
 143  92.281371  58.397412    70.253    70.162  3 56076.16807622 48.815
 144  92.280352  58.398349    70.456    70.474  3 56086.08372538 50.177
 145  92.278406  58.398097    70.036    70.037  3 56095.99937182 29.843
 146  92.280319  58.398452    70.041    70.198  3 56105.91501654 41.378
 147  92.281829  58.397323    71.492    69.774  3 56115.83064653 22.003
 148  92.283645  58.395943    70.080    70.139  3 56125.74628437 30.649
 149  92.284986  58.394408    69.830    69.575  3 56135.66191824 33.354
 150  92.286745  58.395574    68.608    68.833  3 56145.57756092 26.691
 151  92.282727  58.395619    69.875    69.914  3 56155.49321047 40.882
 152  92.283495  58.397465    69.801    69.659  3 56165.40885976 36.455
 153  92.282654  58.397268    69.368    69.376  3 56175.32450640 30.052
 154  92.281343  58.395616    69.685    69.693  3 56185.24014769 39.382
 155  92.284788  58.395971    75.686    75.648  3 56195.15578587 19.310
 156  92.284558  58.395767    68.501    68.182  3 56205.07142061 31.089
 157  92.282401  58.395392    68.419    68.472  3 56214.98705357 37.485
 158  92.283531  58.396777    68.776    68.767  3 56224.90269114 49.337
 159  92.280125  58.397039    71.877    68.429  3 56234.81834640 45.603
 160  92.279962  58.397589    67.915    67.938  3 56244.73399811 41.861
 161  92.278967  58.397489    68.558    68.516  3 56254.64964470 33.659
 162  92.280310  58.398783    68.757    68.760  3 56264.56528766 37.536
 163  92.279781  58.398929    74.417    74.514  3 56274.48092859 17.347
 164  92.280875  58.398714    74.446    74.453  3 56284.39657347 16.377
 165  92.281034  58.397418    74.276    74.184  3 56294.31222452 16.321
 166  92.283574  58.396928    74.355    74.656  3 56304.22787159 15.623
 167  92.281927  58.396071    73.865    74.063  3 56314.14351428 14.836
 168  92.280848  58.396951    78.387    74.810  3 56324.05915511 14.157
 169  92.280082  58.397660    74.808    75.224  3 56333.97479517 12.335
 170  92.282123  58.397606    73.634    73.109  3 56343.89043468 13.864
 171  92.282781  58.395348    73.801    73.951  3 56353.80607145 12.311
 172  92.284976  58.395135    76.521    76.186  3 56363.72171483 11.809
 173  92.284108  58.396319    78.918    78.784  3 56373.63736383  9.036
 175  92.280422  58.400327    72.612    72.564  3 56393.46865441 23.551
 176  92.280436  58.400661    74.105    71.998  3 56403.38429688 39.184
 177  92.278072  58.398247    72.908    72.893  3 56413.29993586 39.013
 178  92.282591  58.397587    95.586    96.345  3 56423.21557073 23.556
 179  92.281363  58.397029    72.103    72.054  3 56433.13121395 49.427
 180  92.279336  58.398637    70.893    70.877  3 56443.04686632 35.911
 181  92.279184  58.400504    70.828    70.847  3 56452.96251630 33.400
 182  92.281118  58.400687    71.661    71.662  3 56462.87816359 45.920
 183  92.282236  58.398650    70.781    70.829  3 56472.79380717 25.422
 184  92.281277  58.395247    69.304    69.863  3 56482.70944696 28.706
 185  92.282781  58.394965    70.073    70.109  3 56492.62508396 28.905
 186  92.281658  58.394990    70.391    70.523  3 56502.54071842 43.840
 187  92.282505  58.395560    69.584    69.700  3 56512.45635163 30.171
 188  92.281505  58.395579    70.546    70.613  3 56522.37199929 38.542
 189  92.282865  58.395914    71.098    71.105  3 56532.28765213 28.812
 191  92.283994  58.396748    70.139    70.125  3 56552.11894620 43.865
 192  92.279255  58.397379    70.487    70.289  3 56562.03458854 37.546
 193  92.279940  58.400228    69.940    69.884  3 56571.95023046 27.105
 194  92.280130  58.400616    72.169    72.794  3 56581.86587018 23.637
 195  92.280547  58.397698    69.453    69.312  3 56591.78150515 31.490
 196  92.280959  58.396697    75.398    75.379  3 56601.69715451 22.373
 197  92.279531  58.396627    69.497    69.390  3 56611.61280406 34.702
 198  92.278437  58.397946    69.170    69.064  3 56621.52844942 46.650
 199  92.278501  58.399183    69.785    69.750  3 56631.44409194 45.195
 200  92.282039  58.399155    68.752    68.896  3 56641.35973062 47.014
 201  92.282870  58.397001    69.509    69.543  3 56651.27537867 42.449
 202  92.282779  58.395299    69.404    69.210  3 56661.19102873 44.632
 203  92.282635  58.395668    70.186    70.228  3 56671.10667578 42.426
 204  92.279376  58.397000    69.696    69.785  3 56681.02232061 37.142
 205  92.281078  58.399619    73.398    73.308  3 56690.93796413 17.083
 206  92.280892  58.398670    73.149    73.119  3 56700.85360340 16.970
 207  92.283230  58.396226    74.248    73.327  3 56710.76923791 14.845
 208  92.283726  58.395286    73.851    73.263  3 56720.68488088 14.035
 209  92.282310  58.396858    74.195    73.285  3 56730.60053285 13.081
 210  92.280513  58.399822    73.180    73.172  3 56740.51618125 24.704
 211  92.278275  58.401514    74.226    74.226  2 56750.43182531 35.245
 212  92.279472  58.401609    70.670    70.541  3 56760.34746453 47.387
 213  92.280003  58.398371    89.281    89.606  3 56770.26309670 27.486
 214  92.282084  58.398627    72.271    72.262  3 56780.17874910 36.894
 215  92.278459  58.398034    80.173    75.718  3 56790.09440386 26.889
 216  92.280592  58.401318    70.463    70.474  3 56800.01005639 38.749
 217  92.279509  58.402305    70.520    70.542  3 56809.92570167 46.628
 218  92.276979  58.400118    70.594    70.636  3 56819.84134124 49.787
 219  92.279834  58.397828    70.831    70.834  3 56829.75697742 47.330
 220  92.282533  58.394606    70.785    70.699  3 56839.67261029 43.923
 221  92.287588  58.394800    70.375    70.547  3 56849.58824426 43.303
 222  92.283725  58.396619    70.530    70.675  3 56859.50389877 43.360
 223  92.279882  58.398511    95.268    95.275  3 56869.41955244 20.291
 224  92.280692  58.400341    70.141    70.151  3 56879.33520415 41.049
 225  92.280834  58.399723    95.103    94.977  3 56889.25085197 17.732
 226  92.279315  58.397966    70.460    70.455  3 56899.16649668 46.117
 227  92.278997  58.398734    69.926    70.023  3 56909.08213947 49.536
 228  92.280505  58.401458    69.926    69.893  3 56918.99778081 48.462
 229  92.279568  58.402305    69.873    69.767  3 56928.91341954 39.871
 230  92.280520  58.401392    69.761    69.832  3 56938.82905378 39.824
 231  92.281922  58.398819    69.934    69.813  3 56948.74468816 47.313
 232  92.280086  58.397385    68.279    68.126  3 56958.66034065 36.672
 233  92.279513  58.397283    68.716    68.652  3 56968.57598831 41.517
 234  92.281418  58.398827    67.857    67.812  3 56978.49163258 45.223
 235  92.282002  58.399187    68.325    68.357  3 56988.40727215 37.620
 236  92.282206  58.397015    75.421    75.455  3 56998.32290516 18.292
 237  92.282580  58.396177    74.597    73.888  3 57008.23855467 17.213
 238  92.282012  58.395468    73.920    73.854  3 57018.15420773 21.166
 239  92.280602  58.395478    74.979    74.858  3 57028.06985744 13.494
 240  92.279233  58.396849    86.899    87.105  3 57037.98550554 13.246
 241  92.281169  58.399266    77.721    73.182  3 57047.90115156 16.062
 242  92.280675  58.398870    74.218    73.029  3 57057.81679315 15.225
 243  92.281023  58.397093    84.135    86.405  3 57067.73242907 11.328
 244  92.282812  58.396208    81.565    77.783  3 57077.64806101 11.452
 245  92.284343  58.396235    74.518    75.046  3 57087.56369372 13.538
 246  92.279792  58.398249    73.052    73.018  3 57097.47935235 17.693
 247  92.277935  58.400439    72.947    72.924  3 57107.39500837 17.787
 248  92.276791  58.400335    92.756    93.968  3 57117.31065919 20.776
 249  92.279300  58.400128    70.550    70.450  3 57127.22630409 38.865
 250  92.280293  58.398838    72.071    72.095  3 57137.14194320 43.887
 251  92.279722  58.397003    72.556    72.489  3 57147.05757799 49.147
 252  92.283493  58.397244    72.201    72.155  3 57156.97321096 46.771
 253  92.280896  58.395944    95.648    95.536  3 57166.88885487 20.721
 254  92.281989  58.397480    70.673    70.698  3 57176.80451148 36.290
 255  92.280177  58.396513    71.313    71.305  3 57186.72016350 44.240
 256  92.280810  58.396520    74.040    75.386  3 57196.63581181 22.375
 257  92.280802  58.397029    70.252    70.324  3 57206.55144659 36.402
 258  92.281502  58.398529    69.894    69.925  3 57216.46709198 34.033
 259  92.279229  58.397988    70.182    70.148  3 57226.38273566 28.755
 260  92.280493  58.398099    69.926    69.970  3 57236.29837771 45.666
 261  92.279450  58.396565    70.079    69.953  3 57246.21401581 46.181
 262  92.282837  58.397467    69.748    69.760  3 57256.12965203 39.004
 263  92.280641  58.396870    69.426    69.425  3 57266.04528622 29.466
 264  92.280227  58.398007    69.583    69.559  3 57275.96093016 29.065
 265  92.280002  58.399580    69.842    69.986  3 57285.87658718 46.086
 266  92.280380  58.399759    84.338    87.755  3 57295.79224115 24.766
 267  92.280179  58.399121    69.514    69.504  3 57305.70789134 49.026
 268  92.281668  58.399965    69.055    69.169  3 57315.62353810 41.676
 269  92.280501  58.400250    69.031    68.953  3 57325.53918140 49.292
 270  92.278532  58.399306    68.266    68.234  3 57335.45482253 40.438
 271  92.278951  58.398946    68.571    68.634  3 57345.37046912 36.643
 272  92.279883  58.398186    68.656    68.802  3 57355.28611687 44.121
 273  92.281468  58.397600    68.867    68.952  3 57365.20176080 40.994
 274  92.281292  58.396840    69.002    69.013  3 57375.11740107 38.500
 275  92.281214  58.397033    73.400    73.395  3 57385.03303952 24.538
 276  92.281721  58.397100    74.624    74.732  3 57394.94867747 23.763
 277  92.282002  58.396186    75.060    75.076  3 57404.86431430 21.993
 278  92.283484  58.396690    74.985    74.961  3 57414.77996215 21.786
 279  92.283241  58.397699    74.776    74.816  3 57424.69561357 20.637
 280  92.278466  58.397827    74.800    74.766  3 57434.61126157 19.068
 281  92.279369  58.400965    74.840    74.863  3 57444.52690883 18.534
 282  92.277483  58.401481    74.710    74.687  3 57454.44255481 17.587
 283  92.279066  58.401393    76.931    77.116  3 57464.35819920 13.918
 284  92.279482  58.398258    74.682    74.761  3 57474.27383932 23.611
 286  92.283082  58.395782    70.217    70.259  3 57494.10511012 50.334
 287  92.283135  58.395828    71.626    71.616  3 57504.02074205 46.883
 288  92.280009  58.396809    71.102    71.106  3 57513.93639615 45.777
 289  92.281045  58.397459    71.028    71.017  3 57523.85205071 34.476
 290  92.282469  58.396638    70.729    70.700  3 57533.76770281 30.333
 291  92.282668  58.395900    71.011    70.984  4 57543.68335173 47.900
 292  92.281885  58.396619    70.546    70.581  4 57553.59899829 41.996
 293  92.279513  58.397703    70.386    70.337  3 57563.51464333 42.444
 294  92.280619  58.399641    70.332    70.436  3 57573.43028836 49.737
 295  92.281597  58.399710    70.239    70.409  3 57583.34593288 44.100
 296  92.281075  58.398095    70.087    70.103  3 57593.26157510 29.546
 297  92.281471  58.397627    69.883    69.888  3 57603.17721518 27.773
