# NaN NaN NaN ;Mean Elev.(m), Avg Gradient(m/km), RMS Gradient(m/km) - SRTM1     
#   20.438   2.297  12.972 ;Mean Elev.(m), Avg Gradient(m/km), RMS Gradient(m/km) - ASTER GDEM
#   24.382   3.288  12.046 ;Mean Elev.(m), Avg Gradient(m/km), RMS Gradient(m/km) - GMTED2010 
   7   -13.932 54726.86766058  8.07  88.964887  62.470914  2.598 -100.00 -100.00 -100.00
   7   -13.696 54726.86766117  7.75  88.969804  62.469601  2.285 -100.00 -100.00 -100.00
   7   -13.931 54726.86766176  7.72  88.974721  62.468287  2.222 -100.00 -100.00 -100.00
   7   -14.229 54726.86766235  7.44  88.979638  62.466974  2.271 -100.00 -100.00 -100.00
   7   -14.517 54726.86766294  7.77  88.984554  62.465661  2.253 -100.00 -100.00 -100.00
   7   -14.782 54726.86766353  7.72  88.989470  62.464347  2.406 -100.00 -100.00 -100.00
   7   -13.874 54726.86766530  9.11  89.004214  62.460405  3.391 -100.00 -100.00 -100.00
   8    21.430 54736.78330804 37.35  88.960690  62.470411 28.897 -100.00 -100.00 -100.00
   8    21.112 54736.78330863 43.06  88.965607  62.469098   -100 -100.00 -100.00 -100.00
   8    21.294 54736.78330922 47.90  88.970524  62.467785   -100 -100.00 -100.00 -100.00
   8    21.179 54736.78330981 47.24  88.975440  62.466472 25.116 -100.00 -100.00 -100.00
   8    21.045 54736.78331040 42.63  88.980357  62.465158   -100 -100.00 -100.00 -100.00
   8    21.166 54736.78331099 38.08  88.985272  62.463845   -100 -100.00 -100.00 -100.00
   8    21.291 54736.78331158 34.32  88.990187  62.462531 17.383 -100.00 -100.00 -100.00
   8    21.058 54736.78331217 34.92  88.995102  62.461217 20.803 -100.00 -100.00 -100.00
   8    21.186 54736.78331276 32.09  89.000016  62.459903 11.742 -100.00 -100.00 -100.00
   8    21.244 54736.78331335 32.85  89.004930  62.458588 14.667 -100.00 -100.00 -100.00
   8    21.239 54736.78331394 36.20  89.009843  62.457274 22.320 -100.00 -100.00 -100.00
   9    24.850 54746.69895549 24.61  88.963480  62.470533 14.616 -100.00 -100.00 -100.00
   9    24.909 54746.69895608 25.54  88.968397  62.469219 14.652 -100.00 -100.00 -100.00
   9    20.758 54746.69895667 30.79  88.973314  62.467906   -100 -100.00 -100.00 -100.00
   9    21.002 54746.69895726 31.87  88.978230  62.466593 29.444 -100.00 -100.00 -100.00
   9    20.639 54746.69895785 31.56  88.983146  62.465279   -100 -100.00 -100.00 -100.00
   9    28.320 54746.69895844 26.06  88.988062  62.463965 14.751 -100.00 -100.00 -100.00
   9    28.014 54746.69895903 26.85  88.992977  62.462651 16.852 -100.00 -100.00 -100.00
   9    28.184 54746.69895962 25.58  88.997891  62.461337 14.526 -100.00 -100.00 -100.00
   9    27.975 54746.69896021 26.01  89.002806  62.460022 14.329 -100.00 -100.00 -100.00
   9    27.926 54746.69896080 24.95  89.007719  62.458707 12.932 -100.00 -100.00 -100.00
  10    21.911 54756.61460246 33.09  88.966659  62.471197 14.536 -100.00 -100.00 -100.00
  10    21.064 54756.61460423 36.77  88.981409  62.467256   -100 -100.00 -100.00 -100.00
  10    20.737 54756.61460482 43.25  88.986326  62.465943 19.612 -100.00 -100.00 -100.00
  12    20.079 54776.44588917 40.62  88.964641  62.470490   -100 -100.00 -100.00 -100.00
  12    19.707 54776.44588976 43.98  88.969559  62.469176  6.116 -100.00 -100.00 -100.00
  12    19.758 54776.44589035 47.24  88.974477  62.467863 20.764 -100.00 -100.00 -100.00
  12    19.826 54776.44589094 48.19  88.979393  62.466549 19.031 -100.00 -100.00 -100.00
  12    19.904 54776.44589153 44.65  88.984310  62.465235   -100 -100.00 -100.00 -100.00
  12    19.892 54776.44589213 45.55  88.989226  62.463921   -100 -100.00 -100.00 -100.00
  12    19.666 54776.44589272 45.96  88.994142  62.462607  6.494 -100.00 -100.00 -100.00
  12    19.657 54776.44589331 45.80  88.999057  62.461293 14.971 -100.00 -100.00 -100.00
  12    19.663 54776.44589390 44.54  89.003972  62.459978  7.996 -100.00 -100.00 -100.00
  13    19.392 54786.36152764 35.04  88.954772  62.471378 30.396 -100.00 -100.00 -100.00
  13    19.529 54786.36152823 36.03  88.959690  62.470066 30.565 -100.00 -100.00 -100.00
  13    19.645 54786.36152882 36.50  88.964609  62.468753 31.731 -100.00 -100.00 -100.00
  13    19.327 54786.36152941 39.83  88.969526  62.467439   -100 -100.00 -100.00 -100.00
  13    19.395 54786.36153000 40.94  88.974444  62.466126   -100 -100.00 -100.00 -100.00
  13    19.449 54786.36153059 41.19  88.979361  62.464812   -100 -100.00 -100.00 -100.00
  13    19.515 54786.36153119 42.64  88.984277  62.463499  2.692 -100.00 -100.00 -100.00
  13    19.592 54786.36153178 42.80  88.989193  62.462185   -100 -100.00 -100.00 -100.00
  13    19.681 54786.36153237 43.64  88.994109  62.460870   -100 -100.00 -100.00 -100.00
  13    19.703 54786.36153296 43.58  88.999024  62.459556   -100 -100.00 -100.00 -100.00
  13    19.438 54786.36153355 45.73  89.003938  62.458242  6.732 -100.00 -100.00 -100.00
  13    19.409 54786.36153414 44.25  89.008853  62.456927 12.755 -100.00 -100.00 -100.00
  13    19.409 54786.36153473 41.51  89.013766  62.455612   -100 -100.00 -100.00 -100.00
  14    21.629 54796.27716644 31.44  88.958814  62.470416 23.993 -100.00 -100.00 -100.00
  14    21.701 54796.27716703 31.08  88.963732  62.469103 21.364 -100.00 -100.00 -100.00
  14    21.770 54796.27716762 32.07  88.968650  62.467790 23.296 -100.00 -100.00 -100.00
  14    21.840 54796.27716821 33.45  88.973568  62.466477 27.375 -100.00 -100.00 -100.00
  14    21.933 54796.27716880 32.88  88.978485  62.465163 23.736 -100.00 -100.00 -100.00
  14    21.637 54796.27716939 33.39  88.983402  62.463849 28.912 -100.00 -100.00 -100.00
  14    21.732 54796.27716998 31.08  88.988318  62.462536 18.606 -100.00 -100.00 -100.00
  14    21.620 54796.27717057 31.49  88.993233  62.461221 20.834 -100.00 -100.00 -100.00
  14    21.636 54796.27717116 30.27  88.998149  62.459907 15.916 -100.00 -100.00 -100.00
  14    21.687 54796.27717175 29.57  89.003063  62.458593 14.209 -100.00 -100.00 -100.00
  14    26.573 54796.27717234 29.43  89.007978  62.457278 14.280 -100.00 -100.00 -100.00
  14    22.113 54796.27717293 28.91  89.012892  62.455963 10.800 -100.00 -100.00 -100.00
  15    22.950 54806.19280645 23.75  88.978434  62.467966  5.965 -100.00 -100.00 -100.00
  15    27.959 54806.19280704 23.99  88.983351  62.466653  7.379 -100.00 -100.00 -100.00
  15    28.311 54806.19280763 23.57  88.988268  62.465339  6.545 -100.00 -100.00 -100.00
  24    22.815 54895.43361278 17.55  88.965090  62.471130  7.223 -100.00 -100.00 -100.00
  24    22.992 54895.43361396 18.44  88.974925  62.468503  8.583 -100.00 -100.00 -100.00
  24    26.685 54895.43361455 17.85  88.979841  62.467190  8.040 -100.00 -100.00 -100.00
  24    22.684 54895.43361514 19.07  88.984758  62.465876 10.421 -100.00 -100.00 -100.00
  24    27.810 54895.43361573 18.79  88.989674  62.464562 10.384 -100.00 -100.00 -100.00
  24    22.260 54895.43361751 19.34  89.004418  62.460618 10.921 -100.00 -100.00 -100.00
  25    23.053 54905.34925188 18.38  88.959778  62.470227  8.152 -100.00 -100.00 -100.00
  25    23.059 54905.34925247 19.22  88.964696  62.468914 10.035 -100.00 -100.00 -100.00
  25    23.026 54905.34925306 21.14  88.969613  62.467601 14.196 -100.00 -100.00 -100.00
  25    22.994 54905.34925365 18.87  88.974530  62.466287 10.405 -100.00 -100.00 -100.00
  25    22.763 54905.34925424 19.47  88.979446  62.464973 10.637 -100.00 -100.00 -100.00
  25    22.545 54905.34925483 21.16  88.984362  62.463659 15.115 -100.00 -100.00 -100.00
  25    22.593 54905.34925542 20.13  88.989278  62.462345 11.534 -100.00 -100.00 -100.00
  25    22.675 54905.34925601 20.50  88.994193  62.461031 13.375 -100.00 -100.00 -100.00
  25    22.802 54905.34925660 19.26  88.999107  62.459717 11.006 -100.00 -100.00 -100.00
  25    22.712 54905.34925720 19.74  89.004022  62.458402 11.285 -100.00 -100.00 -100.00
  25    22.872 54905.34925779 19.46  89.008935  62.457087 10.909 -100.00 -100.00 -100.00
  25    22.922 54905.34925838 19.66  89.013848  62.455772 10.631 -100.00 -100.00 -100.00
  26    26.370 54915.26489003 16.69  88.957201  62.470603  7.965 -100.00 -100.00 -100.00
  26    22.885 54915.26489062 17.94  88.962119  62.469290  9.648 -100.00 -100.00 -100.00
  26    23.028 54915.26489121 17.31  88.967036  62.467977  7.555 -100.00 -100.00 -100.00
  26    22.769 54915.26489180 18.58  88.971953  62.466664 11.753 -100.00 -100.00 -100.00
  26    23.100 54915.26489239 16.43  88.976870  62.465350  7.966 -100.00 -100.00 -100.00
  26    22.785 54915.26489298 17.70  88.981786  62.464036  9.409 -100.00 -100.00 -100.00
  26    23.502 54915.26489357 16.35  88.986702  62.462722  7.513 -100.00 -100.00 -100.00
  26    22.897 54915.26489416 16.61  88.991617  62.461408  8.484 -100.00 -100.00 -100.00
  26    26.649 54915.26489475 16.15  88.996531  62.460094  7.295 -100.00 -100.00 -100.00
  26    23.727 54915.26489534 15.95  89.001446  62.458779  7.196 -100.00 -100.00 -100.00
  26    27.252 54915.26489593 15.52  89.006359  62.457465  6.050 -100.00 -100.00 -100.00
  26    28.181 54915.26489652 15.50  89.011273  62.456150  6.633 -100.00 -100.00 -100.00
  26    25.295 54915.26489711 16.04  89.016186  62.454835  8.043 -100.00 -100.00 -100.00
  27    98.786 54925.18052886  2.05  88.964418  62.470190  3.824 -100.00 -100.00 -100.00
  27    98.112 54925.18052945  1.66  88.969336  62.468877  3.588 -100.00 -100.00 -100.00
  27    97.413 54925.18053004  2.01  88.974253  62.467564  4.082 -100.00 -100.00 -100.00
  27    96.876 54925.18053063  1.90  88.979169  62.466250  4.506 -100.00 -100.00 -100.00
  27    95.932 54925.18053122  2.04  88.984085  62.464936  5.070 -100.00 -100.00 -100.00
  27    94.737 54925.18053181  1.98  88.989001  62.463622  4.768 -100.00 -100.00 -100.00
  27    94.230 54925.18053240  1.91  88.993916  62.462308  4.446 -100.00 -100.00 -100.00
  27    93.227 54925.18053300  1.83  88.998830  62.460994  4.468 -100.00 -100.00 -100.00
  27    91.769 54925.18053359  1.73  89.003745  62.459679  4.211 -100.00 -100.00 -100.00
  27    91.158 54925.18053418  1.25  89.008658  62.458364  4.055 -100.00 -100.00 -100.00
  28    23.439 54935.09616817 16.96  88.981888  62.467565 10.405 -100.00 -100.00 -100.00
  28    23.581 54935.09616876 16.49  88.986804  62.466251  9.399 -100.00 -100.00 -100.00
  31    32.538 54964.84308119 34.93  88.962611  62.471373   -100 -100.00 -100.00 -100.00
  31    32.723 54964.84308178 36.64  88.967528  62.470061   -100 -100.00 -100.00 -100.00
  31    32.581 54964.84308237 37.89  88.972445  62.468748   -100 -100.00 -100.00 -100.00
  31    32.757 54964.84308296 37.99  88.977362  62.467435   -100 -100.00 -100.00 -100.00
  31    32.487 54964.84308355 39.28  88.982278  62.466122   -100 -100.00 -100.00 -100.00
  31    32.671 54964.84308414 35.55  88.987193  62.464808 32.438 -100.00 -100.00 -100.00
  31    32.609 54964.84308473 34.85  88.992108  62.463495 29.337 -100.00 -100.00 -100.00
  31    32.420 54964.84308591 34.33  89.001937  62.460867 27.014 -100.00 -100.00 -100.00
  32    29.325 54974.75872914 35.73  88.960786  62.471082   -100 -100.00 -100.00 -100.00
  32    29.445 54974.75872973 37.04  88.965703  62.469769 29.935 -100.00 -100.00 -100.00
  32    29.327 54974.75873032 39.88  88.970620  62.468456   -100 -100.00 -100.00 -100.00
  32    29.278 54974.75873091 38.61  88.975537  62.467143   -100 -100.00 -100.00 -100.00
  32    29.487 54974.75873150 37.30  88.980453  62.465830   -100 -100.00 -100.00 -100.00
  32    29.291 54974.75873209 38.35  88.985369  62.464517   -100 -100.00 -100.00 -100.00
  32    29.474 54974.75873268 36.13  88.990284  62.463203 32.397 -100.00 -100.00 -100.00
  32    29.271 54974.75873327 34.13  88.995198  62.461889 30.925 -100.00 -100.00 -100.00
  32    29.094 54974.75873386 34.93  89.000113  62.460575   -100 -100.00 -100.00 -100.00
  32    29.364 54974.75873445 31.42  89.005026  62.459261 20.181 -100.00 -100.00 -100.00
  32    30.037 54974.75873504 35.32  89.009940  62.457947   -100 -100.00 -100.00 -100.00
  33    30.105 54984.67437759 49.42  88.968668  62.470327   -100 -100.00 -100.00 -100.00
  33    30.179 54984.67437877 50.89  88.978502  62.467700 15.245 -100.00 -100.00 -100.00
  33    30.113 54984.67437936 53.84  88.983418  62.466387  8.432 -100.00 -100.00 -100.00
  33    30.149 54984.67437995 53.41  88.988333  62.465073 29.419 -100.00 -100.00 -100.00
  43    20.575 55083.83081326 45.91  88.963927  62.470489   -100 -100.00 -100.00 -100.00
  43    20.834 55083.83081385 46.45  88.968844  62.469177   -100 -100.00 -100.00 -100.00
  43    20.574 55083.83081444 49.69  88.973761  62.467863 13.378 -100.00 -100.00 -100.00
  43    20.837 55083.83081503 46.06  88.978677  62.466550   -100 -100.00 -100.00 -100.00
  43    20.516 55083.83081562 46.15  88.983593  62.465237   -100 -100.00 -100.00 -100.00
  43    20.630 55083.83081621 44.89  88.988508  62.463923   -100 -100.00 -100.00 -100.00
  43    20.685 55083.83081680 46.89  88.993423  62.462609   -100 -100.00 -100.00 -100.00
  43    20.760 55083.83081739 47.72  88.998338  62.461295   -100 -100.00 -100.00 -100.00
  43    20.849 55083.83081798 48.28  89.003252  62.459981   -100 -100.00 -100.00 -100.00
  43    20.834 55083.83081857 46.77  89.008166  62.458666   -100 -100.00 -100.00 -100.00
  44    20.693 55093.74645938 36.26  88.961002  62.470652 20.320 -100.00 -100.00 -100.00
  44    21.331 55093.74645997 41.10  88.965920  62.469339 25.777 -100.00 -100.00 -100.00
  44    20.462 55093.74646056 52.01  88.970837  62.468026   -100 -100.00 -100.00 -100.00
  44    20.573 55093.74646115 51.48  88.975753  62.466713   -100 -100.00 -100.00 -100.00
  44    20.676 55093.74646174 51.38  88.980669  62.465399 24.859 -100.00 -100.00 -100.00
  44    20.785 55093.74646233 50.14  88.985585  62.464085   -100 -100.00 -100.00 -100.00
  44    20.472 55093.74646292 53.35  88.990500  62.462771 28.971 -100.00 -100.00 -100.00
  44    20.491 55093.74646351 53.43  88.995415  62.461457   -100 -100.00 -100.00 -100.00
  44    20.504 55093.74646410 54.44  89.000329  62.460143   -100 -100.00 -100.00 -100.00
  44    20.526 55093.74646469 54.44  89.005243  62.458829   -100 -100.00 -100.00 -100.00
  44    20.535 55093.74646528 54.44  89.010156  62.457514   -100 -100.00 -100.00 -100.00
  45    20.658 55103.66210572 38.85  88.962513  62.470771   -100 -100.00 -100.00 -100.00
  45    20.445 55103.66210631 40.14  88.967431  62.469458   -100 -100.00 -100.00 -100.00
  45    20.459 55103.66210690 37.11  88.972348  62.468144 31.009 -100.00 -100.00 -100.00
  45    20.680 55103.66210749 34.37  88.977264  62.466831 19.315 -100.00 -100.00 -100.00
  45    20.414 55103.66210808 34.38  88.982180  62.465517 23.286 -100.00 -100.00 -100.00
  45    20.563 55103.66210867 31.12  88.987096  62.464203 14.280 -100.00 -100.00 -100.00
  45    20.473 55103.66210926 29.50  88.992011  62.462889 10.585 -100.00 -100.00 -100.00
  45    20.544 55103.66210985 30.54  88.996926  62.461575 12.680 -100.00 -100.00 -100.00
  45    20.619 55103.66211044 33.57  89.001840  62.460261 22.313 -100.00 -100.00 -100.00
  45    20.563 55103.66211103 34.81  89.006754  62.458946 26.854 -100.00 -100.00 -100.00
  46    20.617 55113.57775177 33.02  88.963828  62.471146  8.259 -100.00 -100.00 -100.00
  46    20.566 55113.57775236 34.20  88.968746  62.469832  9.819 -100.00 -100.00 -100.00
  46    20.756 55113.57775295 33.86  88.973663  62.468519 10.560 -100.00 -100.00 -100.00
  46    20.963 55113.57775354 33.90  88.978580  62.467206  8.887 -100.00 -100.00 -100.00
  46    20.702 55113.57775413 34.44  88.983496  62.465892 10.240 -100.00 -100.00 -100.00
  46    20.531 55113.57775472 34.83  88.988412  62.464578 12.004 -100.00 -100.00 -100.00
  46    20.979 55113.57775650 35.15  89.003157  62.460635 10.648 -100.00 -100.00 -100.00
  47    26.858 55123.49339552 23.99  88.965608  62.470610  7.604 -100.00 -100.00 -100.00
  47    27.061 55123.49339611 26.03  88.970526  62.469297  9.681 -100.00 -100.00 -100.00
  47    20.461 55123.49339670 27.95  88.975443  62.467984 15.683 -100.00 -100.00 -100.00
  47    20.438 55123.49339729 29.87  88.980360  62.466670 20.107 -100.00 -100.00 -100.00
  47    27.919 55123.49339788 25.83  88.985276  62.465356 11.231 -100.00 -100.00 -100.00
  47    28.243 55123.49339847 24.40  88.990192  62.464042  7.843 -100.00 -100.00 -100.00
  47    28.065 55123.49340024 24.72  89.004937  62.460099 11.219 -100.00 -100.00 -100.00
  48    19.835 55133.40903580 41.81  88.961822  62.470960   -100 -100.00 -100.00 -100.00
  48    19.980 55133.40903639 42.80  88.966741  62.469647   -100 -100.00 -100.00 -100.00
  48    20.180 55133.40903699 45.26  88.971658  62.468334   -100 -100.00 -100.00 -100.00
  48    20.028 55133.40903758 47.04  88.976576  62.467021   -100 -100.00 -100.00 -100.00
  48    19.892 55133.40903817 50.48  88.981492  62.465707   -100 -100.00 -100.00 -100.00
  48    19.958 55133.40903876 52.40  88.986409  62.464393 25.840 -100.00 -100.00 -100.00
  48    20.044 55133.40903935 48.81  88.991325  62.463079  5.935 -100.00 -100.00 -100.00
  48    20.104 55133.40903994 51.02  88.996240  62.461765   -100 -100.00 -100.00 -100.00
  48    19.813 55133.40904053 50.83  89.001155  62.460450 19.346 -100.00 -100.00 -100.00
  48    19.809 55133.40904112 48.97  89.006070  62.459136 24.442 -100.00 -100.00 -100.00
  49    19.685 55143.32467448 35.42  88.961548  62.470287   -100 -100.00 -100.00 -100.00
  49    19.608 55143.32467507 36.79  88.966466  62.468974   -100 -100.00 -100.00 -100.00
  49    19.732 55143.32467566 36.99  88.971384  62.467661   -100 -100.00 -100.00 -100.00
  49    19.828 55143.32467625 37.03  88.976301  62.466347   -100 -100.00 -100.00 -100.00
  49    19.868 55143.32467685 37.37  88.981218  62.465034   -100 -100.00 -100.00 -100.00
  49    19.728 55143.32467744 37.88  88.986134  62.463720   -100 -100.00 -100.00 -100.00
  49    19.714 55143.32467803 40.41  88.991050  62.462406   -100 -100.00 -100.00 -100.00
  49    19.794 55143.32467862 42.18  88.995966  62.461091  7.059 -100.00 -100.00 -100.00
  49    19.870 55143.32467921 40.12  89.000881  62.459777   -100 -100.00 -100.00 -100.00
  49    19.960 55143.32467980 38.13  89.005795  62.458462   -100 -100.00 -100.00 -100.00
  49    20.013 55143.32468039 38.38  89.010709  62.457148   -100 -100.00 -100.00 -100.00
  50    22.754 55153.24031259 26.62  88.961857  62.470707 18.743 -100.00 -100.00 -100.00
  50    22.684 55153.24031318 29.09  88.966775  62.469394 27.308 -100.00 -100.00 -100.00
  50    22.805 55153.24031377 29.71  88.971693  62.468080 28.738 -100.00 -100.00 -100.00
  50    23.015 55153.24031436 27.65  88.976610  62.466767 18.582 -100.00 -100.00 -100.00
  50    22.740 55153.24031495 30.55  88.981527  62.465453 31.785 -100.00 -100.00 -100.00
  50    22.524 55153.24031555 30.15  88.986444  62.464140 31.447 -100.00 -100.00 -100.00
  50    22.696 55153.24031614 28.42  88.991360  62.462826 23.207 -100.00 -100.00 -100.00
  50    22.720 55153.24031673 29.75  88.996275  62.461511 26.616 -100.00 -100.00 -100.00
  50    22.947 55153.24031732 26.97  89.001190  62.460197 16.203 -100.00 -100.00 -100.00
  50    22.783 55153.24031791 30.83  89.006105  62.458882 29.430 -100.00 -100.00 -100.00
  51    23.665 55163.15595296 25.57  88.978689  62.467917 15.652 -100.00 -100.00 -100.00
  51    23.467 55163.15595355 25.66  88.983606  62.466603 15.805 -100.00 -100.00 -100.00
  51    23.434 55163.15595414 26.03  88.988522  62.465289 17.610 -100.00 -100.00 -100.00
  59    26.007 55242.48111847 16.40  88.968729  62.470351  6.358 -100.00 -100.00 -100.00
  59    23.237 55242.48111965 17.87  88.978564  62.467724  8.698 -100.00 -100.00 -100.00
  59    23.395 55242.48112024 18.36  88.983480  62.466410  9.151 -100.00 -100.00 -100.00
  59    23.180 55242.48112083 18.07  88.988396  62.465096  9.519 -100.00 -100.00 -100.00
  60    23.253 55252.39675876 15.53  88.961704  62.470432  7.237 -100.00 -100.00 -100.00
  60    25.851 55252.39675935 15.57  88.966622  62.469119  6.511 -100.00 -100.00 -100.00
  60    23.277 55252.39675994 16.10  88.971539  62.467805  6.917 -100.00 -100.00 -100.00
  60    23.342 55252.39676053 15.98  88.976456  62.466492  7.948 -100.00 -100.00 -100.00
  60    23.504 55252.39676112 15.98  88.981372  62.465178  7.800 -100.00 -100.00 -100.00
  60    23.855 55252.39676171 15.86  88.986288  62.463864  6.364 -100.00 -100.00 -100.00
  60    23.751 55252.39676230 16.30  88.991204  62.462550  8.344 -100.00 -100.00 -100.00
  60    23.132 55252.39676289 16.69  88.996119  62.461236  8.288 -100.00 -100.00 -100.00
  60    23.175 55252.39676348 16.46  89.001033  62.459922  7.714 -100.00 -100.00 -100.00
  60    23.311 55252.39676408 16.71  89.005948  62.458607  8.314 -100.00 -100.00 -100.00
  60    27.829 55252.39676467 15.94  89.010861  62.457292  7.438 -100.00 -100.00 -100.00
  61    22.928 55262.31239687 15.67  88.955115  62.471413  7.476 -100.00 -100.00 -100.00
  61    22.984 55262.31239746 15.67  88.960033  62.470100  6.827 -100.00 -100.00 -100.00
  61    22.923 55262.31239805 15.75  88.964951  62.468787  7.077 -100.00 -100.00 -100.00
  61    23.033 55262.31239864 15.94  88.969868  62.467473  7.824 -100.00 -100.00 -100.00
  61    23.029 55262.31239923 15.89  88.974785  62.466160  7.032 -100.00 -100.00 -100.00
  61    23.171 55262.31239982 15.68  88.979701  62.464846  7.820 -100.00 -100.00 -100.00
  61    23.746 55262.31240041 15.57  88.984617  62.463532  6.578 -100.00 -100.00 -100.00
  61    23.448 55262.31240100 15.88  88.989532  62.462218  7.196 -100.00 -100.00 -100.00
  61    23.695 55262.31240159 15.28  88.994447  62.460904  7.083 -100.00 -100.00 -100.00
  61    23.043 55262.31240218 16.26  88.999362  62.459590  8.662 -100.00 -100.00 -100.00
  61    26.900 55262.31240277 15.96  89.004276  62.458275  7.048 -100.00 -100.00 -100.00
  61    23.716 55262.31240336 15.98  89.009189  62.456960  7.306 -100.00 -100.00 -100.00
  61    28.313 55262.31240395 15.37  89.014103  62.455645  7.072 -100.00 -100.00 -100.00
  62    22.842 55272.22803554 15.85  88.962178  62.470571  8.542 -100.00 -100.00 -100.00
  62    22.794 55272.22803613 15.83  88.967096  62.469258  7.485 -100.00 -100.00 -100.00
  62    22.857 55272.22803672 16.08  88.972013  62.467945  8.367 -100.00 -100.00 -100.00
  62    23.160 55272.22803731 15.14  88.976929  62.466631  6.659 -100.00 -100.00 -100.00
  62    23.417 55272.22803790 15.82  88.981846  62.465317  7.484 -100.00 -100.00 -100.00
  62    22.956 55272.22803849 15.69  88.986761  62.464003  7.288 -100.00 -100.00 -100.00
  62    22.893 55272.22803908 15.53  88.991676  62.462689  7.543 -100.00 -100.00 -100.00
  62    22.604 55272.22803967 16.24  88.996591  62.461375  7.834 -100.00 -100.00 -100.00
  62    22.861 55272.22804026 15.76  89.001506  62.460061  7.271 -100.00 -100.00 -100.00
  62    22.611 55272.22804085 16.42  89.006420  62.458746  8.348 -100.00 -100.00 -100.00
  63    98.473 55282.14367387  4.23  88.967880  62.470446  4.571 -100.00 -100.00 -100.00
  63    96.946 55282.14367505  3.76  88.977714  62.467819  4.042 -100.00 -100.00 -100.00
  63    96.654 55282.14367564  3.46  88.982630  62.466505  3.691 -100.00 -100.00 -100.00
  63    95.379 55282.14367623  4.05  88.987546  62.465192  4.180 -100.00 -100.00 -100.00
  64    22.766 55292.05931213 15.59  88.982300  62.467348  9.426 -100.00 -100.00 -100.00
  64    22.784 55292.05931272 15.53  88.987216  62.466035  8.960 -100.00 -100.00 -100.00
  65    22.134 55301.97494525 21.15  88.967520  62.471270 23.199 -100.00 -100.00 -100.00
  65    22.453 55301.97494702 17.54  88.982271  62.467331 13.028 -100.00 -100.00 -100.00
  65    21.834 55301.97494761 21.05  88.987187  62.466017 22.553 -100.00 -100.00 -100.00
  66    22.443 55311.89059262 24.28  88.962026  62.471271   -100 -100.00 -100.00 -100.00
  66    22.540 55311.89059321 21.04  88.966943  62.469958 31.548 -100.00 -100.00 -100.00
  66    22.588 55311.89059380 18.63  88.971860  62.468645 20.438 -100.00 -100.00 -100.00
  66    22.262 55311.89059439 20.88  88.976776  62.467332 27.629 -100.00 -100.00 -100.00
  66    22.196 55311.89059499 21.48  88.981692  62.466019   -100 -100.00 -100.00 -100.00
  66    22.179 55311.89059558 20.03  88.986608  62.464706 23.642 -100.00 -100.00 -100.00
  66    22.120 55311.89059617 21.23  88.991523  62.463392 28.871 -100.00 -100.00 -100.00
  66    22.118 55311.89059735 18.76  89.001352  62.460765 18.143 -100.00 -100.00 -100.00
  66    22.181 55311.89059794 18.39  89.006265  62.459450 17.309 -100.00 -100.00 -100.00
  67    24.530 55321.80623818 35.75  88.962571  62.470788 24.843 -100.00 -100.00 -100.00
  67    24.596 55321.80623877 34.50  88.967488  62.469476  8.004 -100.00 -100.00 -100.00
  67    24.691 55321.80623936 26.96  88.972405  62.468163 28.712 -100.00 -100.00 -100.00
  67    24.344 55321.80623995 30.32  88.977321  62.466850   -100 -100.00 -100.00 -100.00
  67    24.676 55321.80624054 32.51  88.982236  62.465536   -100 -100.00 -100.00 -100.00
  67    24.827 55321.80624113 33.19  88.987152  62.464223   -100 -100.00 -100.00 -100.00
  67    24.742 55321.80624172 34.31  88.992066  62.462909   -100 -100.00 -100.00 -100.00
  67    24.573 55321.80624231 36.52  88.996981  62.461595   -100 -100.00 -100.00 -100.00
  67    24.543 55321.80624290 39.33  89.001895  62.460281 10.618 -100.00 -100.00 -100.00
  67    24.539 55321.80624349 39.02  89.006808  62.458967 12.377 -100.00 -100.00 -100.00
  68    33.463 55331.72188293 34.98  88.967945  62.470138 23.179 -100.00 -100.00 -100.00
  68    33.543 55331.72188352 39.00  88.972862  62.468825   -100 -100.00 -100.00 -100.00
  68    33.759 55331.72188411 40.07  88.977778  62.467512   -100 -100.00 -100.00 -100.00
  68    33.491 55331.72188470 41.34  88.982694  62.466199   -100 -100.00 -100.00 -100.00
  68    33.745 55331.72188529 40.16  88.987609  62.464885   -100 -100.00 -100.00 -100.00
  68    33.661 55331.72188706 41.66  89.002352  62.460943   -100 -100.00 -100.00 -100.00
  77    21.184 55420.96266555 38.93  88.980948  62.467687   -100 -100.00 -100.00 -100.00
  77    20.953 55420.96266614 34.51  88.985864  62.466373   -100 -100.00 -100.00 -100.00
  78    20.814 55430.87831037 22.34  88.960845  62.470768  5.876 -100.00 -100.00 -100.00
  78    27.208 55430.87831096 22.87  88.965762  62.469455  5.654 -100.00 -100.00 -100.00
  78    20.964 55430.87831155 29.94  88.970679  62.468142 20.517 -100.00 -100.00 -100.00
  78    21.135 55430.87831214 30.91  88.975596  62.466829 21.181 -100.00 -100.00 -100.00
  78    21.213 55430.87831273 27.75  88.980512  62.465516 12.537 -100.00 -100.00 -100.00
  78    21.107 55430.87831332 27.17  88.985427  62.464202 11.013 -100.00 -100.00 -100.00
  78    28.088 55430.87831391 24.20  88.990342  62.462889  7.165 -100.00 -100.00 -100.00
  78    27.936 55430.87831450 24.84  88.995257  62.461575  7.562 -100.00 -100.00 -100.00
  78    28.175 55430.87831509 24.45  89.000171  62.460261  5.967 -100.00 -100.00 -100.00
  78    27.858 55430.87831568 25.84  89.005085  62.458947  8.364 -100.00 -100.00 -100.00
  78    27.433 55430.87831627 25.21  89.009999  62.457632  9.339 -100.00 -100.00 -100.00
  79    20.946 55440.79395485 35.52  88.959822  62.470856   -100 -100.00 -100.00 -100.00
  79    21.152 55440.79395544 36.08  88.964740  62.469543   -100 -100.00 -100.00 -100.00
  79    21.162 55440.79395603 37.19  88.969656  62.468230   -100 -100.00 -100.00 -100.00
  79    21.118 55440.79395662 36.40  88.974573  62.466917   -100 -100.00 -100.00 -100.00
  79    21.299 55440.79395721 34.31  88.979489  62.465604   -100 -100.00 -100.00 -100.00
  79    21.001 55440.79395780 31.16  88.984404  62.464290   -100 -100.00 -100.00 -100.00
  79    20.860 55440.79395839 32.12  88.989320  62.462976   -100 -100.00 -100.00 -100.00
  79    20.650 55440.79395898 30.44  88.994234  62.461662 32.274 -100.00 -100.00 -100.00
  79    27.806 55440.79395958 29.05  88.999148  62.460348 21.622 -100.00 -100.00 -100.00
  79    27.779 55440.79396017 28.42  89.004062  62.459034 24.361 -100.00 -100.00 -100.00
  79    27.614 55440.79396076 25.95  89.008975  62.457719 15.787 -100.00 -100.00 -100.00
  80    20.965 55450.70959850 35.60  88.966206  62.470385 29.320 -100.00 -100.00 -100.00
  80    20.661 55450.70959909 37.11  88.971123  62.469072   -100 -100.00 -100.00 -100.00
  80    20.671 55450.70959968 37.42  88.976040  62.467758   -100 -100.00 -100.00 -100.00
  80    20.895 55450.70960027 32.75  88.980956  62.466445 29.692 -100.00 -100.00 -100.00
  80    20.740 55450.70960086 30.56  88.985872  62.465131 23.760 -100.00 -100.00 -100.00
  80    20.499 55450.70960145 31.00  88.990787  62.463817 26.305 -100.00 -100.00 -100.00
  80    28.239 55450.70960263 27.20  89.000616  62.461189 14.878 -100.00 -100.00 -100.00
  80    27.955 55450.70960322 25.63  89.005530  62.459874 10.288 -100.00 -100.00 -100.00
  81    20.974 55460.62524275 40.17  88.982762  62.467089 30.199 -100.00 -100.00 -100.00
  81    20.963 55460.62524334 35.14  88.987678  62.465775 13.120 -100.00 -100.00 -100.00
  82    21.657 55470.54088234 31.97  88.968646  62.470526 19.059 -100.00 -100.00 -100.00
  82    21.572 55470.54088352 36.27  88.978480  62.467900   -100 -100.00 -100.00 -100.00
  82    21.543 55470.54088411 34.40  88.983397  62.466586 29.421 -100.00 -100.00 -100.00
  82    28.329 55470.54088470 28.27  88.988313  62.465272 11.483 -100.00 -100.00 -100.00
  83    21.315 55480.45651983 39.56  88.961628  62.471361 22.320 -100.00 -100.00 -100.00
  83    21.463 55480.45652042 42.55  88.966546  62.470048 32.017 -100.00 -100.00 -100.00
  83    21.668 55480.45652101 41.95  88.971464  62.468735 28.247 -100.00 -100.00 -100.00
  83    21.510 55480.45652160 45.60  88.976381  62.467422   -100 -100.00 -100.00 -100.00
  83    21.648 55480.45652219 45.76  88.981298  62.466109   -100 -100.00 -100.00 -100.00
  83    21.599 55480.45652278 43.22  88.986215  62.464795 32.119 -100.00 -100.00 -100.00
  83    21.746 55480.45652337 42.30  88.991131  62.463481 25.722 -100.00 -100.00 -100.00
  83    21.555 55480.45652455 48.63  89.000961  62.460853  6.862 -100.00 -100.00 -100.00
  83    21.673 55480.45652514 48.50  89.005876  62.459538   -100 -100.00 -100.00 -100.00
  84    21.271 55490.37215588 37.04  88.963908  62.470263   -100 -100.00 -100.00 -100.00
  84    21.094 55490.37215647 36.15  88.968827  62.468950   -100 -100.00 -100.00 -100.00
  84    20.999 55490.37215706 36.90  88.973744  62.467637   -100 -100.00 -100.00 -100.00
  84    21.032 55490.37215765 36.11  88.978662  62.466324   -100 -100.00 -100.00 -100.00
  84    21.151 55490.37215824 28.05  88.983579  62.465010 19.095 -100.00 -100.00 -100.00
  84    20.870 55490.37215883 28.29  88.988495  62.463697 18.930 -100.00 -100.00 -100.00
  84    28.093 55490.37215942 27.14  88.993411  62.462383 16.823 -100.00 -100.00 -100.00
  84    27.862 55490.37216001 27.00  88.998327  62.461069 16.795 -100.00 -100.00 -100.00
  84    28.032 55490.37216060 25.08  89.003242  62.459754 11.558 -100.00 -100.00 -100.00
  84    27.865 55490.37216119 24.16  89.008156  62.458440  9.858 -100.00 -100.00 -100.00
  85    20.400 55500.28779001 38.28  88.968978  62.470205   -100 -100.00 -100.00 -100.00
  85    20.107 55500.28779119 39.53  88.978814  62.467578  2.994 -100.00 -100.00 -100.00
  85    20.172 55500.28779178 38.35  88.983731  62.466265   -100 -100.00 -100.00 -100.00
  85    20.287 55500.28779237 39.41  88.988648  62.464951   -100 -100.00 -100.00 -100.00
  95    22.864 55599.44422400 19.57  88.967321  62.470825  7.589 -100.00 -100.00 -100.00
  95    22.968 55599.44422518 20.11  88.977157  62.468199  8.814 -100.00 -100.00 -100.00
  95    23.140 55599.44422577 21.51  88.982074  62.466885  9.307 -100.00 -100.00 -100.00
  95    22.924 55599.44422636 21.14  88.986991  62.465572 10.141 -100.00 -100.00 -100.00
  96    22.638 55609.35985671 19.16  88.961360  62.471284  6.823 -100.00 -100.00 -100.00
  96    22.733 55609.35985731 19.82  88.966279  62.469971  6.720 -100.00 -100.00 -100.00
  96    22.792 55609.35985790 19.75  88.971197  62.468658  8.346 -100.00 -100.00 -100.00
  96    22.709 55609.35985849 20.73  88.976114  62.467345 10.933 -100.00 -100.00 -100.00
  96    22.731 55609.35985908 21.03  88.981032  62.466032  9.712 -100.00 -100.00 -100.00
  96    22.615 55609.35985967 22.03  88.985948  62.464718 12.951 -100.00 -100.00 -100.00
  96    22.543 55609.35986026 21.40  88.990865  62.463405 10.481 -100.00 -100.00 -100.00
  96    22.394 55609.35986144 21.54  89.000696  62.460777 10.471 -100.00 -100.00 -100.00
  96    22.176 55609.35986203 22.45  89.005611  62.459463 13.814 -100.00 -100.00 -100.00
  97    22.375 55619.27549068 18.85  88.980636  62.467469  8.366 -100.00 -100.00 -100.00
  97    22.422 55619.27549127 18.61  88.985553  62.466155  8.068 -100.00 -100.00 -100.00
 101    22.306 55658.93808377 13.96  88.962681  62.470654  8.218 -100.00 -100.00 -100.00
 101    22.384 55658.93808436 14.07  88.967598  62.469341  7.708 -100.00 -100.00 -100.00
 101    22.302 55658.93808495 14.31  88.972515  62.468029  9.291 -100.00 -100.00 -100.00
 101    22.344 55658.93808554 14.79  88.977432  62.466715  8.451 -100.00 -100.00 -100.00
 101    22.073 55658.93808613 14.98  88.982348  62.465402  8.455 -100.00 -100.00 -100.00
 101    21.975 55658.93808672 15.08  88.987263  62.464089  9.848 -100.00 -100.00 -100.00
 101    21.874 55658.93808731 14.98  88.992178  62.462775  8.305 -100.00 -100.00 -100.00
 101    21.619 55658.93808790 16.10  88.997093  62.461461 11.696 -100.00 -100.00 -100.00
 101    21.243 55658.93808849 16.73  89.002007  62.460147 11.377 -100.00 -100.00 -100.00
 101    21.113 55658.93808908 17.05  89.006921  62.458833 13.842 -100.00 -100.00 -100.00
 102    22.462 55668.85372489 35.28  88.954960  62.471225   -100 -100.00 -100.00 -100.00
 102    22.306 55668.85372548 39.24  88.959877  62.469913   -100 -100.00 -100.00 -100.00
 102    22.273 55668.85372607 39.11  88.964795  62.468600   -100 -100.00 -100.00 -100.00
 102    22.288 55668.85372666 41.49  88.969711  62.467287  4.242 -100.00 -100.00 -100.00
 102    22.338 55668.85372725 41.49  88.974628  62.465974  3.999 -100.00 -100.00 -100.00
 102    22.387 55668.85372784 42.43  88.979543  62.464661  4.150 -100.00 -100.00 -100.00
 102    22.433 55668.85372843 42.64  88.984459  62.463348  3.986 -100.00 -100.00 -100.00
 102    22.492 55668.85372902 43.12  88.989374  62.462034  2.475 -100.00 -100.00 -100.00
 102    22.563 55668.85372961 40.13  88.994288  62.460720   -100 -100.00 -100.00 -100.00
 102    22.634 55668.85373020 40.91  88.999202  62.459406   -100 -100.00 -100.00 -100.00
 102    22.310 55668.85373079 41.63  89.004116  62.458092   -100 -100.00 -100.00 -100.00
 102    22.338 55668.85373138 41.80  89.009029  62.456778   -100 -100.00 -100.00 -100.00
 102    22.327 55668.85373197 40.07  89.013941  62.455463   -100 -100.00 -100.00 -100.00
 103    29.796 55678.76936508 35.97  88.962129  62.470640   -100 -100.00 -100.00 -100.00
 103    29.737 55678.76936567 39.26  88.967046  62.469327   -100 -100.00 -100.00 -100.00
 103    29.648 55678.76936626 39.57  88.971963  62.468014   -100 -100.00 -100.00 -100.00
 103    29.705 55678.76936685 36.93  88.976879  62.466701   -100 -100.00 -100.00 -100.00
 103    29.768 55678.76936744 38.14  88.981795  62.465388   -100 -100.00 -100.00 -100.00
 103    29.823 55678.76936803 37.37  88.986710  62.464074   -100 -100.00 -100.00 -100.00
 103    29.888 55678.76936862 36.41  88.991625  62.462760   -100 -100.00 -100.00 -100.00
 103    29.934 55678.76936921 35.82  88.996539  62.461447 28.347 -100.00 -100.00 -100.00
 103    29.995 55678.76936980 35.19  89.001454  62.460132 27.365 -100.00 -100.00 -100.00
 103    29.934 55678.76937039 34.98  89.006367  62.458818 28.011 -100.00 -100.00 -100.00
 113    21.170 55777.92578894 29.69  88.967823  62.470316 21.451 -100.00 -100.00 -100.00
 113    21.331 55777.92579012 35.42  88.977657  62.467690   -100 -100.00 -100.00 -100.00
 113    21.389 55777.92579072 32.05  88.982573  62.466377 24.476 -100.00 -100.00 -100.00
 113    20.994 55777.92579131 31.38  88.987489  62.465063 24.642 -100.00 -100.00 -100.00
 114    19.644 55787.84142308 34.55  88.960115  62.471135   -100 -100.00 -100.00 -100.00
 114    19.620 55787.84142367 35.58  88.965033  62.469822   -100 -100.00 -100.00 -100.00
 114    20.295 55787.84142426 31.58  88.969950  62.468509 25.325 -100.00 -100.00 -100.00
 114    20.640 55787.84142485 31.02  88.974867  62.467196 24.015 -100.00 -100.00 -100.00
 114    20.593 55787.84142544 31.15  88.979784  62.465883 23.352 -100.00 -100.00 -100.00
 114    20.449 55787.84142603 30.52  88.984700  62.464570 28.594 -100.00 -100.00 -100.00
 114    19.889 55787.84142662 31.60  88.989615  62.463256   -100 -100.00 -100.00 -100.00
 114    19.746 55787.84142721 31.61  88.994530  62.461943 30.797 -100.00 -100.00 -100.00
 114    19.418 55787.84142780 30.54  88.999445  62.460629 29.549 -100.00 -100.00 -100.00
 114    27.793 55787.84142839 28.31  89.004359  62.459315 20.934 -100.00 -100.00 -100.00
 114    27.463 55787.84142898 28.09  89.009272  62.458001 21.080 -100.00 -100.00 -100.00
 115    22.013 55797.75705718 40.18  88.967268  62.470661 19.245 -100.00 -100.00 -100.00
 115    21.562 55797.75705836 38.99  88.977103  62.468035 28.353 -100.00 -100.00 -100.00
 115    21.728 55797.75705895 35.67  88.982019  62.466722 18.002 -100.00 -100.00 -100.00
 115    21.525 55797.75705954 36.58  88.986935  62.465409 20.143 -100.00 -100.00 -100.00
 119    27.923 55837.41963729 29.59  88.982736  62.467133 22.424 -100.00 -100.00 -100.00
 119    28.022 55837.41963788 29.52  88.987653  62.465819 23.984 -100.00 -100.00 -100.00
 120    27.381 55847.33527260 19.60  88.961067  62.471349  5.939 -100.00 -100.00 -100.00
 120    27.457 55847.33527319 20.69  88.965985  62.470036  7.840 -100.00 -100.00 -100.00
 120    27.376 55847.33527378 22.80  88.970904  62.468723 11.113 -100.00 -100.00 -100.00
 120    24.872 55847.33527437 26.08  88.975821  62.467410 16.450 -100.00 -100.00 -100.00
 120    20.178 55847.33527496 28.02  88.980739  62.466097 21.969 -100.00 -100.00 -100.00
 120    28.237 55847.33527555 22.93  88.985656  62.464783 10.323 -100.00 -100.00 -100.00
 120    28.416 55847.33527614 24.22  88.990572  62.463469 11.432 -100.00 -100.00 -100.00
 120    29.600 55847.33527733 21.84  89.000404  62.460841  6.783 -100.00 -100.00 -100.00
 120    28.824 55847.33527792 23.49  89.005319  62.459527 10.218 -100.00 -100.00 -100.00
 121    21.202 55857.25091005 27.98  88.978753  62.468092 15.062 -100.00 -100.00 -100.00
 121    20.260 55857.25091064 30.52  88.983670  62.466779   -100 -100.00 -100.00 -100.00
 121    28.296 55857.25091123 27.22  88.988587  62.465465 16.246 -100.00 -100.00 -100.00
 131    26.043 55956.40736056 21.03  88.960101  62.471374 11.865 -100.00 -100.00 -100.00
 131    22.439 55956.40736115 26.29  88.965019  62.470061 29.154 -100.00 -100.00 -100.00
 131    22.629 55956.40736174 23.35  88.969937  62.468748 17.991 -100.00 -100.00 -100.00
 131    22.444 55956.40736233 23.48  88.974854  62.467435 19.738 -100.00 -100.00 -100.00
 131    22.445 55956.40736292 22.94  88.979771  62.466121 18.215 -100.00 -100.00 -100.00
 131    22.331 55956.40736351 21.48  88.984688  62.464807 13.827 -100.00 -100.00 -100.00
 131    22.343 55956.40736410 22.24  88.989604  62.463493 16.430 -100.00 -100.00 -100.00
 131    22.233 55956.40736469 21.57  88.994519  62.462179 13.722 -100.00 -100.00 -100.00
 131    22.170 55956.40736528 21.49  88.999434  62.460865 13.959 -100.00 -100.00 -100.00
 131    22.378 55956.40736587 20.50  89.004349  62.459551 11.636 -100.00 -100.00 -100.00
 131    22.367 55956.40736647 20.42  89.009263  62.458236 11.782 -100.00 -100.00 -100.00
 132    22.647 55966.32299827 20.57  88.955691  62.471342 12.555 -100.00 -100.00 -100.00
 132    22.628 55966.32299887 22.70  88.960610  62.470029 20.100 -100.00 -100.00 -100.00
 132    22.803 55966.32299946 21.03  88.965528  62.468716 13.516 -100.00 -100.00 -100.00
 132    22.548 55966.32300005 23.92  88.970445  62.467403 22.935 -100.00 -100.00 -100.00
 132    22.683 55966.32300064 21.29  88.975362  62.466090 13.031 -100.00 -100.00 -100.00
 132    26.452 55966.32300123 21.65  88.980279  62.464776 13.786 -100.00 -100.00 -100.00
 132    22.370 55966.32300182 21.56  88.985195  62.463463 14.636 -100.00 -100.00 -100.00
 132    22.311 55966.32300241 21.40  88.990111  62.462149 15.878 -100.00 -100.00 -100.00
 132    22.241 55966.32300300 21.22  88.995027  62.460835 15.616 -100.00 -100.00 -100.00
 132    22.370 55966.32300359 20.72  88.999941  62.459521 13.225 -100.00 -100.00 -100.00
 132    22.569 55966.32300418 20.95  89.004856  62.458206 13.800 -100.00 -100.00 -100.00
 132    22.797 55966.32300477 20.97  89.009770  62.456891 11.921 -100.00 -100.00 -100.00
 132    22.876 55966.32300536 20.40  89.014683  62.455577 11.627 -100.00 -100.00 -100.00
 133    22.948 55976.23863623 26.91  88.963434  62.470565   -100 -100.00 -100.00 -100.00
 133    23.131 55976.23863682 22.87  88.968352  62.469252 16.244 -100.00 -100.00 -100.00
 133    22.923 55976.23863741 24.37  88.973269  62.467939 22.191 -100.00 -100.00 -100.00
 133    22.924 55976.23863800 24.65  88.978186  62.466626 22.998 -100.00 -100.00 -100.00
 133    22.782 55976.23863859 23.60  88.983103  62.465312 19.230 -100.00 -100.00 -100.00
 133    22.729 55976.23863918 23.01  88.988019  62.463998 15.899 -100.00 -100.00 -100.00
 133    22.659 55976.23863977 23.14  88.992935  62.462684 17.455 -100.00 -100.00 -100.00
 133    22.621 55976.23864036 23.60  88.997850  62.461370 18.769 -100.00 -100.00 -100.00
 133    22.808 55976.23864095 22.19  89.002765  62.460056 14.124 -100.00 -100.00 -100.00
 133    22.849 55976.23864154 22.07  89.007679  62.458741 14.395 -100.00 -100.00 -100.00
 137    22.186 56015.90120882 21.57  88.963802  62.471303 13.732 -100.00 -100.00 -100.00
 137    22.160 56015.90120941 21.66  88.968719  62.469990 12.080 -100.00 -100.00 -100.00
 137    22.226 56015.90121000 21.52  88.973636  62.468677 11.769 -100.00 -100.00 -100.00
 137    22.092 56015.90121059 22.51  88.978552  62.467364 16.975 -100.00 -100.00 -100.00
 137    22.021 56015.90121118 21.86  88.983468  62.466051 12.911 -100.00 -100.00 -100.00
 137    21.969 56015.90121177 21.82  88.988384  62.464738 14.100 -100.00 -100.00 -100.00
 137    22.068 56015.90121354 21.23  89.003128  62.460796 13.106 -100.00 -100.00 -100.00
 138    21.818 56025.81685315 25.49  88.958465  62.471178 21.959 -100.00 -100.00 -100.00
 138    22.060 56025.81685374 25.75  88.963383  62.469865 18.261 -100.00 -100.00 -100.00
 138    22.034 56025.81685433 26.43  88.968300  62.468552 23.234 -100.00 -100.00 -100.00
 138    21.901 56025.81685492 28.10  88.973216  62.467239 28.327 -100.00 -100.00 -100.00
 138    22.011 56025.81685551 28.19  88.978132  62.465926 27.279 -100.00 -100.00 -100.00
 138    22.038 56025.81685610 28.78  88.983048  62.464613 31.875 -100.00 -100.00 -100.00
 138    21.876 56025.81685669 28.60  88.987963  62.463299 29.832 -100.00 -100.00 -100.00
 138    21.949 56025.81685728 28.81  88.992877  62.461986 29.783 -100.00 -100.00 -100.00
 138    21.921 56025.81685787 30.74  88.997791  62.460672   -100 -100.00 -100.00 -100.00
 138    21.978 56025.81685846 32.14  89.002705  62.459358   -100 -100.00 -100.00 -100.00
 138    22.054 56025.81685905 31.37  89.007619  62.458043   -100 -100.00 -100.00 -100.00
 138    22.129 56025.81685964 32.71  89.012531  62.456729   -100 -100.00 -100.00 -100.00
 139    22.476 56035.73249670 23.68  88.964406  62.470558 11.191 -100.00 -100.00 -100.00
 139    22.644 56035.73249729 23.86  88.969323  62.469245 11.878 -100.00 -100.00 -100.00
 139    22.444 56035.73249788 25.58  88.974239  62.467932 14.847 -100.00 -100.00 -100.00
 139    22.513 56035.73249847 25.44  88.979155  62.466619 16.554 -100.00 -100.00 -100.00
 139    22.429 56035.73249906 25.40  88.984071  62.465306 15.102 -100.00 -100.00 -100.00
 139    22.403 56035.73249965 25.27  88.988986  62.463992 14.216 -100.00 -100.00 -100.00
 139    27.812 56035.73250024 25.02  88.993900  62.462678 14.713 -100.00 -100.00 -100.00
 139    22.268 56035.73250083 25.43  88.998815  62.461364 15.542 -100.00 -100.00 -100.00
 139    22.403 56035.73250142 24.89  89.003728  62.460050 15.348 -100.00 -100.00 -100.00
 150    19.165 56144.80454102 37.89  88.968180  62.470384   -100 -100.00 -100.00 -100.00
 150    19.499 56144.80454220 53.92  88.978014  62.467759   -100 -100.00 -100.00 -100.00
 150    19.267 56144.80454279 52.21  88.982930  62.466445   -100 -100.00 -100.00 -100.00
 150    19.486 56144.80454338 53.73  88.987846  62.465132  0.744 -100.00 -100.00 -100.00
 151    27.149 56154.72019068 20.25  88.965449  62.470918  4.459 -100.00 -100.00 -100.00
 151    27.645 56154.72019186 22.07  88.975283  62.468292  6.296 -100.00 -100.00 -100.00
 151    19.449 56154.72019245 27.99  88.980199  62.466979 16.670 -100.00 -100.00 -100.00
 151    19.448 56154.72019304 29.39  88.985115  62.465665 19.217 -100.00 -100.00 -100.00
 151    28.147 56154.72019363 23.23  88.990031  62.464352  7.421 -100.00 -100.00 -100.00
 151    27.898 56154.72019540 25.71  89.004775  62.460410 11.368 -100.00 -100.00 -100.00
 152    19.186 56164.63584146 37.97  88.982587  62.467286 30.424 -100.00 -100.00 -100.00
 152    27.948 56164.63584205 32.75  88.987503  62.465973 11.742 -100.00 -100.00 -100.00
 155    18.581 56194.38276754 29.83  88.982977  62.467077   -100 -100.00 -100.00 -100.00
 155    28.119 56194.38276813 30.57  88.987894  62.465763   -100 -100.00 -100.00 -100.00
 156    18.413 56204.29840222 38.49  88.979963  62.467537  2.053 -100.00 -100.00 -100.00
 156    18.271 56204.29840281 33.94  88.984880  62.466223   -100 -100.00 -100.00 -100.00
 166    21.127 56303.45485056 19.24  88.965685  62.470607  8.358 -100.00 -100.00 -100.00
 166    20.973 56303.45485174 19.53  88.975520  62.467980  7.961 -100.00 -100.00 -100.00
 166    21.077 56303.45485233 19.64  88.980437  62.466667  8.522 -100.00 -100.00 -100.00
 166    20.696 56303.45485292 20.15  88.985353  62.465353  8.746 -100.00 -100.00 -100.00
 166    20.746 56303.45485351 19.45  88.990269  62.464039  8.781 -100.00 -100.00 -100.00
 166    20.633 56303.45485528 20.62  89.005015  62.460096 11.027 -100.00 -100.00 -100.00
 167    20.743 56313.37049270 20.29  88.957879  62.471454  9.592 -100.00 -100.00 -100.00
 167    21.942 56313.37049329 19.83  88.962798  62.470141  8.277 -100.00 -100.00 -100.00
 167    21.142 56313.37049388 20.04  88.967715  62.468828  9.373 -100.00 -100.00 -100.00
 167    20.852 56313.37049447 21.84  88.972633  62.467514 13.820 -100.00 -100.00 -100.00
 167    20.926 56313.37049506 20.11  88.977550  62.466201  9.394 -100.00 -100.00 -100.00
 167    20.643 56313.37049565 20.59  88.982466  62.464887 10.176 -100.00 -100.00 -100.00
 167    20.601 56313.37049624 20.98  88.987383  62.463573  9.355 -100.00 -100.00 -100.00
 167    20.581 56313.37049683 20.82  88.992298  62.462259  9.328 -100.00 -100.00 -100.00
 167    20.562 56313.37049742 20.71  88.997214  62.460945 10.770 -100.00 -100.00 -100.00
 167    20.678 56313.37049801 20.31  89.002128  62.459631  8.936 -100.00 -100.00 -100.00
 167    22.808 56313.37049860 20.20  89.007043  62.458316  8.773 -100.00 -100.00 -100.00
 167    22.720 56313.37049919 19.97  89.011957  62.457001  9.714 -100.00 -100.00 -100.00
 168    20.565 56323.28613418 20.41  88.962740  62.470510 12.304 -100.00 -100.00 -100.00
 168    20.419 56323.28613477 22.33  88.967658  62.469197 17.603 -100.00 -100.00 -100.00
 168    20.731 56323.28613536 19.53  88.972575  62.467884 11.040 -100.00 -100.00 -100.00
 168    20.709 56323.28613595 18.62  88.977492  62.466570  8.638 -100.00 -100.00 -100.00
 168    20.509 56323.28613654 18.92  88.982409  62.465257  8.312 -100.00 -100.00 -100.00
 168    20.317 56323.28613713 19.48  88.987325  62.463943  9.818 -100.00 -100.00 -100.00
 168    20.169 56323.28613772 20.19  88.992241  62.462629 11.201 -100.00 -100.00 -100.00
 168    20.241 56323.28613831 19.71  88.997156  62.461314 10.383 -100.00 -100.00 -100.00
 168    20.231 56323.28613890 19.60  89.002071  62.460000 10.213 -100.00 -100.00 -100.00
 168    20.086 56323.28613949 19.83  89.006985  62.458685 11.061 -100.00 -100.00 -100.00
 169    20.472 56333.20177489 20.61  88.966807  62.470960 12.441 -100.00 -100.00 -100.00
 169    20.569 56333.20177607 18.97  88.976642  62.468333  8.969 -100.00 -100.00 -100.00
 169    20.221 56333.20177667 20.32  88.981558  62.467020 12.658 -100.00 -100.00 -100.00
 169    20.131 56333.20177726 20.60  88.986475  62.465706 11.658 -100.00 -100.00 -100.00
 173    20.779 56372.86434406 15.91  88.968961  62.470294  7.221 -100.00 -100.00 -100.00
 173    21.279 56372.86434524 15.85  88.978794  62.467668  7.774 -100.00 -100.00 -100.00
 173    20.517 56372.86434583 15.99  88.983710  62.466355  6.906 -100.00 -100.00 -100.00
 173    23.392 56372.86434642 15.85  88.988626  62.465041  6.652 -100.00 -100.00 -100.00
 183    21.706 56472.02078752 28.52  88.966337  62.471089 14.154 -100.00 -100.00 -100.00
 183    21.947 56472.02078870 37.42  88.976171  62.468462   -100 -100.00 -100.00 -100.00
 183    22.300 56472.02078929 30.21  88.981087  62.467149 22.316 -100.00 -100.00 -100.00
 183    28.368 56472.02078988 28.58  88.986003  62.465835 16.801 -100.00 -100.00 -100.00
 184    21.145 56481.93642838 28.21  88.965166  62.470141  6.804 -100.00 -100.00 -100.00
 184    21.306 56481.93642897 29.74  88.970083  62.468828  8.776 -100.00 -100.00 -100.00
 184    21.152 56481.93642956 36.78  88.974999  62.467515 29.033 -100.00 -100.00 -100.00
 184    21.278 56481.93643015 35.29  88.979915  62.466201 21.038 -100.00 -100.00 -100.00
 184    21.105 56481.93643074 31.92  88.984831  62.464888 10.918 -100.00 -100.00 -100.00
 184    20.812 56481.93643133 33.72  88.989746  62.463574 15.795 -100.00 -100.00 -100.00
 184    20.509 56481.93643192 33.70  88.994661  62.462260 16.052 -100.00 -100.00 -100.00
 184    20.059 56481.93643251 35.71  88.999575  62.460946 19.789 -100.00 -100.00 -100.00
 184    20.186 56481.93643310 35.73  89.004489  62.459632 21.644 -100.00 -100.00 -100.00
 184    20.121 56481.93643369 36.79  89.009402  62.458317 23.905 -100.00 -100.00 -100.00
 185    20.536 56491.85206524 32.84  88.963310  62.470656 11.501 -100.00 -100.00 -100.00
 185    20.799 56491.85206583 33.17  88.968228  62.469343 13.209 -100.00 -100.00 -100.00
 185    20.936 56491.85206642 32.71  88.973144  62.468030 11.579 -100.00 -100.00 -100.00
 185    20.899 56491.85206701 34.64  88.978061  62.466716 14.583 -100.00 -100.00 -100.00
 185    20.748 56491.85206760 36.92  88.982977  62.465403 22.861 -100.00 -100.00 -100.00
 185    20.676 56491.85206819 36.42  88.987892  62.464090 21.149 -100.00 -100.00 -100.00
 185    20.756 56491.85206878 36.18  88.992807  62.462776 19.886 -100.00 -100.00 -100.00
 185    20.729 56491.85206937 36.78  88.997721  62.461462 21.136 -100.00 -100.00 -100.00
 185    20.859 56491.85206996 36.23  89.002635  62.460148 16.752 -100.00 -100.00 -100.00
 185    20.675 56491.85207055 37.05  89.007549  62.458833 23.033 -100.00 -100.00 -100.00
 186    20.072 56501.76770156 30.10  88.979970  62.467813 12.438 -100.00 -100.00 -100.00
 186    19.994 56501.76770215 33.72  88.984886  62.466500 20.008 -100.00 -100.00 -100.00
 191    21.878 56551.34592568 36.22  88.968806  62.470255 17.227 -100.00 -100.00 -100.00
 191    20.608 56551.34592686 38.91  88.978641  62.467629  6.839 -100.00 -100.00 -100.00
 191    20.763 56551.34592745 36.08  88.983558  62.466315   -100 -100.00 -100.00 -100.00
 191    28.132 56551.34592804 30.53  88.988475  62.465001 30.335 -100.00 -100.00 -100.00
 202    23.198 56660.41800730 28.52  88.962080  62.470572   -100 -100.00 -100.00 -100.00
 202    23.428 56660.41800790 29.44  88.966998  62.469259   -100 -100.00 -100.00 -100.00
 202    23.504 56660.41800849 27.70  88.971916  62.467946 28.253 -100.00 -100.00 -100.00
 202    23.292 56660.41800908 28.54  88.976833  62.466633   -100 -100.00 -100.00 -100.00
 202    23.227 56660.41800967 26.59  88.981750  62.465319 26.220 -100.00 -100.00 -100.00
 202    23.069 56660.41801026 25.95  88.986667  62.464005 20.413 -100.00 -100.00 -100.00
 202    23.055 56660.41801085 24.64  88.991583  62.462691 19.699 -100.00 -100.00 -100.00
 202    22.807 56660.41801144 25.11  88.996498  62.461377 20.176 -100.00 -100.00 -100.00
 202    22.456 56660.41801203 25.79  89.001413  62.460063 23.402 -100.00 -100.00 -100.00
 202    22.269 56660.41801262 24.72  89.006328  62.458748 19.936 -100.00 -100.00 -100.00
 202    21.733 56660.41801321 24.04  89.011242  62.457433 18.652 -100.00 -100.00 -100.00
 203    22.714 56670.33365425 24.82  88.959870  62.470307 24.875 -100.00 -100.00 -100.00
 203    22.855 56670.33365484 24.31  88.964788  62.468994 20.058 -100.00 -100.00 -100.00
 203    22.915 56670.33365543 24.70  88.969706  62.467681 22.814 -100.00 -100.00 -100.00
 203    22.657 56670.33365602 25.91  88.974623  62.466368 28.774 -100.00 -100.00 -100.00
 203    22.698 56670.33365661 24.41  88.979540  62.465054 20.823 -100.00 -100.00 -100.00
 203    22.582 56670.33365720 24.95  88.984456  62.463740 25.009 -100.00 -100.00 -100.00
 203    22.378 56670.33365780 23.54  88.989372  62.462427 18.446 -100.00 -100.00 -100.00
 203    22.332 56670.33365839 24.25  88.994288  62.461112 22.526 -100.00 -100.00 -100.00
 203    22.345 56670.33365898 22.66  88.999203  62.459798 17.567 -100.00 -100.00 -100.00
 203    22.386 56670.33365957 21.64  89.004117  62.458484 14.338 -100.00 -100.00 -100.00
 203    22.814 56670.33366016 21.35  89.009031  62.457169 12.337 -100.00 -100.00 -100.00
 203    23.548 56670.33366075 20.35  89.013945  62.455854 10.873 -100.00 -100.00 -100.00
 204    23.538 56680.24929955 30.21  88.963498  62.471174   -100 -100.00 -100.00 -100.00
 204    23.720 56680.24930014 32.50  88.968416  62.469861   -100 -100.00 -100.00 -100.00
 204    23.677 56680.24930073 30.68  88.973334  62.468547   -100 -100.00 -100.00 -100.00
 204    23.597 56680.24930132 31.76  88.978251  62.467234   -100 -100.00 -100.00 -100.00
 204    23.665 56680.24930191 29.49  88.983168  62.465920 29.188 -100.00 -100.00 -100.00
 204    23.534 56680.24930250 26.82  88.988084  62.464606 20.465 -100.00 -100.00 -100.00
 204    23.565 56680.24930428 26.99  89.002830  62.460663 19.903 -100.00 -100.00 -100.00
 208    22.925 56719.91186203 17.61  88.979623  62.467921  9.972 -100.00 -100.00 -100.00
 208    22.987 56719.91186262 17.78  88.984539  62.466607 10.837 -100.00 -100.00 -100.00
 209    98.860 56729.82751263  2.09  88.965325  62.470855  2.743 -100.00 -100.00 -100.00
 209    97.725 56729.82751381  1.54  88.975158  62.468229  2.146 -100.00 -100.00 -100.00
 209    97.058 56729.82751440  1.63  88.980074  62.466915  2.612 -100.00 -100.00 -100.00
 209    95.880 56729.82751499  1.52  88.984990  62.465602  2.835 -100.00 -100.00 -100.00
 209    94.218 56729.82751558  2.72  88.989905  62.464288  4.657 -100.00 -100.00 -100.00
 209    91.891 56729.82751735  0.91  89.004649  62.460346  3.250 -100.00 -100.00 -100.00
 216    27.920 56799.23703525 21.81  88.967454  62.471201  3.735 -100.00 -100.00 -100.00
 216    28.601 56799.23703702 29.35  88.982205  62.467261 15.578 -100.00 -100.00 -100.00
 216    28.720 56799.23703761 29.56  88.987120  62.465947 15.818 -100.00 -100.00 -100.00
 219    24.875 56828.98396024 44.52  88.979928  62.467850 31.107 -100.00 -100.00 -100.00
 219    25.051 56828.98396083 43.12  88.984844  62.466536 25.358 -100.00 -100.00 -100.00
 220    98.009 56838.89959206  4.33  88.963599  62.470835  5.640 -100.00 -100.00 -100.00
 220    97.356 56838.89959265  3.41  88.968516  62.469522  4.321 -100.00 -100.00 -100.00
 220    96.791 56838.89959324  2.98  88.973433  62.468209  3.542 -100.00 -100.00 -100.00
 220    99.003 56838.89959383  2.46  88.978349  62.466896  2.826 -100.00 -100.00 -100.00
 220    96.702 56838.89959442  1.93  88.983265  62.465583  3.292 -100.00 -100.00 -100.00
 220    96.469 56838.89959501  1.79  88.988180  62.464269  3.459 -100.00 -100.00 -100.00
 220    97.631 56838.89959560  0.57  88.993095  62.462956  2.483 -100.00 -100.00 -100.00
 220    93.705 56838.89959619  4.28  88.998010  62.461642  6.100 -100.00 -100.00 -100.00
 220    52.332 56838.89959678  7.64  89.002924  62.460328 10.795 -100.00 -100.00 -100.00
 220    52.214 56838.89959737 13.05  89.007837  62.459013 21.390 -100.00 -100.00 -100.00
 221    20.745 56848.81522394 35.40  88.965297  62.470851 26.221 -100.00 -100.00 -100.00
 221    20.570 56848.81522512 42.18  88.975131  62.468226   -100 -100.00 -100.00 -100.00
 221    20.690 56848.81522571 39.20  88.980048  62.466913 13.824 -100.00 -100.00 -100.00
 221    20.740 56848.81522630 43.10  88.984964  62.465600 17.671 -100.00 -100.00 -100.00
 221    20.910 56848.81522689 43.27  88.989879  62.464286   -100 -100.00 -100.00 -100.00
 221    20.594 56848.81522866 51.61  89.004623  62.460345   -100 -100.00 -100.00 -100.00
 222    20.315 56858.73088002 41.24  88.979222  62.467816   -100 -100.00 -100.00 -100.00
 222    20.314 56858.73088061 32.88  88.984138  62.466503 12.543 -100.00 -100.00 -100.00
 222    20.093 56858.73088120 33.03  88.989053  62.465189 11.725 -100.00 -100.00 -100.00
 226    20.942 56898.39347628 25.01  88.963767  62.470433 20.539 -100.00 -100.00 -100.00
 226    20.985 56898.39347687 27.11  88.968684  62.469120 28.962 -100.00 -100.00 -100.00
 226    21.085 56898.39347746 28.13  88.973602  62.467806 31.540 -100.00 -100.00 -100.00
 226    21.341 56898.39347805 28.88  88.978518  62.466493 31.879 -100.00 -100.00 -100.00
 226    20.964 56898.39347864 30.58  88.983435  62.465179   -100 -100.00 -100.00 -100.00
 226    20.912 56898.39347923 26.68  88.988350  62.463865 25.387 -100.00 -100.00 -100.00
 226    27.995 56898.39347982 26.15  88.993266  62.462551 24.432 -100.00 -100.00 -100.00
 226    27.988 56898.39348041 24.17  88.998181  62.461236 18.220 -100.00 -100.00 -100.00
 226    28.035 56898.39348100 24.79  89.003095  62.459922 18.901 -100.00 -100.00 -100.00
 226    27.809 56898.39348159 24.67  89.008009  62.458607 20.101 -100.00 -100.00 -100.00
 227    26.867 56908.30911870 22.60  88.959827  62.471150 15.193 -100.00 -100.00 -100.00
 227    20.993 56908.30911929 27.05  88.964745  62.469837 28.599 -100.00 -100.00 -100.00
 227    21.290 56908.30911988 26.60  88.969663  62.468523 26.194 -100.00 -100.00 -100.00
 227    21.191 56908.30912047 29.00  88.974580  62.467210   -100 -100.00 -100.00 -100.00
 227    21.402 56908.30912106 30.29  88.979496  62.465896 32.193 -100.00 -100.00 -100.00
 227    21.105 56908.30912165 28.58  88.984412  62.464582   -100 -100.00 -100.00 -100.00
 227    28.042 56908.30912224 26.94  88.989328  62.463268 25.188 -100.00 -100.00 -100.00
 227    27.976 56908.30912283 26.21  88.994243  62.461954 22.365 -100.00 -100.00 -100.00
 227    27.981 56908.30912342 23.72  88.999158  62.460639 15.769 -100.00 -100.00 -100.00
 227    28.056 56908.30912401 22.97  89.004072  62.459325 12.970 -100.00 -100.00 -100.00
 227    27.921 56908.30912460 21.92  89.008986  62.458010  9.930 -100.00 -100.00 -100.00
 228    21.014 56918.22476205 35.36  88.981749  62.467554 30.401 -100.00 -100.00 -100.00
 228    20.968 56918.22476264 34.11  88.986666  62.466240 24.823 -100.00 -100.00 -100.00
 238    22.964 57017.38118624 21.58  88.964101  62.470857 16.436 -100.00 -100.00 -100.00
 238    23.047 57017.38118683 21.09  88.969019  62.469544 13.585 -100.00 -100.00 -100.00
 238    22.845 57017.38118742 24.04  88.973937  62.468231 23.963 -100.00 -100.00 -100.00
 238    22.992 57017.38118801 22.00  88.978854  62.466918 16.126 -100.00 -100.00 -100.00
 238    22.861 57017.38118860 22.08  88.983771  62.465604 16.677 -100.00 -100.00 -100.00
 238    22.816 57017.38118919 21.49  88.988687  62.464290 15.696 -100.00 -100.00 -100.00
 238    22.940 57017.38119096 20.13  89.003433  62.460348 12.103 -100.00 -100.00 -100.00
 239    26.533 57027.29683603 15.13  88.960005  62.470708  6.614 -100.00 -100.00 -100.00
 239    23.023 57027.29683662 15.72  88.964923  62.469395  6.789 -100.00 -100.00 -100.00
 239    27.161 57027.29683722 15.77  88.969841  62.468082  7.885 -100.00 -100.00 -100.00
 239    23.187 57027.29683781 15.71  88.974758  62.466769  7.679 -100.00 -100.00 -100.00
 239    23.300 57027.29683840 16.48  88.979675  62.465455  9.906 -100.00 -100.00 -100.00
 239    24.939 57027.29683899 15.04  88.984592  62.464142  6.587 -100.00 -100.00 -100.00
 239    27.626 57027.29683958 15.15  88.989507  62.462828  6.552 -100.00 -100.00 -100.00
 239    27.564 57027.29684017 14.77  88.994423  62.461514  6.447 -100.00 -100.00 -100.00
 239    27.526 57027.29684076 15.12  88.999338  62.460199  7.344 -100.00 -100.00 -100.00
 239    27.440 57027.29684135 14.87  89.004252  62.458885  5.642 -100.00 -100.00 -100.00
 239    28.073 57027.29684194 14.13  89.009166  62.457570  5.282 -100.00 -100.00 -100.00
 240    22.744 57037.21248519 15.94  88.967312  62.470124  7.823 -100.00 -100.00 -100.00
 240    22.781 57037.21248578 16.00  88.972229  62.468811  8.164 -100.00 -100.00 -100.00
 240    22.730 57037.21248637 17.29  88.977146  62.467497 10.411 -100.00 -100.00 -100.00
 240    22.806 57037.21248696 16.43  88.982063  62.466184  7.765 -100.00 -100.00 -100.00
 240    23.410 57037.21248755 15.70  88.986979  62.464870  6.299 -100.00 -100.00 -100.00
 240    23.942 57037.21248814 16.05  88.991894  62.463556  6.997 -100.00 -100.00 -100.00
 240    22.797 57037.21248932 17.45  89.001725  62.460927 10.795 -100.00 -100.00 -100.00
 240    23.620 57037.21248991 16.23  89.006639  62.459613  7.881 -100.00 -100.00 -100.00
 256    21.649 57195.86279221 28.09  88.964258  62.470654 16.862 -100.00 -100.00 -100.00
 256    21.730 57195.86279281 31.00  88.969175  62.469341 24.324 -100.00 -100.00 -100.00
 256    21.765 57195.86279340 35.57  88.974092  62.468028   -100 -100.00 -100.00 -100.00
 256    21.767 57195.86279399 35.52  88.979008  62.466714   -100 -100.00 -100.00 -100.00
 256    28.042 57195.86279458 30.61  88.983923  62.465401 24.138 -100.00 -100.00 -100.00
 256    28.452 57195.86279517 29.87  88.988838  62.464087 21.609 -100.00 -100.00 -100.00
 256    28.285 57195.86279576 28.72  88.993753  62.462773 18.445 -100.00 -100.00 -100.00
 256    28.247 57195.86279635 29.16  88.998667  62.461459 21.320 -100.00 -100.00 -100.00
 256    28.333 57195.86279694 28.26  89.003581  62.460145 15.777 -100.00 -100.00 -100.00
 257    20.782 57205.77842664 37.62  88.959575  62.471169 27.600 -100.00 -100.00 -100.00
 257    21.169 57205.77842723 41.24  88.964492  62.469856 32.141 -100.00 -100.00 -100.00
 257    20.822 57205.77842782 52.74  88.969409  62.468543 25.997 -100.00 -100.00 -100.00
 257    20.999 57205.77842841 51.80  88.974326  62.467230   -100 -100.00 -100.00 -100.00
 257    20.687 57205.77842900 52.82  88.979241  62.465917   -100 -100.00 -100.00 -100.00
 257    20.866 57205.77842960 54.48  88.984157  62.464603  8.299 -100.00 -100.00 -100.00
 257    20.937 57205.77843019 55.39  88.989072  62.463289  0.057 -100.00 -100.00 -100.00
 257    20.816 57205.77843078 56.61  88.993986  62.461975 12.266 -100.00 -100.00 -100.00
 257    20.641 57205.77843137 55.98  88.998901  62.460661   -100 -100.00 -100.00 -100.00
 257    20.667 57205.77843196 58.80  89.003814  62.459347   -100 -100.00 -100.00 -100.00
 257    20.671 57205.77843255 57.83  89.008727  62.458033   -100 -100.00 -100.00 -100.00
 258    20.682 57215.69407254 42.92  88.967377  62.470296 32.760 -100.00 -100.00 -100.00
 258    20.534 57215.69407313 46.83  88.972294  62.468983   -100 -100.00 -100.00 -100.00
 258    20.511 57215.69407372 48.65  88.977211  62.467670   -100 -100.00 -100.00 -100.00
 258    20.662 57215.69407431 48.78  88.982126  62.466356  3.125 -100.00 -100.00 -100.00
 258    20.655 57215.69407490 47.55  88.987042  62.465043   -100 -100.00 -100.00 -100.00
 258    20.544 57215.69407549 47.03  88.991957  62.463729  0.741 -100.00 -100.00 -100.00
 258    20.787 57215.69407667 45.41  89.001786  62.461100   -100 -100.00 -100.00 -100.00
 269    19.213 57324.76616268 41.14  88.978484  62.468036   -100 -100.00 -100.00 -100.00
 269    19.475 57324.76616327 36.29  88.983400  62.466722   -100 -100.00 -100.00 -100.00
 269    19.240 57324.76616386 37.74  88.988316  62.465408   -100 -100.00 -100.00 -100.00
 270    18.709 57334.68180453 40.63  88.981877  62.467412   -100 -100.00 -100.00 -100.00
 270    18.767 57334.68180512 41.07  88.986793  62.466098   -100 -100.00 -100.00 -100.00
 272    20.586 57354.51309760 30.16  88.978487  62.467993 16.266 -100.00 -100.00 -100.00
 272    20.380 57354.51309820 30.85  88.983404  62.466679 16.984 -100.00 -100.00 -100.00
 272    20.404 57354.51309879 30.09  88.988320  62.465365 16.709 -100.00 -100.00 -100.00
 273    22.252 57364.42874008 32.30  88.967351  62.470296 20.230 -100.00 -100.00 -100.00
 273    22.050 57364.42874067 35.54  88.972268  62.468983   -100 -100.00 -100.00 -100.00
 273    21.945 57364.42874126 35.26  88.977186  62.467669   -100 -100.00 -100.00 -100.00
 273    22.078 57364.42874185 31.67  88.982103  62.466356 20.950 -100.00 -100.00 -100.00
 273    22.022 57364.42874244 32.44  88.987019  62.465042 24.024 -100.00 -100.00 -100.00
 273    21.847 57364.42874303 31.80  88.991935  62.463728 21.117 -100.00 -100.00 -100.00
 273    21.924 57364.42874421 31.28  89.001765  62.461099 19.649 -100.00 -100.00 -100.00
 274    21.965 57374.34437992 28.44  88.962348  62.471178 18.368 -100.00 -100.00 -100.00
 274    22.092 57374.34438051 27.65  88.967267  62.469865 15.862 -100.00 -100.00 -100.00
 274    21.918 57374.34438110 27.02  88.972185  62.468551 12.661 -100.00 -100.00 -100.00
 274    21.989 57374.34438169 26.84  88.977102  62.467238 13.300 -100.00 -100.00 -100.00
 274    21.961 57374.34438228 27.14  88.982019  62.465924 14.526 -100.00 -100.00 -100.00
 274    21.813 57374.34438287 26.90  88.986935  62.464610 13.427 -100.00 -100.00 -100.00
 274    21.820 57374.34438346 26.39  88.991851  62.463296 12.263 -100.00 -100.00 -100.00
 274    21.822 57374.34438464 26.48  89.001682  62.460668 12.374 -100.00 -100.00 -100.00
 274    21.869 57374.34438523 25.96  89.006596  62.459353 12.062 -100.00 -100.00 -100.00
 275    21.484 57384.26001896 27.44  88.966240  62.470923 17.224 -100.00 -100.00 -100.00
 275    21.792 57384.26002015 27.24  88.976075  62.468296 16.368 -100.00 -100.00 -100.00
 275    21.585 57384.26002074 27.00  88.980992  62.466983 13.738 -100.00 -100.00 -100.00
 275    21.507 57384.26002133 27.13  88.985909  62.465669 16.267 -100.00 -100.00 -100.00
 275    21.387 57384.26002192 26.81  88.990825  62.464355 15.086 -100.00 -100.00 -100.00
 290    26.578 57532.99468450 34.91  88.981784  62.467685   -100 -100.00 -100.00 -100.00
 290    26.544 57532.99468509 34.50  88.986700  62.466372   -100 -100.00 -100.00 -100.00
 291    25.284 57542.91033231 27.48  88.966959  62.470134  8.455 -100.00 -100.00 -100.00
 291    26.937 57542.91033290 27.71  88.971876  62.468821  8.610 -100.00 -100.00 -100.00
 291    25.379 57542.91033349 27.90  88.976792  62.467508  8.931 -100.00 -100.00 -100.00
 291    25.626 57542.91033408 28.04  88.981708  62.466194  9.317 -100.00 -100.00 -100.00
 291    28.225 57542.91033467 28.17  88.986624  62.464881  9.108 -100.00 -100.00 -100.00
 291    28.306 57542.91033526 28.74  88.991539  62.463567 11.802 -100.00 -100.00 -100.00
 291    28.294 57542.91033644 30.48  89.001368  62.460939 15.370 -100.00 -100.00 -100.00
 291    27.822 57542.91033703 29.64  89.006281  62.459625 12.935 -100.00 -100.00 -100.00
 292    23.423 57552.82597869 24.30  88.964873  62.470444 12.730 -100.00 -100.00 -100.00
 292    27.477 57552.82597928 22.97  88.969790  62.469131  9.196 -100.00 -100.00 -100.00
 292    27.634 57552.82597987 23.28  88.974706  62.467818 10.072 -100.00 -100.00 -100.00
 292    27.917 57552.82598046 23.84  88.979622  62.466505 10.584 -100.00 -100.00 -100.00
 292    28.108 57552.82598105 24.46  88.984538  62.465191 10.465 -100.00 -100.00 -100.00
 292    28.264 57552.82598164 23.36  88.989453  62.463877  8.138 -100.00 -100.00 -100.00
 292    28.244 57552.82598282 22.14  88.999282  62.461249  6.586 -100.00 -100.00 -100.00
 292    28.286 57552.82598341 23.47  89.004195  62.459935  7.776 -100.00 -100.00 -100.00
 293    21.730 57562.74162398 26.65  88.968191  62.470602  7.956 -100.00 -100.00 -100.00
 293    21.918 57562.74162516 34.58  88.978024  62.467975 23.683 -100.00 -100.00 -100.00
 293    21.646 57562.74162575 33.51  88.982940  62.466662 26.819 -100.00 -100.00 -100.00
 293    28.298 57562.74162634 27.07  88.987855  62.465348  9.015 -100.00 -100.00 -100.00
