# NaN NaN NaN ;Mean Elev.(m), Avg Gradient(m/km), RMS Gradient(m/km) - SRTM1     
#   26.464  -0.771   4.735 ;Mean Elev.(m), Avg Gradient(m/km), RMS Gradient(m/km) - ASTER GDEM
#   39.451  -0.881   4.965 ;Mean Elev.(m), Avg Gradient(m/km), RMS Gradient(m/km) - GMTED2010 
   1  89.826568  60.805957    50.767    51.437  5 54659.24702538 25.362
   2  89.827306  60.806374    42.493    39.335  5 54669.16267170 25.049
   3  89.822983  60.806262   119.514   120.901  5 54679.07831544 11.241
   4  89.823479  60.807654    38.360    38.357  5 54688.99395858 42.065
   6  89.826120  60.806656    38.895    38.644  5 54708.82524302 51.484
   8  89.827139  60.804750    38.898    38.720  5 54728.65654329 33.923
   9  89.827488  60.805416    49.251    50.067  5 54738.57219087 29.544
  10  89.825236  60.806195    54.749    54.819  5 54748.48783818 28.171
  11  89.823286  60.806887    54.241    55.059  4 54758.40348523 26.425
  12  89.824228  60.806986    43.410    38.543  5 54768.31913026 30.737
  13  89.826215  60.805728    38.053    37.931  5 54778.23477184 45.720
  14  89.830873  60.805303    38.860    38.957  5 54788.15041127 43.565
  15  89.831071  60.804795    42.431    42.387  5 54798.06604917 38.453
  16  89.827635  60.804460    41.392    41.524  5 54807.98168663 34.422
  17  89.827579  60.805195    41.299    41.336  5 54817.89732397 24.368
  18  89.827256  60.806509    41.576    41.587  5 54827.81297445 23.498
  19  89.825940  60.807115    41.845    41.807  5 54837.72861330 26.670
  20  89.820747  60.806921    41.922    41.925  5 54847.64426210 22.271
  21  89.820573  60.808419    42.124    42.087  4 54857.55991108 19.151
  22  89.818086  60.808836    42.432    42.309  4 54867.47555983 17.567
  23  89.817576  60.808388    43.248    43.223  4 54877.39120800 16.042
  24  89.821169  60.807803    42.490    42.391  4 54887.30685349 15.705
  25  89.824901  60.807065    42.172    42.020  5 54897.22249557 17.644
  26  89.823798  60.805801    42.006    42.028  5 54907.13813443 16.822
  27  89.827003  60.807004    42.187    41.971  5 54917.05377270 15.368
  28  89.826534  60.806985    42.106    42.037  5 54926.96941031 39.121
  29  89.825584  60.805760    42.420    42.390  5 54936.88504707 27.228
  30  89.829443  60.805171    43.296    43.301  4 54946.80068251 31.097
  31  89.833267  60.803970    52.149    52.170  4 54956.71631607 35.904
  32  89.832923  60.804106    57.169    56.280  4 54966.63196462 26.133
  33  89.831810  60.805120    53.918    55.265  5 54976.54761233 28.656
  35  89.827123  60.806584    42.677    42.499  5 54996.37890767 30.308
  36  89.825847  60.806841    42.962    39.770  5 55006.29455379 27.547
  37  89.825647  60.807450    39.701    39.705  5 55016.21019783 43.632
  38  89.822224  60.807252    39.075    39.072  4 55026.12584000 45.966
  39  89.821305  60.808246    39.037    38.977  5 55036.04148203 50.984
  40  89.818230  60.806987    38.883    38.870  4 55045.95712270 51.325
  41  89.826089  60.807364    39.083    39.040  5 55055.87276274 53.034
  42  89.829681  60.805194    38.925    38.947  5 55065.78839977 32.595
  43  89.830480  60.804730    49.011    47.731  5 55075.70404850 27.193
  44  89.828615  60.805272    39.544    38.745  5 55085.61969624 27.771
  45  89.824264  60.805738    39.059    39.143  5 55095.53534220 41.821
  46  89.824604  60.806751    38.994    38.939  5 55105.45098848 51.528
  47  89.826146  60.806745    40.479    38.892  5 55115.36663448 30.958
  48  89.827664  60.805682    42.112    38.806  5 55125.28227796 26.069
  49  89.829218  60.805021    38.605    38.664  5 55135.19791882 47.042
  50  89.829968  60.805079    38.573    38.570  5 55145.11355749 45.752
  51  89.828855  60.805694    40.643    40.677  5 55155.02919528 40.597
  52  89.826308  60.805527    43.940    43.841  5 55164.94483307 25.887
  53  89.826431  60.805615    55.203    55.233  5 55174.86047090 14.799
  54  89.829261  60.805820    50.602    53.336  5 55184.77611110 13.748
  55  89.827280  60.806458    45.779    43.541  5 55194.69176208 13.951
  56  89.823184  60.807373    43.630    43.598  5 55204.60741168 13.546
  57  89.818992  60.808208    43.818    43.772  4 55214.52306066 13.380
  58  89.817096  60.808156    45.331    45.561  4 55224.43870927 13.152
  59  89.821938  60.808047    44.730    44.767  5 55234.35435672 13.091
  60  89.827521  60.806745    50.345    54.359  5 55244.27000081 12.213
  61  89.828162  60.805131    45.852    43.585  5 55254.18564136 12.719
  62  89.828359  60.806029    51.766    53.806  5 55264.10128022 12.356
  63  89.824658  60.806709    43.773    43.519  5 55274.01691769 12.066
  64  89.822885  60.806260    55.729    55.849  5 55283.93255467 11.216
  65  89.826880  60.805106    55.726    55.720  5 55293.84819060 11.941
  66  89.834180  60.804446    55.463    55.595  5 55303.76382825 11.605
  67  89.833766  60.803796    43.074    43.087  4 55313.67947553 30.688
  68  89.831799  60.804820    47.449    45.211  5 55323.59512089 34.807
  69  89.827472  60.805931    54.899    55.160  5 55333.51076484 26.875
  70  89.824610  60.806748    53.592    55.000  5 55343.42640877 29.576
  71  89.826615  60.807345    41.851    40.842  5 55353.34205269 33.326
  72  89.826147  60.806434    51.639    51.858  4 55363.25769404 27.143
  73  89.827376  60.806724    40.263    40.254  5 55373.17333382 33.896
  74  89.825844  60.807035    39.608    39.555  5 55383.08897197 33.357
  75  89.823897  60.807146    39.617    39.563  4 55393.00460924 26.062
  76  89.824976  60.806605    46.149    45.106  5 55402.92024509 26.348
  77  89.826265  60.805718    39.393    39.317  5 55412.83589699 26.250
  78  89.830111  60.804801    42.434    39.068  5 55422.75154631 28.332
  79  89.833983  60.804922    49.171    53.316  5 55432.66719314 28.684
  80  89.828759  60.804822    48.900    47.814  5 55442.58283732 26.571
  81  89.825319  60.806123    39.751    40.037  5 55452.49848042 30.560
  82  89.823072  60.806599    53.248    55.256  5 55462.41412276 26.223
  83  89.827904  60.806470    53.036    54.057  5 55472.32976389 28.451
  84  89.831705  60.804740    49.170    47.921  5 55482.24540187 30.014
  85  89.833785  60.803254    38.830    38.752  5 55492.16103745 43.869
  86  89.833127  60.803405    38.457    38.372  5 55502.07667119 40.043
  87  89.830114  60.805460    38.538    38.595  5 55511.99231617 48.461
  88  89.825164  60.806605    38.430    38.394  4 55521.90796536 46.083
  89  89.823349  60.806905    40.066    40.059  4 55531.82361343 30.826
  90  89.823437  60.806370    40.803    40.825  5 55541.73925996 23.459
  91  89.826684  60.807225    42.113    42.285  5 55551.65490493 21.526
  92  89.823539  60.807329    43.154    43.274  5 55561.57054784 17.309
  93  89.820543  60.807595    42.939    42.955  4 55571.48619010 17.510
  94  89.821823  60.807728    43.038    43.252  4 55581.40183162 16.633
  95  89.825654  60.806218    43.335    42.918  5 55591.31747004 15.764
  96  89.831936  60.804388    47.814    42.787  5 55601.23310539 15.612
  97  89.837482  60.803747    52.607    54.952  5 55611.14873858 16.108
  98  89.835680  60.803335    55.089    55.159  5 55621.06437038 14.860
  99  89.828346  60.804647    52.571    54.746  5 55630.98002260 15.987
 100  89.826090  60.805775    49.618    47.827  5 55640.89567320 15.331
 101  89.827049  60.805224    54.157    54.543  5 55650.81132123 11.246
 102  89.833557  60.805125    55.534    55.596  5 55660.72696620 12.244
 103  89.831314  60.803463    45.697    46.043  5 55670.64260687 34.210
 104  89.829630  60.804141    43.807    43.788  5 55680.55824620 51.934
 105  89.829020  60.806024    40.704    40.617  5 55690.47388401 48.594
 106  89.826604  60.806246    53.564    55.148  4 55700.38951987 25.691
 107  89.825291  60.805556    39.368    39.332  5 55710.30515940 44.336
 108  89.825613  60.805792    39.133    39.063  5 55720.22080965 46.597
 109  89.825431  60.806279    38.643    38.593  5 55730.13645762 42.654
 110  89.823079  60.806293    39.220    39.197  5 55740.05210396 47.713
 111  89.822440  60.806839    39.461    39.559  5 55749.96774924 25.703
 112  89.824094  60.806913    39.153    38.992  4 55759.88339228 51.205
 113  89.825153  60.805434    40.684    39.324  5 55769.79903224 26.276
 114  89.829160  60.804074    38.693    38.704  5 55779.71466918 37.641
 115  89.834914  60.804031    38.803    38.890  5 55789.63030396 32.067
 116  89.834100  60.803392    39.244    39.047  5 55799.54593697 33.663
 117  89.829281  60.803959    40.749    38.855  5 55809.46158364 30.612
 118  89.828789  60.805550    48.012    48.186  5 55819.37723287 26.234
 119  89.829665  60.805232    38.750    38.593  4 55829.29287756 49.819
 120  89.831447  60.803811    38.334    38.314  5 55839.20851772 46.162
 121  89.832937  60.802951    38.645    38.587  5 55849.12415482 46.850
 122  89.833608  60.803820    38.600    38.450  4 55859.03978993 50.887
 123  89.829697  60.805657    38.231    38.078  5 55868.95543826 42.169
 124  89.823617  60.806106    38.163    38.169  5 55878.87108908 47.191
 125  89.823697  60.806572    38.966    39.019  5 55888.78673384 43.277
 126  89.825095  60.806049    42.191    41.858  5 55898.70237285 23.846
 127  89.829316  60.806174    42.582    42.751  5 55908.61800732 20.882
 128  89.824917  60.805897    42.207    41.951  5 55918.53365611 23.730
 129  89.825361  60.807160    41.848    41.466  5 55928.44930940 23.080
 130  89.824043  60.806301    41.623    41.244  5 55938.36495873 26.001
 131  89.827560  60.805853    42.339    42.547  4 55948.28060363 20.395
 132  89.830665  60.805424    41.998    42.042  5 55958.19624395 17.035
 133  89.829571  60.804559    41.423    41.454  5 55968.11188130 19.337
 134  89.829970  60.805097    41.421    41.445  4 55978.02751801 21.749
 135  89.828707  60.804578    41.326    41.226  5 55987.94315374 18.976
 136  89.830654  60.804647    41.008    41.016  5 55997.85879370 19.340
 137  89.832252  60.805209    40.758    40.704  5 56007.77444500 19.502
 138  89.831329  60.804720    54.799    54.896  4 56017.69009179 17.631
 139  89.827780  60.804507    40.730    40.774  5 56027.60573554 27.158
 140  89.827242  60.805995    41.075    41.057  4 56037.52137820 27.681
 141  89.824127  60.806012    42.864    41.636  5 56047.43701854 30.058
 142  89.824251  60.806216    41.421    41.396  5 56057.35265641 41.513
 143  89.827352  60.805999    50.815    50.745  4 56067.26829015 27.775
 144  89.825756  60.806145    39.666    39.649  5 56077.18393917 50.441
 145  89.825650  60.807315    38.616    38.467  5 56087.09958816 31.516
 146  89.823709  60.807226    39.305    39.166  4 56097.01523430 25.873
 147  89.825915  60.807235    38.693    38.578  5 56106.93087865 29.403
 148  89.827585  60.805800    38.411    38.407  5 56116.84650836 48.396
 149  89.831533  60.804929    38.280    38.211  5 56126.76214623 42.664
 150  89.833257  60.803936    38.319    38.321  5 56136.67778008 48.041
 151  89.831483  60.804365    38.243    38.297  5 56146.59342415 40.581
 152  89.827353  60.804768    38.672    38.487  5 56156.50907339 27.008
 153  89.829680  60.806570    38.306    38.197  5 56166.42472249 47.931
 154  89.828961  60.805881    38.236    38.133  5 56176.34036865 34.943
 155  89.832067  60.805756    38.178    37.933  5 56186.25601027 30.481
 156  89.832369  60.805025    37.646    37.585  5 56196.17164778 34.058
 157  89.832050  60.805396    37.461    37.491  5 56206.08728229 47.745
 158  89.828174  60.805114    37.718    37.725  5 56216.00291483 30.835
 159  89.826671  60.805677    37.696    37.761  5 56225.91855457 48.271
 160  89.824276  60.805816    37.110    37.075  5 56235.83420952 42.980
 161  89.825633  60.806366    41.868    41.751  5 56245.74986101 37.765
 162  89.825123  60.806409    43.327    43.296  5 56255.66550721 23.835
 163  89.824161  60.806982    47.069    42.142  5 56265.58114963 17.320
 164  89.824256  60.807610    43.119    43.078  5 56275.49679050 14.245
 165  89.823571  60.806740    43.177    43.223  5 56285.41243629 13.408
 166  89.827791  60.806314    43.158    43.157  5 56295.32808726 13.776
 167  89.831962  60.805765    43.078    43.066  5 56305.24373402 12.286
 168  89.830045  60.805015    44.879    42.958  5 56315.15937660 11.859
 169  89.827715  60.805979    42.980    43.057  5 56325.07501734 13.862
 170  89.824537  60.806250    42.977    42.982  5 56334.99065703 13.823
 171  89.828315  60.806728    43.076    43.141  5 56344.90629642 13.280
 172  89.830621  60.804984    52.622    54.023  5 56354.82193305 11.244
 173  89.831380  60.804074    42.585    42.657  5 56364.73757788 17.905
 174  89.828765  60.804429    52.345    53.974  5 56374.65322649 12.185
 176  89.821431  60.807368    49.548    48.931  4 56394.48451610 10.300
 177  89.821879  60.807985    44.255    42.564  4 56404.40015826 22.953
 178  89.823032  60.807127    46.143    45.970  4 56414.31579727 34.500
 179  89.828669  60.806435    42.705    42.738  5 56424.23143179 51.797
 180  89.827386  60.806022    40.938    40.897  4 56434.14707733 52.679
 181  89.823763  60.806800    40.576    40.367  5 56444.06272921 51.721
 182  89.821259  60.807818    40.444    40.392  5 56453.97837867 51.531
 183  89.821431  60.807432    39.906    39.842  5 56463.89402538 52.228
 184  89.827286  60.806950    39.513    39.315  5 56473.80966916 52.907
 185  89.830401  60.804914    39.034    38.897  5 56483.72530913 32.449
 186  89.832081  60.804413    38.794    38.788  4 56493.64094592 33.970
 187  89.829259  60.804366    38.470    38.434  5 56503.55658018 30.900
 188  89.829330  60.805304    38.695    38.681  5 56513.47221329 37.708
 189  89.828948  60.806064    38.502    38.521  5 56523.38786321 33.441
 190  89.830253  60.805783    39.059    38.975  5 56533.30351537 27.168
 192  89.830105  60.805261    38.562    38.587  5 56553.13480840 34.182
 193  89.827417  60.806933    48.974    49.392  5 56563.05045107 26.464
 194  89.821710  60.807551    38.670    38.530  5 56572.96609204 52.063
 195  89.820118  60.807480    42.964    43.651  5 56582.88173113 25.170
 196  89.824600  60.806405    37.982    37.885  5 56592.79736617 42.916
 197  89.826565  60.806037    38.770    38.748  5 56602.71301766 42.573
 198  89.828413  60.806735    37.808    37.885  5 56612.62866714 31.508
 199  89.825575  60.807078    37.929    37.893  5 56622.54431191 45.464
 200  89.822771  60.807103    38.209    38.051  5 56632.45995378 37.417
 201  89.823845  60.806311    37.773    37.781  5 56642.37559155 47.551
 202  89.828296  60.805928    41.399    41.408  5 56652.29124177 23.317
 203  89.830026  60.804811    50.581    54.797  5 56662.20689153 16.953
 204  89.831113  60.805094    44.387    44.436  5 56672.12253839 29.977
 205  89.829074  60.806716    43.777    43.773  5 56682.03818338 19.387
 206  89.824210  60.806829    51.654    54.124  4 56691.95382584 17.450
 207  89.826454  60.807301    52.249    54.306  5 56701.86946506 15.276
 208  89.827026  60.804687    55.153    55.261  5 56711.78509880 13.339
 210  89.828796  60.805879    49.296    49.673  5 56731.61639580 13.327
 211  89.823131  60.807019    52.540    53.625  5 56741.53204330 13.878
 212  89.820243  60.808441    43.070    43.171  5 56751.44768683 22.311
 213  89.818854  60.807862    43.537    43.579  4 56761.36332516 27.407
 214  89.822913  60.806499    45.382    45.373  5 56771.27895715 33.713
 215  89.824553  60.806599    40.748    40.735  5 56781.19461225 46.723
 216  89.824883  60.807167    40.896    40.918  5 56791.11026708 52.453
 217  89.820149  60.807111    39.985    39.923  5 56801.02591825 37.121
 218  89.820702  60.808285    40.161    40.041  5 56810.94156299 50.702
 219  89.820323  60.807399    40.109    40.017  4 56820.85720276 47.020
 221  89.829564  60.804145    38.923    38.730  5 56840.68847169 50.045
 222  89.834666  60.804437    38.783    38.706  5 56850.60410792 44.338
 223  89.827765  60.804817    38.390    38.424  5 56860.51976187 32.463
 224  89.826301  60.807271    42.456    39.342  5 56870.43541586 25.794
 225  89.822848  60.807316    39.469    39.306  4 56880.35106668 24.231
 226  89.823050  60.806878    43.434    39.690  4 56890.26671413 24.157
 227  89.823118  60.806057    39.649    39.497  5 56900.18235864 24.054
 228  89.824324  60.807338    39.022    38.853  5 56910.09800134 28.663
 229  89.821045  60.807777    46.631    45.545  4 56920.01364179 25.064
 230  89.819705  60.808339    38.940    38.779  4 56929.92928028 52.233
 231  89.822038  60.808031    38.676    38.567  5 56939.84491423 46.453
 232  89.823355  60.806377    38.584    38.575  5 56949.76055130 50.115
 233  89.825705  60.806705    37.566    37.538  5 56959.67620376 45.325
 234  89.825237  60.806570    37.969    37.942  5 56969.59185090 45.515
 235  89.824840  60.806608    37.500    37.485  5 56979.50749421 41.214
 236  89.825274  60.806420    42.155    42.565  5 56989.42313319 18.541
 237  89.830403  60.806179    41.907    42.084  5 56999.33876631 16.832
 238  89.828605  60.805246    42.260    42.268  5 57009.25441842 18.033
 239  89.829449  60.805254    44.462    41.592  5 57019.17007113 20.488
 240  89.828507  60.805484    44.330    41.435  5 57029.08572053 17.087
 241  89.828541  60.806871    41.896    41.470  5 57039.00136840 17.709
 242  89.824012  60.806466    45.103    43.583  5 57048.91701326 15.082
 243  89.823449  60.806083    40.881    40.966  5 57058.83265455 20.848
 244  89.827215  60.806036    40.864    40.896  5 57068.74829062 22.709
 245  89.827649  60.805029    52.251    54.836  5 57078.66392202 13.505
 246  89.828275  60.805404    46.746    41.505  5 57088.57955754 17.500
 247  89.823677  60.807062    41.038    40.991  5 57098.49521578 21.649
 248  89.819877  60.807935    54.581    54.496  4 57108.41087106 15.338
 249  89.819718  60.807767    49.126    48.166  4 57118.32652137 10.488
 250  89.822969  60.807602    41.254    41.290  5 57128.24216587 18.600
 251  89.826026  60.807382    44.507    44.503  5 57138.15780480 33.648
 252  89.824221  60.805879    41.914    41.916  5 57148.07343921 42.516
 253  89.828562  60.806232    50.168    49.169  5 57157.98907179 31.850
 254  89.830015  60.806463    41.682    41.647  5 57167.90471904 37.504
 255  89.827798  60.805845    40.066    40.086  4 57177.82037487 47.420
 256  89.830233  60.806372    39.628    39.645  5 57187.73602720 48.571
 257  89.827433  60.805605    42.497    39.312  5 57197.65167487 27.015
 258  89.825592  60.805863    39.095    38.933  5 57207.56730919 28.215
 259  89.825467  60.806790    39.369    39.113  5 57217.48295408 24.777
 260  89.825594  60.806882    38.567    38.588  5 57227.39859788 42.772
 261  89.826097  60.806388    38.907    38.792  5 57237.31423953 27.476
 262  89.827842  60.806189    42.979    38.879  5 57247.22987789 28.000
 263  89.827346  60.805951    46.393    42.193  5 57257.14551342 27.817
 264  89.824443  60.805789    43.477    41.259  5 57267.06114747 28.030
 265  89.824747  60.807374    52.217    55.031  5 57276.97679384 27.052
 266  89.821731  60.807291    50.841    53.314  5 57286.89245007 29.578
 267  89.821805  60.806827    38.685    38.622  5 57296.80810364 42.800
 268  89.822548  60.806218    55.539    55.574  5 57306.72375365 26.046
 269  89.825587  60.807506    42.719    39.507  5 57316.63940037 26.507
 270  89.822297  60.807285    38.391    37.879  4 57326.55504315 31.485
 271  89.823070  60.807770    37.715    37.720  5 57336.47068437 47.327
 272  89.822847  60.806992    40.435    40.471  4 57346.38633159 30.586
 273  89.826890  60.806795    40.783    40.784  5 57356.30197924 28.408
 274  89.829589  60.806243    41.319    41.287  5 57366.21762306 24.708
 275  89.826647  60.804976    40.967    40.920  5 57376.13326291 24.409
 276  89.827725  60.806170    40.507    40.465  5 57386.04890146 21.563
 277  89.825898  60.805836    40.726    40.685  5 57395.96453894 21.182
 278  89.828247  60.805747    40.736    40.660  5 57405.88017577 19.507
 279  89.829064  60.805649    41.554    41.910  5 57415.79582527 19.610
 280  89.825741  60.805088    40.919    40.909  5 57425.71147606 18.676
 281  89.824307  60.806626    42.049    42.025  4 57435.62712437 18.356
 282  89.821008  60.808194    42.580    42.805  4 57445.54277090 17.545
 283  89.817539  60.808508    42.571    42.637  5 57455.45841649 18.409
 284  89.818492  60.807941    42.282    42.627  4 57465.37406036 17.603
 285  89.824483  60.806729    53.734    53.599  4 57475.28970080 13.711
 286  89.830848  60.806038    47.862    50.203  5 57485.20533784 12.152
 287  89.831708  60.805464    42.604    40.932  5 57495.12097166 20.490
 288  89.828515  60.805004    42.643    42.643  5 57505.03660368 36.383
 289  89.824949  60.806284    55.374    55.390  5 57514.95225984 27.499
 290  89.824490  60.805948    50.078    50.547  5 57524.86791376 29.816
 291  89.827762  60.805148    40.328    40.322  5 57534.78356563 32.321
 292  89.829483  60.804565    40.026    39.984  5 57544.69921446 52.931
 293  89.829241  60.805496    38.759    38.836  5 57554.61486112 37.500
 294  89.826131  60.806771    39.744    39.410  5 57564.53050613 27.556
 295  89.823997  60.807597    39.336    39.189  5 57574.44615061 28.889
 296  89.824254  60.807384    38.787    38.702  5 57584.36179471 30.539
 297  89.825468  60.806427    38.707    38.644  4 57594.27743679 51.563
