-180138.191   108.341     0.00    2.46
-179851.439   108.517     0.61    2.40
-179564.669   108.852     1.17    2.37
-179277.879   109.329     1.66    2.42
-178991.070   109.859     1.85    2.07
-178704.242   110.011     0.53    1.98
-178417.395   109.440    -1.99    2.17
-178130.529   109.079    -1.26    2.20
-177843.644   108.867    -0.74    2.20
-177556.740   108.816    -0.18    2.13
-177269.817   108.362    -1.58    1.81
-176982.874   108.341    -0.07    2.09
-176695.913   108.496     0.54    2.50
-176408.932   108.838     1.19    2.63
-176121.933   109.307     1.64    2.91
-175834.914   109.705     1.38    2.86
-175547.876   109.952     0.86    2.73
-175260.819   110.043     0.31    2.57
-174973.743   110.029    -0.05    2.32
-174686.648   109.885    -0.50    2.07
-174399.534   109.642    -0.85    2.06
-174112.400   109.255    -1.35    2.07
-173825.248   108.970    -0.99    2.10
-173538.076   108.815    -0.54    2.69
-173250.885   108.584    -0.80    3.04
-172963.675   108.399    -0.64    2.96
-172676.446   108.004    -1.37    3.01
-172389.198   107.554    -1.57    2.87
-172101.930   107.104    -1.57    2.69
-171814.644   106.277    -2.88    2.85
-171527.338   105.741    -1.87    3.05
-171240.013   104.813    -3.23    2.90
-170952.669   103.536    -4.44    2.92
-170665.306   102.127    -4.90    3.29
-170377.923   100.613    -5.27    3.46
-170090.522    99.238    -4.78    3.47
-169803.101    97.927    -4.56    3.70
-169515.661    96.840    -3.78    3.37
-169228.201    96.166    -2.35    3.12
-168940.723    95.928    -0.83    3.11
-168653.225    96.401     1.64    3.61
-168365.708    97.026     2.17    4.14
-168078.172    98.176     4.00    4.84
-167790.617    99.137     3.34    4.95
-167503.042   100.667     5.32    5.04
-167215.449   101.713     3.64    5.00
-166927.836   102.161     1.56    5.16
-166640.203   102.344     0.64    5.22
-166352.552   103.154     2.82    5.52
-166064.881   104.261     3.85    5.17
-165777.191   105.542     4.45    4.71
-165489.482   106.859     4.58    5.00
-165201.753   107.733     3.04    4.91
-164914.005   108.125     1.36    4.85
-164626.238   108.702     2.01    4.77
-164338.452   109.594     3.10    4.37
-164050.646   110.335     2.57    4.47
-163762.821   111.173     2.91    4.25
-163474.977   112.154     3.41    3.79
-163187.113   112.861     2.45    3.42
-162899.231   113.611     2.61    2.92
-162611.328   113.927     1.10    2.63
-162323.407   114.406     1.66    2.20
-162035.466   115.151     2.59    2.49
-161747.506   115.529     1.31    2.59
-161459.527   116.356     2.87    2.65
-161171.528   117.229     3.03    2.96
-160883.510   117.782     1.92    2.90
-160595.472   118.099     1.10    2.64
-160307.416   118.366     0.93    2.49
-160019.340   118.270    -0.33    2.29
-159731.244   118.465     0.68    2.37
-159443.129   118.995     1.84    2.65
-159154.995   119.752     2.63    3.04
-158866.842   120.608     2.97    3.83
-158578.669   121.474     3.00    4.09
-158290.476   122.747     4.42    3.86
-158002.265   124.058     4.55    3.63
-157714.034   124.986     3.22    3.16
-157425.783   125.642     2.28    2.76
-157137.513   126.638     3.45    3.27
-156849.224   127.565     3.22    3.09
-156560.915   128.642     3.73    3.24
-156272.587   129.783     3.96    3.58
-155984.240   130.551     2.66    3.46
-155695.873   131.512     3.33    2.85
-155407.487   132.486     3.38    2.20
-155119.081   132.758     0.94    2.15
-154830.656   133.026     0.93    2.20
-154542.211   132.944    -0.29    2.10
-154253.747   132.852    -0.32    2.39
-153965.264   132.928     0.27    2.61
-153676.761   132.872    -0.20    2.78
-153388.239   132.909     0.13    2.95
-153099.697   133.118     0.72    3.01
-152811.136   133.448     1.15    3.11
-152522.555   134.020     1.98    3.16
-152233.955   133.868    -0.53    2.99
-151945.335   133.836    -0.11    3.14
-151656.696   133.742    -0.32    3.16
-151368.037   133.860     0.41    3.16
-151080.621   133.835    -0.09    3.28
-150795.990   133.680    -0.54    3.28
-150511.341   133.768     0.31    3.24
-150226.674   134.317     1.93    2.88
-149941.989   134.725     1.43    2.85
-149657.285   134.846     0.43    2.86
-149372.563   134.777    -0.24    2.82
-149087.824   134.742    -0.12    2.91
-148803.066   134.428    -1.10    3.37
-148518.289   133.902    -1.84    3.41
-148233.495   133.786    -0.41    3.53
-147948.682   133.845     0.21    3.64
-147663.851   133.801    -0.15    3.92
-147379.002   133.415    -1.35    4.09
-147094.135   133.379    -0.13    4.11
-146809.250   133.524     0.51    4.42
-146524.346   133.842     1.12    4.89
-146239.424   133.700    -0.50    4.74
-145954.484   133.826     0.44    4.48
-145669.526   134.088     0.92    3.78
-145384.549   134.793     2.47    3.68
-145099.555   135.751     3.36    3.67
-144814.542   136.244     1.73    3.51
-144529.510   137.109     3.04    3.75
-144244.461   138.396     4.51    4.09
-143959.393   139.496     3.86    4.59
-143674.307   142.019     8.85    6.16
-143389.203   144.513     8.75    7.32
-143104.080   146.625     7.40    7.76
-142818.939   149.613    10.48    7.26
-142533.780   152.300     9.42    5.91
-142248.603   154.380     7.29    4.74
-141963.407   156.183     6.32    3.12
-141678.193   156.469     1.00    3.28
-141392.961   156.739     0.95    3.46
-141107.710   156.375    -1.28    3.87
-140822.441   154.969    -4.93    4.78
-140537.154   153.428    -5.40    5.67
-140251.849   151.269    -7.57    5.90
-139966.525   149.349    -6.73    5.47
-139681.183   147.731    -5.67    5.42
-139395.823   145.850    -6.59    5.05
-139110.444   144.568    -4.49    4.99
-138825.047   143.751    -2.86    5.11
-138539.631   142.952    -2.80    4.83
-138254.198   142.650    -1.06    4.18
-137968.746   142.464    -0.65    3.94
-137683.275   142.359    -0.37    3.81
-137397.787   142.133    -0.79    3.82
-137112.279   141.336    -2.79    3.58
-136826.754   140.779    -1.95    3.38
-136541.210   140.322    -1.60    3.20
-136255.648   140.238    -0.29    3.46
-135970.067   140.457     0.76    3.72
-135684.468   140.681     0.79    3.67
-135398.851   141.012     1.16    3.31
-135113.215   141.099     0.30    2.85
-134827.561   141.068    -0.11    2.12
-134541.889   141.012    -0.20    1.77
-134256.198   141.299     1.00    1.74
-133970.489   141.736     1.53    1.88
-133684.761   141.852     0.41    2.09
-133399.015   142.051     0.69    2.20
-133113.251   141.711    -1.19    2.84
-132827.468   140.927    -2.74    4.00
-132541.666   141.035     0.38    4.42
-132255.847   141.517     1.69    4.70
-131970.008   141.842     1.14    5.14
-131684.152   143.252     4.93    5.60
-131398.277   145.190     6.78    6.57
-131112.383   148.044     9.98    6.09
-130826.471   150.835     9.76    5.33
-130540.541   152.477     5.74    4.13
-130254.592   152.655     0.62    3.98
-129968.625   152.366    -1.01    4.15
-129682.639   151.239    -3.94    5.13
-129396.635   149.743    -5.23    5.94
-129110.612   148.565    -4.12    6.31
-128824.571   148.787     0.78    7.21
-128538.511   148.920     0.46    7.42
-128252.433   148.893    -0.09    7.46
-127966.337   149.055     0.57    7.15
-127680.222   148.137    -3.21    6.73
-127394.088   148.095    -0.15    6.65
-127107.936   147.652    -1.55    7.13
-126821.765   147.131    -1.82    7.18
-126535.576   146.570    -1.96    7.33
-126249.369   146.202    -1.29    7.03
-125963.142   145.300    -3.15    8.57
-125676.898   142.272   -10.58   11.59
-125390.635   137.385   -17.07   12.20
-125104.353   132.918   -15.60   10.58
-124818.053   130.547    -8.28    8.78
-124531.734   130.826     0.97    8.08
-124245.397   132.902     7.25    8.46
-123959.041   136.237    11.64    8.91
-123672.666   139.660    11.95    8.14
-123386.273   142.702    10.62    6.52
-123099.862   145.156     8.56    5.31
-122813.432   147.108     6.82    4.65
-122526.983   148.163     3.68    4.09
-122240.516   148.320     0.55    3.72
-121954.030   148.242    -0.27    3.51
-121667.526   147.529    -2.49    3.91
-121381.003   146.196    -4.65    4.56
-121094.461   144.424    -6.18    4.85
-120807.901   142.267    -7.53    4.87
-120521.322   140.315    -6.81    5.13
-120234.725   137.813    -8.73    5.18
-119948.109   135.779    -7.10    4.77
-119661.475   133.885    -6.61    4.41
-119374.821   131.692    -7.65    3.82
-119088.150   129.797    -6.61    4.07
-118801.459   128.232    -5.46    4.35
-118514.750   126.894    -4.67    4.45
-118228.022   124.993    -6.63    4.41
-117941.276   123.027    -6.86    4.33
-117654.511   120.894    -7.44    4.70
-117367.728   119.250    -5.73    4.66
-117080.925   117.694    -5.42    4.86
-116794.105   116.469    -4.27    5.11
-116507.265   115.386    -3.78    5.62
-116220.407   114.305    -3.77    6.30
-115933.530   113.952    -1.23    6.62
-115646.634   113.519    -1.51    6.63
-115359.720   113.149    -1.29    6.48
-115072.787   113.523     1.30    6.71
-114785.836   115.136     5.62    7.01
-114498.866   116.539     4.89    7.36
-114211.877   117.744     4.20    8.09
-113924.869   119.327     5.52    8.65
-113637.843   120.608     4.46    9.26
-113350.798   122.098     5.19    8.38
-113063.734   123.371     4.44    6.48
-112776.651   123.536     0.57    7.44
-112489.550   122.383    -4.01    9.56
-112202.430   121.868    -1.80   11.08
-111915.292   120.791    -3.75   11.96
-111628.134   119.202    -5.53   12.95
-111340.958   118.217    -3.43   13.65
-111053.763   116.784    -4.99   14.97
-110766.550   114.058    -9.49   16.24
-110479.318   111.079   -10.37   16.16
-110192.067   108.020   -10.65   16.17
-109904.797   103.167   -16.89   16.59
-109617.508    98.775   -15.29   16.12
-109330.201    96.175    -9.05   14.42
-109042.875    94.537    -5.70   11.79
-108755.530    96.614     7.23   12.70
-108468.166   100.846    14.73   15.12
-108180.784   107.030    21.52   14.94
-107893.383   113.356    22.01   12.95
-107605.963   118.863    19.16    9.33
-107318.524   122.936    14.17    5.82
-107031.066   125.119     7.59    4.92
-106743.590   126.531     4.91    5.32
-106456.095   127.817     4.47    5.80
-106168.581   127.827     0.04    6.26
-105881.048   126.823    -3.49    6.90
-105593.496   124.702    -7.38    7.41
-105305.926   122.228    -8.60    7.24
-105018.336   119.026   -11.13    8.80
-104730.728   116.019   -10.46    9.67
-104443.101   114.532    -5.17    9.62
-104155.455   113.209    -4.60    8.92
-103867.791   112.864    -1.20    7.97
-103580.107   112.241    -2.17    7.42
-103292.405   113.431     4.14    7.44
-103004.684   114.476     3.63    7.28
-102716.944   115.278     2.78    6.31
-102429.185   114.986    -1.02    5.38
-102141.407   115.207     0.77    4.67
-101853.610   116.085     3.05    4.31
-101565.795   116.952     3.01    3.65
-101277.960   117.327     1.30    3.75
-100990.107   117.533     0.71    3.85
-100702.235   117.231    -1.05    3.82
-100414.343   117.448     0.75    3.75
-100126.433   118.010     1.95    4.12
 -99838.504   118.564     1.92    4.79
 -99550.557   118.636     0.25    5.05
 -99262.590   118.715     0.27    5.90
 -98974.604   118.605    -0.38    5.49
 -98686.600   118.700     0.33    5.21
 -98398.576   118.109    -2.05    4.39
 -98110.533   117.375    -2.55    4.54
 -97822.472   117.275    -0.35    5.13
 -97534.392   117.136    -0.48    5.94
 -97246.292   115.647    -5.17    6.54
 -96958.174   114.221    -4.95    5.82
 -96670.037   112.952    -4.40    5.05
 -96381.881   112.448    -1.75    4.41
 -96093.706   112.262    -0.65    4.34
 -95805.512   112.331     0.24    4.89
 -95517.298   113.274     3.27    5.33
 -95229.066   113.522     0.86    6.04
 -94940.815   113.036    -1.68    6.80
 -94652.545   112.205    -2.89    7.63
 -94364.256   111.101    -3.83    7.17
 -94075.948   110.221    -3.05    6.21
 -93787.621   110.306     0.30    5.97
 -93499.275   111.190     3.07    5.74
 -93210.910   111.912     2.50    5.21
 -92922.526   113.308     4.84    4.27
 -92634.123   114.647     4.64    2.83
 -92345.701   114.829     0.63    2.54
 -92057.260   114.166    -2.30    3.50
 -91768.800   111.859    -7.99    6.57
 -91480.321   106.702   -17.87   12.00
 -91191.823   100.608   -21.12   15.45
 -90903.306    93.336   -25.21   17.26
 -90614.769    85.511   -27.12   16.69
 -90326.214    78.812   -23.21   14.67
 -90037.640    72.461   -22.01   11.88
 -89749.046    67.102   -18.57    8.91
 -89460.434    63.651   -11.96    6.65
 -89173.435    61.493    -7.52    5.74
 -88888.769    59.436    -7.23    4.79
 -88604.086    57.936    -5.27    4.37
 -88319.384    57.108    -2.91    4.33
 -88034.665    55.719    -4.88    3.87
 -87749.928    54.713    -3.53    3.86
 -87465.173    53.936    -2.73    3.40
 -87180.401    55.142     4.23    6.82
 -86895.610    59.436    15.08   13.17
 -86610.802    65.719    22.06   17.68
 -86325.976    71.027    18.64   17.85
 -86041.133    76.519    19.28   16.74
 -85756.271    79.143     9.21   14.80
 -85471.392    78.677    -1.63   15.64
 -85186.495    73.286   -18.92   17.12
 -84901.580    66.564   -23.59   15.69
 -84616.648    59.768   -23.85   11.54
 -84331.697    55.108   -16.35    7.97
 -84046.729    52.498    -9.16    5.11
 -83761.743    51.012    -5.21    2.98
 -83476.739    51.052     0.14    3.24
 -83191.717    51.727     2.37    4.52
 -82906.678    52.734     3.53    5.55
 -82621.620    55.440     9.49    6.98
 -82336.545    57.752     8.11    7.41
 -82051.452    60.347     9.10    7.29
 -81766.341    63.277    10.28    6.63
 -81481.212    65.307     7.12    5.46
 -81196.066    67.272     6.89    4.58
 -80910.901    69.344     7.27    5.09
 -80625.719    71.657     8.11    6.14
 -80340.519    74.642    10.46    7.24
 -80055.301    78.327    12.92    7.77
 -79770.065    82.584    14.92    9.66
 -79484.811    87.576    17.50   10.93
 -79199.539    94.044    22.67   12.82
 -78914.250    99.565    19.35   12.76
 -78628.942   104.649    17.82   11.33
 -78343.617   108.776    14.46    8.67
 -78058.274   110.452     5.88    6.91
 -77772.913   111.473     3.58    5.40
 -77487.533   111.936     1.62    4.87
 -77202.137   111.846    -0.31    4.83
 -76916.722   111.846     0.00    4.67
 -76631.289   111.944     0.34    4.23
 -76345.838   112.340     1.39    4.65
 -76060.370   112.863     1.83    4.60
 -75774.883   113.125     0.92    4.75
 -75489.379   113.123    -0.00    5.04
 -75203.856   113.239     0.41    6.38
 -74918.316   115.044     6.32    7.48
 -74632.757   117.364     8.12    8.51
 -74347.181   119.754     8.37    9.33
 -74061.587   122.361     9.13    8.93
 -73775.975   124.229     6.54    7.41
 -73490.345   124.886     2.30    6.46
 -73204.697   123.202    -5.89    7.90
 -72919.031   120.126   -10.77   10.68
 -72633.347   115.977   -14.52   12.11
 -72347.645   111.136   -16.94   12.08
 -72061.925   107.036   -14.35   10.91
 -71776.187   104.154   -10.09    9.05
 -71490.431   102.835    -4.62    8.14
 -71204.657   104.351     5.30    8.75
 -70918.865   106.533     7.64   10.25
 -70633.055   109.364     9.91    9.93
 -70347.227   112.101     9.58    9.76
 -70061.381   111.984    -0.41   11.01
 -69775.517   110.280    -5.96   12.96
 -69489.635   105.741   -15.88   16.50
 -69203.735    99.010   -23.54   18.50
 -68917.817    92.280   -23.54   17.81
 -68631.881    86.952   -18.63   15.01
 -68345.927    82.786   -14.57   11.55
 -68059.955    80.619    -7.58   11.98
 -67773.965    79.341    -4.47   14.96
 -67487.956    80.684     4.70   17.59
 -67201.930    82.603     6.71   19.86
 -66915.886    82.844     0.84   21.14
 -66629.823    83.033     0.66   23.60
 -66343.743    82.606    -1.49   24.50
 -66057.644    82.277    -1.15   24.47
 -65771.528    84.221     6.79   25.50
 -65485.393    84.387     0.58   24.88
 -65199.241    85.407     3.56   24.98
 -64913.070    89.887    15.65   25.40
 -64626.881    92.960    10.74   25.53
 -64340.674    93.423     1.62   24.92
 -64054.449    92.291    -3.95   24.69
 -63768.206    87.961   -15.13   24.07
 -63481.945    83.825   -14.45   21.88
 -63195.665    81.608    -7.75   19.92
 -62909.368    80.256    -4.72   19.84
 -62623.052    81.198     3.29   21.78
 -62336.718    82.269     3.74   25.46
 -62050.367    86.235    13.85   27.07
 -61763.997    91.327    17.78   26.71
 -61477.609    94.122     9.76   24.22
 -61191.202    96.814     9.40   21.43
 -60904.778    97.245     1.50   18.32
 -60618.336    98.090     2.95   14.56
 -60331.875   100.064     6.89   11.34
 -60045.396   102.896     9.88    9.09
 -59758.899   105.911    10.52    8.76
 -59472.384   109.245    11.64    8.53
 -59185.851   112.840    12.54    7.88
 -58899.300   115.554     9.47    7.41
 -58612.730   117.856     8.03    6.75
 -58326.142   120.131     7.94    5.46
 -58039.536   121.746     5.63    4.62
 -57752.912   122.952     4.21    3.98
 -57466.270   123.554     2.10    3.50
 -57179.609   123.619     0.23    2.78
 -56892.931   123.928     1.08    2.46
 -56606.234   124.372     1.55    2.72
 -56319.519   125.344     3.39    3.58
 -56032.785   127.537     7.65    5.62
 -55746.034   130.598    10.67    8.31
 -55459.264   134.305    12.93   10.49
 -55172.476   139.784    19.10   13.20
 -54885.670   144.206    15.42   13.82
 -54598.846   147.812    12.57   12.74
 -54312.003   151.027    11.21   11.55
 -54025.142   152.223     4.17   11.59
 -53738.263   151.131    -3.81   12.38
 -53451.366   149.186    -6.78   12.67
 -53164.450   145.520   -12.77   12.34
 -52877.516   142.033   -12.15   11.41
 -52590.564   138.010   -14.02    9.32
 -52303.594   134.335   -12.81    6.33
 -52016.605   131.839    -8.70    4.28
 -51729.598   130.828    -3.52    3.73
 -51442.573   131.057     0.80    3.67
 -51155.530   132.000     3.28    4.25
 -50868.468   133.452     5.06    5.04
 -50581.388   135.133     5.85    6.27
 -50294.290   137.420     7.97    6.83
 -50007.173   139.652     7.77    7.21
 -49720.038   142.255     9.06    7.45
 -49432.885   144.707     8.54    7.43
 -49145.714   147.569     9.97    6.69
 -48858.524   149.719     7.49    6.42
 -48571.316   151.188     5.12    6.49
 -48284.089   152.564     4.79    5.94
 -47996.844   153.636     3.73    5.09
 -47709.581   153.333    -1.05    5.04
 -47422.300   152.235    -3.82    6.33
 -47135.000   149.448    -9.70    7.64
 -46847.682   145.668   -13.16    8.42
 -46560.346   142.323   -11.64    8.23
 -46272.991   139.647    -9.31    7.69
 -45985.618   136.533   -10.83    6.93
 -45698.226   134.080    -8.53    6.11
 -45410.817   133.136    -3.29    6.14
 -45123.388   133.067    -0.24    6.67
 -44835.942   134.510     5.02    7.78
 -44548.477   136.594     7.25    8.71
 -44260.994   139.671    10.70    8.81
 -43973.492   142.573    10.09    7.34
 -43685.972   144.419     6.42    6.08
 -43398.433   145.398     3.40    5.81
 -43110.876   145.992     2.07    5.65
 -42823.301   145.452    -1.88    6.75
 -42535.708   143.519    -6.72    8.77
 -42248.095   139.103   -15.35   11.15
 -41960.465   134.204   -17.03   12.68
 -41672.816   130.101   -14.26   13.89
 -41385.149   127.253    -9.90   12.51
 -41097.463   127.668     1.44   12.23
 -40809.759   130.819    10.95   14.53
 -40522.036   137.638    23.70   18.72
 -40234.295   145.192    26.25   18.83
 -39946.536   152.093    23.98   15.26
 -39658.758   156.669    15.90   10.39
 -39370.962   158.338     5.80    8.18
 -39083.147   158.044    -1.02    7.45
 -38795.314   156.573    -5.11    7.32
 -38507.462   153.224   -11.63    8.98
 -38219.592   148.490   -16.45   12.24
 -37931.703   143.532   -17.22   13.72
 -37643.796   141.815    -5.96   13.95
 -37355.870   141.619    -0.68   14.06
 -37067.926   143.291     5.81   14.45
 -36779.964   145.627     8.11   14.56
 -36491.983   147.806     7.57   13.45
 -36203.983   150.357     8.86    9.71
 -35915.965   152.530     7.54    7.94
 -35627.929   151.741    -2.74    9.32
 -35339.874   150.431    -4.55   10.35
 -35051.800   149.049    -4.80   11.29
 -34763.708   148.686    -1.26   11.77
 -34475.598   149.085     1.38   12.43
 -34187.468   149.912     2.87   11.84
 -33899.321   152.088     7.55   11.62
 -33611.155   155.018    10.17   10.86
 -33322.970   159.121    14.24    9.14
 -33034.767   161.759     9.15    8.17
 -32746.545   162.465     2.45    7.71
 -32458.305   162.171    -1.02    7.33
 -32170.046   163.040     3.02    6.86
 -31881.768   164.731     5.86    6.88
 -31593.472   167.444     9.41    7.24
 -31305.158   170.380    10.18    7.42
 -31016.825   173.652    11.35    5.97
 -30728.473   175.551     6.59    4.50
 -30440.103   175.719     0.58    4.41
 -30151.714   174.694    -3.55    5.56
 -29863.306   172.377    -8.03    7.63
 -29574.880   169.148   -11.20    9.03
 -29286.436   165.278   -13.42    8.87
 -28997.973   161.727   -12.31    7.64
 -28709.491   159.383    -8.13    6.93
 -28420.990   157.251    -7.39    6.06
 -28132.471   156.261    -3.43    6.35
 -27843.934   156.727     1.62    7.61
 -27555.377   156.331    -1.37    7.50
 -27268.741   155.688    -2.24    7.12
 -26984.029   155.186    -1.76    6.82
 -26699.299   155.080    -0.37    6.77
 -26414.553   154.751    -1.16    6.36
 -26129.789   153.726    -3.60    6.29
 -25845.007   152.590    -3.99    6.59
 -25560.208   152.302    -1.01    7.12
 -25275.392   153.215     3.20    5.94
 -24990.559   153.224     0.03    5.86
 -24705.708   153.061    -0.57    5.99
 -24420.840   151.969    -3.83    6.82
 -24135.954   150.194    -6.23    8.31
 -23851.051   147.786    -8.45    8.88
 -23566.131   146.592    -4.19   10.80
 -23281.194   147.400     2.84   13.58
 -22996.239   148.531     3.97   16.04
 -22711.266   152.002    12.18   17.71
 -22426.277   156.204    14.75   17.90
 -22141.270   161.297    17.87   15.18
 -21856.245   165.130    13.45   11.66
 -21571.203   169.081    13.86    8.39
 -21286.144   172.420    11.71    7.58
 -21001.067   175.034     9.17    7.98
 -20715.973   177.815     9.76    8.41
 -20430.862   180.029     7.77    8.10
 -20145.733   182.152     7.45    6.78
 -19860.587   183.517     4.79    7.03
 -19575.423   182.465    -3.69   10.10
 -19290.242   179.073   -11.89   13.90
 -19005.043   175.178   -13.66   15.07
 -18719.827   171.566   -12.67   14.95
 -18434.594   169.516    -7.19   14.06
 -18149.343   167.570    -6.82   13.26
 -17864.075   165.101    -8.66   11.82
 -17578.789   164.968    -0.47   11.36
 -17293.486   167.074     7.38   10.87
 -17008.165   169.511     8.54   10.08
 -16722.827   169.840     1.15   10.85
 -16437.471   167.382    -8.61   11.12
 -16152.098   164.277   -10.88   11.51
 -15866.708   160.512   -13.19   12.46
 -15581.300   158.625    -6.61   12.03
 -15295.875   154.711   -13.71   10.84
 -15010.432   151.961    -9.64    8.43
 -14724.971   150.411    -5.43    7.39
 -14439.493   151.027     2.16    9.27
 -14153.998   150.448    -2.03   11.71
 -13868.485   148.630    -6.37   15.01
 -13582.955   145.085   -12.42   17.30
 -13297.407   139.936   -18.03   18.67
 -13011.842   134.928   -17.54   18.86
 -12726.259   130.457   -15.66   18.16
 -12440.659   125.492   -17.38   17.18
 -12155.041   119.577   -20.71   16.03
 -11869.405   113.505   -21.26   15.52
 -11583.752   107.164   -22.20   15.29
 -11298.082   100.402   -23.67   16.22
 -11012.394    92.791   -26.64   18.11
 -10726.689    83.540   -32.38   21.24
 -10440.965    74.043   -33.24   21.98
 -10155.225    65.131   -31.19   19.82
  -9869.467    57.727   -25.91   15.88
  -9583.691    53.322   -15.41   12.17
  -9297.898    49.420   -13.65    7.76
  -9012.087    47.396    -7.08    4.76
  -8726.259    46.182    -4.25    5.47
  -8440.413    44.743    -5.03    6.94
  -8154.549    43.154    -5.56    8.70
  -7868.668    41.266    -6.60    9.43
  -7582.770    39.992    -4.45    9.49
  -7296.853    38.536    -5.09    8.99
  -7010.920    37.305    -4.31    8.17
  -6724.968    37.624     1.12    8.35
  -6438.999    39.194     5.49    9.10
  -6153.013    42.094    10.14    9.81
  -5867.008    45.904    13.32   10.05
  -5580.987    48.452     8.91    9.39
  -5294.947    49.556     3.86    8.72
  -5008.890    47.746    -6.33   10.22
  -4722.816    45.057    -9.40   12.18
  -4436.723    40.746   -15.07   13.42
  -4150.614    36.050   -16.41   12.25
  -3864.486    31.709   -15.17    9.80
  -3578.341    29.669    -7.13    7.01
  -3292.178    29.548    -0.42    6.31
  -3005.998    31.321     6.20    4.50
  -2719.800    32.316     3.48    2.71
  -2433.584    32.774     1.60    3.62
  -2147.351    33.188     1.45    5.64
  -1861.100    28.903   -14.97   12.32
  -1574.831    23.272   -19.67   16.25
  -1288.545    17.794   -19.14   17.43
  -1002.241    11.177   -23.11   16.56
   -715.919     6.144   -17.58   13.83
   -429.580     1.895   -14.84    8.24
   -143.223     0.845    -3.67    4.88
    143.152     5.041    14.65   11.97
    429.544    11.300    21.85   16.67
    715.954    18.827    26.28   18.41
   1002.382    24.065    18.29   17.25
   1288.827    28.469    15.37   14.09
   1575.290    32.894    15.45    9.03
   1861.771    32.055    -2.93    8.33
   2148.270    30.457    -5.58    8.79
   2434.786    35.018    15.92   20.06
   2721.320    47.608    43.94   37.99
   3007.872    64.994    60.67   49.96
   3294.441    83.769    65.52   51.64
   3581.028    97.873    49.21   45.62
   3867.633   106.772    31.05   38.83
   4154.256   105.395    -4.80   36.05
   4440.896    99.760   -19.66   38.69
   4727.554    88.539   -39.15   34.45
   5014.230    79.308   -32.20   26.41
   5300.924    76.760    -8.89   22.98
   5587.635    76.362    -1.39   23.04
   5874.364    81.690    18.58   28.89
   6161.111    89.619    27.65   33.61
   6447.876    97.589    27.79   36.28
   6734.658   111.115    47.17   38.20
   7021.458   124.318    46.03   39.19
   7308.276   139.802    53.99   33.92
   7595.112   152.481    44.20   27.32
   7881.966   161.073    29.95   22.86
   8168.837   169.469    29.27   18.55
   8455.726   176.050    22.94   16.32
   8742.633   179.770    12.97   15.72
   9029.558   183.696    13.68   15.52
   9316.500   185.530     6.39   15.78
   9603.460   186.559     3.59   14.90
   9890.439   186.044    -1.79   13.21
  10177.435   182.315   -12.99   13.83
  10464.448   178.340   -13.85   14.53
  10751.480   175.448   -10.07   15.06
  11038.529   170.202   -18.28   16.91
  11325.597   164.937   -18.34   17.59
  11612.682   160.705   -14.74   17.62
  11899.785   155.081   -19.59   20.54
  12186.906   154.064    -3.54   23.55
  12474.044   152.261    -6.28   23.79
  12761.201   149.146   -10.85   24.36
  13048.375   143.088   -21.09   27.02
  13335.567   133.489   -33.43   31.19
  13622.778   123.969   -33.15   33.14
  13910.005   117.571   -22.27   31.85
  14197.251   110.424   -24.88   27.69
  14484.515   108.696    -6.01   25.78
  14771.797   111.977    11.42   28.68
  15059.096   120.357    29.17   30.26
  15346.414   130.509    35.33   27.59
  15633.749   139.548    31.46   23.04
  15921.102   147.374    27.24   16.48
  16208.473   151.782    15.34   12.13
  16495.862   153.017     4.30    9.72
  16783.269   153.252     0.82    8.78
  17070.694   153.331     0.27    7.83
  17358.136   154.488     4.03    7.63
  17645.597   156.888     8.35    9.13
  17933.076   160.936    14.08   13.62
  18220.572   168.016    24.62   18.99
  18508.086   177.302    32.30   22.03
  18795.619   185.114    27.17   22.55
  19083.169   193.782    30.14   22.43
  19370.737   200.903    24.76   20.43
  19658.324   207.590    23.25   17.08
  19945.928   212.432    16.84   15.36
  20233.550   215.854    11.90   13.89
  20521.190   219.170    11.53   12.66
  20808.848   222.672    12.18   10.82
  21096.524   225.002     8.10    9.28
  21384.218   227.336     8.11    6.55
  21671.930   227.183    -0.53    6.07
  21959.660   225.231    -6.78    7.57
  22247.408   221.469   -13.08    8.76
  22535.174   217.810   -12.72    9.24
  22822.957   214.415   -11.79    8.95
  23110.759   210.091   -15.03    9.02
  23398.579   205.792   -14.93   10.24
  23686.417   202.902   -10.04   10.12
  23974.273   198.477   -15.38   11.01
  24262.147   193.632   -16.83   11.43
  24550.039   190.194   -11.94   10.83
  24837.949   186.630   -12.38    8.86
  25125.877   184.619    -6.98    7.32
  25413.823   183.344    -4.43    5.93
  25701.787   181.318    -7.04    5.41
  25989.769   180.791    -1.83    4.80
  26277.769   180.680    -0.39    4.56
  26565.787   182.299     5.62    5.08
  26853.823   184.716     8.39    7.10
  27141.878   187.403     9.33    9.33
  27429.950   191.302    13.53   11.31
  27718.040   195.310    13.91   11.67
  28006.149   198.291    10.35   11.37
  28294.275   201.098     9.74   11.02
  28582.420   203.440     8.13   10.70
  28870.583   204.506     3.70   10.43
  29158.763   206.251     6.05   10.02
  29446.962   207.675     4.94   10.08
  29735.179   209.853     7.56   10.04
  30023.414   213.202    11.62    9.88
  30311.667   217.413    14.61   11.22
  30599.939   222.526    17.74   13.50
  30888.228   227.831    18.40   14.40
  31176.535   232.584    16.49   14.74
  31464.861   234.878     7.96   14.86
  31753.204   237.694     9.77   14.46
  32041.566   239.921     7.72   13.49
  32329.946   241.853     6.70   11.66
  32618.344   242.115     0.91   11.25
  32906.760   242.032    -0.29    9.67
  33195.195   243.026     3.44    8.74
  33483.647   245.412     8.27    8.23
  33772.118   248.356    10.20    7.32
  34060.607   250.780     8.40    6.82
  34349.113   252.546     6.12    6.41
  34635.405   254.437     6.60    6.11
  34920.162   255.936     5.27    5.24
  35204.937   257.800     6.55    5.22
  35489.728   259.328     5.37    5.42
  35774.536   260.252     3.24    5.65
  36059.361   260.088    -0.58    6.48
  36344.203   259.065    -3.59    7.58
  36629.061   256.920    -7.53    7.69
  36913.937   255.984    -3.28    7.99
  37198.829   255.106    -3.08    7.18
  37483.739   255.547     1.55    7.23
  37768.665   258.397    10.00    9.03
  38053.608   260.547     7.55   10.19
  38338.568   263.026     8.70   10.29
  38623.546   265.627     9.13    9.85
  38908.539   267.638     7.06    9.08
  39193.550   270.984    11.74    9.53
  39478.578   274.280    11.56   11.14
  39763.623   277.035     9.66   12.70
  40048.685   279.559     8.85   12.99
  40333.763   279.227    -1.16   14.20
  40618.859   278.878    -1.22   14.94
  40903.971   278.504    -1.31   14.26
  41189.101   276.611    -6.64   14.84
  41474.247   269.802   -23.88   19.68
  41759.410   257.811   -42.05   30.95
  42044.591   243.663   -49.61   40.41
  42329.788   224.372   -67.64   47.89
  42615.002   209.520   -52.07   46.15
  42900.233   197.573   -41.89   37.53
  43185.481   196.365    -4.24   35.10
  43470.746   202.961    23.12   39.51
  43756.029   217.581    51.25   40.09
  44041.328   231.270    47.98   33.14
  44326.644   242.952    40.95   17.46
  44611.977   246.452    12.27   13.62
  44897.327   245.365    -3.81   14.91
  45182.694   243.919    -5.07   15.41
  45468.078   243.444    -1.66   14.12
  45753.479   244.556     3.89   13.35
  46038.897   246.969     8.46   11.61
  46324.332   249.735     9.69   10.62
  46609.784   251.429     5.93    9.49
  46895.254   252.178     2.63    8.22
  47180.740   253.424     4.37    6.44
  47466.243   254.904     5.18    6.26
  47751.763   257.680     9.72    7.59
  48037.300   261.291    12.65    8.52
  48322.855   265.589    15.05    9.32
  48608.426   270.403    16.86   10.90
  48894.014   273.680    11.48   11.27
  49179.620   275.379     5.95   11.27
  49465.242   276.686     4.58   10.78
  49750.882   278.220     5.37   10.30
  50036.538   279.233     3.55    9.99
  50322.212   279.200    -0.12    9.22
  50607.903   277.603    -5.59    6.48
  50893.610   277.233    -1.29    6.33
  51179.335   275.651    -5.54    7.78
  51465.077   271.904   -13.11   10.31
  51750.836   266.267   -19.73   12.66
  52036.612   260.272   -20.98   13.70
  52322.405   255.362   -17.18   13.54
  52608.216   250.245   -17.90   12.65
  52894.043   245.468   -16.71    9.27
  53179.888   243.329    -7.48    6.09
  53465.749   243.791     1.62    6.06
  53751.628   246.191     8.39    8.30
  54037.524   250.200    14.03   11.23
  54323.437   256.112    20.68   13.70
  54609.367   262.754    23.23   14.97
  54895.314   268.769    21.04   15.18
  55181.278   275.310    22.87   16.00
  55467.260   281.336    21.07   15.62
  55753.258   287.638    22.04   13.65
  56039.274   290.456     9.85   11.03
  56325.307   292.798     8.19    8.04
  56611.357   293.151     1.23    6.45
  56897.424   291.267    -6.58    7.43
  57183.508   290.034    -4.31    7.67
  57469.609   288.154    -6.57    7.87
  57755.728   287.063    -3.81    7.51
  58041.864   287.977     3.19    8.19
  58328.017   288.325     1.22    8.53
  58614.187   288.544     0.77    9.04
  58900.374   288.502    -0.15   10.96
  59186.578   282.095   -22.38   21.13
  59472.800   273.191   -31.11   27.61
  59759.039   262.380   -37.77   29.13
  60045.295   251.595   -37.68   29.50
  60331.568   243.717   -27.52   25.90
  60617.858   234.250   -33.07   22.96
  60904.166   228.320   -20.71   19.81
  61190.491   225.026   -11.51   17.55
  61476.833   222.420    -9.10   16.05
  61763.192   222.236    -0.64   15.09
  62049.568   221.812    -1.48   13.95
  62335.962   223.000     4.15   12.97
  62622.373   225.294     8.01   12.98
  62908.801   230.114    16.83   14.00
  63195.246   235.581    19.09   13.33
  63481.709   237.985     8.39   12.84
  63768.188   240.256     7.93   11.61
  64054.685   242.704     8.55   10.12
  64341.200   243.952     4.36    9.14
  64627.731   244.920     3.38    8.94
  64914.280   245.880     3.35    9.44
  65200.846   247.182     4.54    9.39
  65487.429   247.531     1.22    8.49
  65774.030   247.671     0.49    7.73
  66060.647   245.316    -8.22    9.88
  66347.283   242.320   -10.45   12.51
  66633.935   239.299   -10.54   13.53
  66920.604   237.172    -7.42   14.07
  67207.291   236.365    -2.81   14.66
  67493.996   235.118    -4.35   14.78
  67780.717   234.141    -3.41   14.86
  68067.456   232.216    -6.71   14.64
  68354.212   230.357    -6.48   14.54
  68640.985   227.565    -9.74   14.61
  68927.776   224.653   -10.15   14.65
  69214.584   222.864    -6.24   14.64
  69501.409   221.115    -6.10   14.58
  69788.252   220.054    -3.70   14.03
  70075.112   219.688    -1.28   14.77
  70361.989   218.245    -5.03   16.53
  70648.883   215.627    -9.13   18.63
  70935.795   211.357   -14.88   20.67
  71222.725   206.025   -18.58   20.50
  71509.671   200.149   -20.48   19.67
  71796.635   194.630   -19.23   18.65
  72083.616   189.651   -17.35   16.84
  72370.615   185.409   -14.78   15.77
  72657.631   182.862    -8.88   14.33
  72944.664   181.432    -4.98   12.79
  73231.715   182.230     2.78   11.20
  73518.783   185.581    11.67   14.17
  73805.868   191.015    18.93   17.16
  74092.971   195.461    15.48   16.47
  74380.091   202.065    23.00   13.34
  74667.229   206.859    16.70   10.79
