# NaN NaN NaN ;Mean Elev.(m), Avg Gradient(m/km), RMS Gradient(m/km) - SRTM1     
#   -9.342  -2.050  10.832 ;Mean Elev.(m), Avg Gradient(m/km), RMS Gradient(m/km) - ASTER GDEM
#   10.130  -0.549   6.068 ;Mean Elev.(m), Avg Gradient(m/km), RMS Gradient(m/km) - GMTED2010 
   1  87.592752  64.554000    29.348    28.129  4 54666.35770747 18.964
   2  87.594290  64.554622    11.068    11.092  4 54676.27335211 51.846
   3  87.593306  64.556608   -22.122   -23.068  4 54686.18899508 24.426
   4  87.595937  64.557678    26.332    23.313  4 54696.10463683 23.162
   5  87.594658  64.557460     9.052    10.645  3 54706.02027632 23.081
   6  87.593821  64.554601    18.145    22.902  4 54715.93592887 22.468
   7  87.590878  64.552038     2.128     2.122  4 54725.85157871 10.199
   8  87.591866  64.550677    29.769    32.168  4 54735.76722692 25.996
   9  87.588916  64.552293    29.912    32.261  4 54745.68287366 26.072
  10  87.594093  64.553010    13.743    10.956  4 54755.59852075 26.315
  11  87.590981  64.553532    21.803    21.986  4 54765.51416570 16.410
  12  87.592967  64.551316    10.183    10.175  4 54775.42980838 45.695
  13  87.590742  64.549827    11.511    11.498  5 54785.34544816 39.673
  14  87.591250  64.549998    11.773    11.778  4 54795.26108661 34.008
  15  87.589725  64.552884    11.900    11.913  4 54805.17672405 25.141
  16  87.594184  64.554750    11.841    11.853  4 54815.09236160 24.287
  17  87.595458  64.555096    11.631    11.629  4 54825.00800782 18.320
  18  87.591755  64.554262    11.796    11.813  4 54834.92364726 17.949
  19  87.592197  64.553406    12.248    12.217  4 54844.83929720 16.051
  20  87.592730  64.553836    12.428    12.415  4 54854.75494619 13.872
  21  87.593161  64.555317    12.571    12.533  3 54864.67059490 12.603
  22  87.593494  64.555853    15.741    12.451  4 54874.58624335 12.213
  23  87.591054  64.555330    12.263    12.245  4 54884.50188899 11.297
  24  87.594302  64.552274    12.116    12.120  4 54894.41753192 11.068
  25  87.590896  64.550512    19.535    21.484  4 54904.33317152 10.430
  26  87.588841  64.550562    15.110    12.159  4 54914.24880999  9.959
  27  87.593053  64.551400    22.507    22.006  4 54924.16444846 11.417
  28  87.593091  64.553263    19.643    19.428  4 54934.08008570  9.787
  29  87.594207  64.553736    12.820    12.712  4 54943.99572121 22.338
  30  87.589707  64.553474    13.698    13.721  4 54953.91135409 27.499
  31  87.590998  64.551218    17.333    17.289  5 54963.82699951 37.802
  32  87.591905  64.550637    24.471    24.462  4 54973.74264800 34.696
  33  87.589122  64.552697    34.908    34.967  4 54983.65829523 25.996
  34  87.593527  64.554102    30.217    32.343  4 54993.57394296 27.478
  35  87.592688  64.555059    27.916    28.101  4 55003.48958915 24.146
  36  87.592693  64.554590    33.337    34.062  3 55013.40523354 21.739
  37  87.589579  64.554363    12.784    12.823  4 55023.32087625 47.131
  38  87.591243  64.554593    11.054    11.062  4 55033.23651870 46.265
  39  87.594103  64.555413    16.241    16.262  4 55043.15216054 28.480
  40  87.591484  64.556765    13.514    10.508  4 55053.06780026 33.035
  41  87.594066  64.555534    10.923    10.945  4 55062.98343844 49.595
  42  87.593686  64.553209    16.202    16.164  4 55072.89908324 29.932
  43  87.591367  64.551241    16.114    16.116  4 55082.81473147 25.901
  44  87.592996  64.550423    10.538    10.550  4 55092.73037834 52.493
  45  87.588926  64.551910    10.649    10.629  4 55102.64602424 48.661
  46  87.589551  64.552948    30.220    32.402  4 55112.56167029 22.663
  47  87.592832  64.552440    16.192    16.215  4 55122.47731436 25.395
  48  87.592628  64.551398    10.132    10.137  4 55132.39295525 48.332
  49  87.591268  64.550352    12.003    11.991  4 55142.30859404 37.340
  50  87.592361  64.550423    11.525    11.505  4 55152.22423242 29.281
  51  87.589037  64.552755    12.229    12.220  4 55162.13987054 25.664
  52  87.591759  64.554550    14.440    12.318  4 55172.05550890 19.291
  53  87.591466  64.556007    12.431    12.401  4 55181.97114543 17.296
  54  87.592945  64.555189    12.350    12.353  4 55191.88679587 17.923
  55  87.595454  64.554246    12.381    12.382  4 55201.80244632 18.095
  56  87.591315  64.554941    12.522    12.516  4 55211.71809535 17.395
  57  87.592907  64.554993    12.438    12.464  3 55221.63374447 14.456
  58  87.590145  64.554752    12.492    12.517  4 55231.54939202 14.084
  59  87.591166  64.553251    12.254    12.223  4 55241.46503681 14.766
  60  87.591415  64.551498    12.019    12.045  4 55251.38067807 17.621
  61  87.590369  64.550667    12.014    12.028  4 55261.29631691 11.008
  62  87.589094  64.551383    14.143    11.664  4 55271.21195479 13.663
  63  87.589251  64.552438    17.077    16.989  4 55281.12759271 10.934
  64  87.591432  64.552882    14.516    11.736  4 55291.04322968 11.606
  65  87.591031  64.553090    11.623    11.644  4 55300.95886413 12.161
  66  87.592292  64.551726    11.323    11.301  4 55310.87451114 12.456
  67  87.592339  64.551026    12.452    12.466  4 55320.79015676 21.873
  68  87.589487  64.551856    18.357    17.179  4 55330.70580085 30.783
  69  87.593908  64.552437    24.426    22.115  4 55340.62144551 30.494
  70  87.594652  64.553512    27.071    27.304  4 55350.53708957 33.691
  71  87.593543  64.554398    31.302    33.355  4 55360.45273135 24.529
  72  87.592046  64.554885    30.961    32.469  4 55370.36837100 22.399
  73  87.592524  64.555296    31.286    32.977  4 55380.28400938 22.182
  74  87.591148  64.556337    31.637    33.829  4 55390.19964688 19.633
  75  87.593578  64.556422    15.179    11.592  3 55400.11528371 32.095
  76  87.594927  64.554991    28.090    28.231  4 55410.03093170 19.530
  77  87.591295  64.553146    10.857    10.829  4 55419.94658189 45.044
  78  87.592950  64.550969    16.623    16.620  4 55429.86222935 25.648
  79  87.590509  64.551123    29.849    28.501  5 55439.77787371 23.019
  80  87.589740  64.552230    33.805    34.460  4 55449.69351664 22.836
  81  87.592304  64.552596    29.759    31.942  4 55459.60915949 24.870
  82  87.592671  64.552290    30.017    32.268  4 55469.52480129 24.772
  83  87.591332  64.551632    29.864    32.274  4 55479.44043981 26.835
  84  87.592575  64.551026    11.477    11.385  4 55489.35607579 48.763
  85  87.593126  64.551668    10.276    10.283  4 55499.27170942 24.866
  86  87.593952  64.552971    21.870    21.905  4 55509.18734956 18.758
  87  87.594230  64.553735     9.752     9.708  4 55519.10299961 45.789
  88  87.592898  64.554366    11.232    11.228  4 55529.01864862 32.257
  89  87.590334  64.554610    10.870    10.873  4 55538.93429571 28.568
  90  87.591626  64.554327    11.033    11.055  4 55548.84994093 22.339
  91  87.594584  64.554274    11.851    11.838  4 55558.76558452 23.834
  92  87.595300  64.555053    12.691    12.725  4 55568.68122693 18.962
  93  87.594881  64.555208    12.489    12.501  4 55578.59686840 16.491
  94  87.591598  64.554312    12.490    12.520  4 55588.51250731 16.226
  95  87.592400  64.552102    12.350    12.360  4 55598.42814365 16.150
  96  87.591616  64.551191    12.258    12.275  4 55608.34377721 15.432
  97  87.591369  64.552154    12.008    12.010  4 55618.25940886 15.558
  98  87.592024  64.553748    11.739    11.732  4 55628.17505563 14.489
  99  87.591522  64.554409    11.599    11.595  4 55638.09070690 13.626
 100  87.592521  64.553158    14.824    11.560  4 55648.00635637  9.950
 101  87.589228  64.551497    13.862    11.786  4 55657.92200250 11.229
 102  87.591995  64.549990    11.501    11.522  4 55667.83764506 24.546
 103  87.590251  64.551375    14.914    14.936  4 55677.75328428 34.135
 104  87.594444  64.553185    21.099    21.109  4 55687.66892206 51.428
 105  87.595643  64.555021    30.676    32.475  4 55697.58455827 26.900
 106  87.593882  64.555907    19.495    18.469  4 55707.50019318 34.588
 107  87.594619  64.554611    18.599    18.498  4 55717.41584454 27.965
 108  87.593863  64.554104    25.725    23.581  4 55727.33149300 19.954
 109  87.593475  64.554706    28.043    27.962  4 55737.24713979 19.335
 110  87.591656  64.555900    22.748    22.807  4 55747.16278519 17.913
 111  87.594314  64.555335    30.595    30.806  4 55757.07842905 21.866
 112  87.594343  64.553658    23.302    23.498  4 55766.99407016 21.286
 113  87.589469  64.552083    25.177    27.258  4 55776.90970781 22.930
 114  87.588704  64.550995    11.525    11.562  4 55786.82534307 50.433
 115  87.591190  64.551960    11.583    11.530  4 55796.74097673 52.581
 116  87.591725  64.553941    17.109    17.067  4 55806.65661826 30.702
 117  87.592834  64.554840    12.088    11.944  4 55816.57226726 42.478
 118  87.593261  64.553699    16.815    16.691  4 55826.48791316 30.158
 119  87.593483  64.551764    13.244    10.303  4 55836.40355472 33.568
 120  87.590535  64.551018    29.441    31.435  4 55846.31919265 25.465
 121  87.589129  64.552730    31.901    32.515  4 55856.23482802 20.859
 122  87.592957  64.554543    10.058    10.070  4 55866.15047077 52.306
 123  87.594330  64.555874    11.571    11.563  4 55876.06612343 44.525
 124  87.595039  64.555730    11.117    11.149  4 55885.98177015 30.896
 125  87.590693  64.555616    10.778    10.760  4 55895.89741059 19.114
 126  87.593408  64.554695    11.156    11.157  4 55905.81304648 20.477
 127  87.592407  64.555193    11.395    11.424  4 55915.72868946 17.025
 128  87.593187  64.555429    11.593    11.548  3 55925.64434312 25.175
 129  87.594649  64.555095    11.545    11.531  4 55935.55999361 19.973
 130  87.592266  64.553577    11.281    11.256  4 55945.47563903 22.429
 131  87.592770  64.550910    11.055    11.060  4 55955.39128039 22.938
 132  87.589986  64.550030    11.060    11.051  4 55965.30691869 20.613
 133  87.591027  64.551077    11.207    11.205  5 55975.22255597 20.933
 134  87.593707  64.553350    11.229    11.221  4 55985.13819240 21.479
 135  87.594924  64.555111    11.005    11.016  4 55995.05382673 20.786
 136  87.592121  64.554177    10.933    10.936  4 56004.96947878 16.777
 137  87.591747  64.551587    10.660    10.657  4 56014.88512726 20.762
 138  87.590537  64.550395    10.814    10.802  4 56024.80077246 29.455
 139  87.589361  64.551833    11.060    11.079  4 56034.71641537 16.532
 140  87.593401  64.554020    11.789    11.841  4 56044.63205660 10.656
 141  87.594763  64.556024    12.739    12.767  4 56054.54769483 27.171
 142  87.594443  64.556668    19.951    19.776  4 56064.46332932 48.665
 143  87.592686  64.555684    19.250    19.157  4 56074.37897301 44.583
 144  87.594504  64.554187    30.243    32.288  4 56084.29462295 25.498
 145  87.594338  64.554070    25.630    23.476  4 56094.21027028 21.458
 146  87.590938  64.555210    23.065    23.122  4 56104.12591510 24.428
 147  87.591929  64.554769    22.934    22.820  4 56114.04154594 19.870
 148  87.590256  64.554085    23.119    23.229  4 56123.95718436 18.208
 149  87.592521  64.552220     9.828     9.859  4 56133.87281923 43.873
 150  87.592248  64.551422    12.451     9.389  4 56143.78845854 34.654
 151  87.590509  64.551831     9.232     9.216  4 56153.70410871 53.275
 152  87.591703  64.552975     9.235     9.246  4 56163.61975775 51.361
 153  87.591346  64.554078    24.166    24.069  4 56173.53540457 19.610
 154  87.589765  64.554136     9.472     9.442  4 56183.45104631 44.573
 155  87.589674  64.552841    24.588    25.111  4 56193.36668456 20.278
 156  87.593592  64.551485     8.820     8.805  4 56203.28232045 49.999
 157  87.590026  64.553401     8.474     8.514  4 56213.19795381 25.129
 158  87.593282  64.555771     8.920     8.865  3 56223.11358674 47.626
 159  87.593302  64.557018    10.894    10.892  4 56233.02924298 39.284
 160  87.596032  64.556333     9.880     9.911  4 56242.94489557 34.219
 161  87.593172  64.555443     9.779     9.754  4 56252.86054309 28.157
 162  87.594555  64.554241    10.534    10.571  4 56262.77618648 25.389
 163  87.592846  64.554436    10.073    10.078  4 56272.69182748 22.737
 164  87.591367  64.554890    10.199    10.196  4 56282.60746969 19.177
 165  87.594300  64.553704    10.891    10.890  4 56292.52312183 17.577
 166  87.592883  64.552341    11.073    11.081  4 56302.43876915 17.223
 167  87.591220  64.551130    10.996    11.031  5 56312.35441225 17.720
 168  87.589355  64.551204    10.779    10.795  4 56322.27005314 15.500
 169  87.591482  64.552012    10.723    10.736  5 56332.18569381 16.621
 170  87.590340  64.553536    10.396    10.378  4 56342.10133370 15.059
 171  87.594183  64.553724    10.342    10.361  4 56352.01697186 13.557
 172  87.591969  64.553568    10.337    10.331  4 56361.93261213 14.161
 173  87.592364  64.552280    10.401    10.402  4 56371.84826166 13.812
 174  87.592476  64.552049    10.267    10.259  4 56381.76390837 14.056
 175  87.593324  64.553132    21.237    20.165  4 56391.67955287 12.793
 176  87.593332  64.554733    26.219    26.758  4 56401.59519560  8.061
 177  87.593354  64.555836    10.853    10.856  4 56411.51083563 42.061
 178  87.595648  64.555810    24.850    23.027  4 56421.42647100 26.944
 179  87.593305  64.555897    33.841    35.219  3 56431.34211005 24.832
 180  87.591488  64.555236    30.176    32.145  4 56441.25776279 23.094
 181  87.591500  64.554701    16.445    16.414  4 56451.17341321 33.472
 182  87.590703  64.554161    29.707    31.572  4 56461.08906125 20.570
 183  87.590940  64.552913    12.067    12.068  4 56471.00470614 28.271
 184  87.590242  64.552020    19.421    22.117  4 56480.92034728 23.178
 185  87.592664  64.551436    10.960    10.881  4 56490.83598476 47.899
 186  87.589049  64.552942    10.754    10.652  4 56500.75161897 48.646
 187  87.592067  64.553984    10.209    10.132  4 56510.66725233 47.707
 188  87.592077  64.554545    14.186    14.332  4 56520.58289610 22.315
 189  87.590345  64.554155    10.007    10.013  4 56530.49854921 43.329
 191  87.593513  64.552331    10.773    10.752  4 56550.32984410 41.599
 192  87.590923  64.553452    31.936    32.265  4 56560.24548660 17.271
 193  87.590429  64.554999    13.268    10.425  4 56570.16112829 25.220
 194  87.591875  64.556341    21.741    21.734  4 56580.07676880 15.116
 195  87.595666  64.556369     9.691     9.704  4 56589.99240566 45.160
 196  87.591738  64.556133    10.293    10.275  4 56599.90805146 46.502
 197  87.595227  64.554307    12.877    12.889  4 56609.82370244 25.550
 198  87.592576  64.554791    12.494    12.479  4 56619.73934784 20.152
 199  87.592996  64.555161    11.838    11.887  3 56629.65499033 18.169
 200  87.590963  64.555287    11.939    11.936  4 56639.57062930 18.796
 201  87.592355  64.553337    11.157    11.174  4 56649.48627491 16.891
 202  87.591873  64.551154    10.832    10.805  4 56659.40192609 18.155
 203  87.591705  64.550571    10.950    10.972  4 56669.31757338 16.510
 204  87.593826  64.551761    10.927    10.934  4 56679.23321847 22.871
 205  87.595058  64.553407    11.152    11.152  4 56689.14886191 15.966
 206  87.591130  64.554575    10.462    10.458  4 56699.06450222 17.835
 207  87.590689  64.553867    10.787    10.791  4 56708.98013835 17.776
 208  87.589973  64.552953    10.711    10.730  4 56718.89577780 11.560
 209  87.593569  64.552061    10.884    10.888  4 56728.81143068 12.755
 210  87.593508  64.553590    26.054    26.089  4 56738.72707904 10.745
 211  87.592567  64.555747    22.666    22.889  4 56748.64272343  9.817
 212  87.591484  64.556913    11.014    11.028  4 56758.55836324 14.654
 213  87.595634  64.556074    12.273    12.265  4 56768.47399757 27.023
 214  87.592903  64.554931    15.000    15.003  3 56778.38964458 29.145
 215  87.593052  64.553706    20.949    20.664  4 56788.30530056 33.662
 216  87.589603  64.554132    33.558    33.456  4 56798.22095264 48.749
 217  87.593575  64.554055    31.266    33.290  4 56808.13659974 25.855
 218  87.593054  64.553893    31.363    33.899  4 56818.05224061 26.528
 219  87.589724  64.553106    18.194    18.183  4 56827.96787769 51.186
 220  87.590841  64.551459    32.054    33.087  4 56837.88351200 18.992
 221  87.589207  64.552133     9.531     7.273  4 56847.79914301 26.519
 222  87.593986  64.552410    10.660    10.660  4 56857.71479612 46.588
 223  87.593501  64.554180    10.667    10.596  4 56867.63044931 50.362
 224  87.591334  64.554727    29.058    29.327  4 56877.54610071 19.412
 225  87.591997  64.553323    17.981    17.274  5 56887.46174933 22.477
 226  87.592357  64.551510    29.823    31.595  4 56897.37739527 22.857
 227  87.589664  64.551931    30.820    32.947  4 56907.29303808 22.830
 228  87.591957  64.553614    29.870    32.196  4 56917.20867917 25.027
 229  87.594128  64.555982    11.152    11.169  4 56927.12431828 33.106
 230  87.592802  64.557658    10.635    10.560  4 56937.03995341 32.319
 231  87.596061  64.556762    10.225    10.256  4 56946.95558425 23.086
 232  87.593237  64.554557     9.792     9.806  4 56956.87123835 45.819
 233  87.593935  64.552956    11.225    11.240  4 56966.78688717 16.968
 234  87.591317  64.554001    11.610    11.632  4 56976.70253129 15.894
 235  87.592975  64.555201    11.257    11.266  4 56986.61817125 12.291
 236  87.592105  64.555816    13.634    11.156  4 56996.53380524 10.443
 237  87.594999  64.553517    13.712    11.067  4 57006.44945028 10.108
 238  87.590069  64.551555    11.601    11.662  4 57016.36510423 17.133
 239  87.589354  64.550847    22.206    24.450  4 57026.28075469 11.702
 240  87.591235  64.552282    26.240    25.512  5 57036.19640329  9.433
 241  87.593083  64.554148    11.680    11.679  4 57046.11204929 11.773
 242  87.591456  64.555333    14.122    11.753  4 57056.02769165  9.825
 243  87.593722  64.553987    11.291    11.217  4 57065.94332935 14.426
 244  87.589843  64.553866    11.302    11.272  4 57075.85896186 13.899
 245  87.593653  64.554056    11.226    11.238  4 57085.77459194 18.534
 246  87.592627  64.555585    11.231    11.235  4 57095.69024847 16.885
 247  87.592804  64.556982    11.809    11.791  4 57105.60590464 11.874
 248  87.596207  64.556811    11.749    11.747  4 57115.52155667 12.749
 250  87.593613  64.554005    12.217    12.192  4 57135.35284231 19.762
 251  87.590532  64.553794    16.237    16.080  4 57145.26847799 32.807
 252  87.590598  64.554761    18.912    18.867  4 57155.18411143 46.461
 253  87.595324  64.555153    32.138    35.132  4 57165.09975145 26.082
 254  87.593335  64.555055    28.936    28.900  4 57175.01540804 30.208
 255  87.591578  64.553573    18.700    18.621  4 57184.93106111 39.480
 256  87.591442  64.551521    13.297    13.287  4 57194.84671033 45.791
 257  87.591411  64.550773    11.074    11.068  4 57204.76234569 49.593
 258  87.589875  64.552360    10.906    10.971  4 57214.67799076 49.649
 259  87.590440  64.554439    10.763    10.771  4 57224.59363446 44.188
 260  87.590499  64.555658    10.499    10.376  4 57234.50927630 50.995
 261  87.595461  64.554488    10.528    10.466  4 57244.42491552 47.447
 262  87.592398  64.554112    30.103    31.067  3 57254.34055144 18.443
 263  87.592022  64.554663    24.830    22.792  4 57264.25618620 24.376
 264  87.596153  64.555841    32.335    33.115  4 57274.17182620 21.319
 265  87.596273  64.556988    11.021    11.043  4 57284.08748346 39.778
 266  87.593560  64.557167    34.245    35.189  4 57294.00313776 23.980
 267  87.595260  64.555209    36.527    35.277  4 57303.91878904 13.895
 268  87.589911  64.554008    10.457    10.512  4 57313.83443573 31.181
 269  87.589235  64.553086    10.049    10.073  4 57323.75007955 42.131
 270  87.593741  64.552706    10.003     9.957  4 57333.66572183 47.244
 271  87.592526  64.553934    10.608    10.596  4 57343.58136150 39.319
 272  87.592558  64.553281    10.048    10.039  4 57353.49701463 33.054
 273  87.590800  64.552695    10.914    10.928  4 57363.41265847 27.199
 274  87.591584  64.551535    11.623    11.634  5 57373.32829926 24.925
 275  87.591235  64.551854    11.483    11.487  5 57383.24393809 25.872
 276  87.591143  64.553264    10.983    10.948  4 57393.15957649 25.958
 277  87.595483  64.554476    10.855    10.829  4 57403.07521440 20.826
 278  87.595779  64.555143    10.855    10.861  4 57412.99085895 18.280
 279  87.590240  64.555365    10.882    10.881  4 57422.90651014 14.547
 280  87.593698  64.554125    10.923    10.906  4 57432.82215945 15.921
 281  87.594488  64.554236    11.097    11.107  4 57442.73780654 14.887
 282  87.591191  64.555794    11.377    11.385  4 57452.65345241 15.781
 283  87.592075  64.556502    11.354    11.352  4 57462.56909707 15.184
 284  87.592131  64.556427    23.201    25.039  4 57472.48473815 11.271
 285  87.593291  64.555445    15.684    11.412  3 57482.40037557  7.866
 287  87.595275  64.554509    11.530    11.529  4 57502.23164230 23.958
 288  87.591318  64.554992    14.255    14.288  4 57512.14729216 19.300
 289  87.593556  64.554127    15.861    15.895  4 57522.06294771 26.855
 290  87.591622  64.553496    36.034    35.354  4 57531.97860046 15.670
 291  87.593712  64.552057    18.035    18.015  4 57541.89425033 51.652
 292  87.591575  64.551848    18.301    18.312  5 57551.80989683 52.051
 293  87.592785  64.552089    17.397    17.348  4 57561.72554208 28.777
 294  87.589776  64.553613    11.089    11.085  4 57571.64118640 36.868
 295  87.594878  64.553591    10.541    10.465  4 57581.55683147 42.078
 296  87.594539  64.554001    10.139    10.118  4 57591.47247421 52.139
 297  87.591218  64.554603    22.268    22.036  4 57601.38811400 18.265
