# NaN NaN NaN ;Mean Elev.(m), Avg Gradient(m/km), RMS Gradient(m/km) - SRTM1     
#    3.046  -4.529   7.296 ;Mean Elev.(m), Avg Gradient(m/km), RMS Gradient(m/km) - ASTER GDEM
#    2.563  -2.399  10.434 ;Mean Elev.(m), Avg Gradient(m/km), RMS Gradient(m/km) - GMTED2010 
   1  87.332572  66.136290    17.708    18.845  8 54660.34368906 16.081
   2  87.334376  66.136078    18.805    20.146  8 54670.25933494 22.188
   4  87.327515  66.137868    23.011    19.755  7 54690.09062116 16.707
   5  87.324994  66.138142    -9.241    -9.190  7 54700.00626156 12.973
   6  87.328434  66.137060    22.219    20.101  7 54709.92190702 17.911
   7  87.335885  66.135545     4.824     4.731  8 54719.83755903 26.666
   8  87.339996  66.134088    17.374    16.996  9 54729.75320813 21.585
   9  87.341478  66.133831    19.437    19.125  8 54739.66885541 20.576
  10  87.340312  66.134356    22.685    20.169  8 54749.58450245 22.749
  11  87.336173  66.134927    51.176    53.353  8 54759.50014901 18.442
  12  87.338588  66.134865    27.401    29.221  8 54769.41579383 18.211
  13  87.340205  66.134025     8.169     8.192  9 54779.33143521 28.494
  14  87.341213  66.133026    15.939    13.306  9 54789.24707403 21.656
  15  87.342879  66.133019    12.978    12.568  8 54799.16271186 20.819
  16  87.340684  66.134018    10.733    10.538  8 54809.07834942 19.984
  17  87.338405  66.135339    14.129    13.304  8 54818.99398656 16.744
  18  87.331700  66.136007    27.522    28.647  8 54828.90963823 14.870
  19  87.333863  66.136282    13.614    13.714  8 54838.82527727 15.323
  20  87.330228  66.136683    18.046    17.025  8 54848.74092610 15.468
  21  87.328150  66.137433    29.978    28.676  8 54858.65657456 15.045
  22  87.324717  66.138099    23.421    24.597  7 54868.57222303 14.733
  23  87.326726  66.137662    15.194    12.257  8 54878.48787113 16.462
  24  87.330776  66.136148    12.770    12.513  8 54888.40351631 15.919
  25  87.338313  66.134433    15.162    13.351  9 54898.31915852 16.238
  26  87.340599  66.133849    12.706    12.254  9 54908.23479775 17.047
  27  87.338402  66.134398    12.751    12.372  8 54918.15043531 15.452
  28  87.338502  66.135061     9.203     8.721  8 54928.06607293 13.736
  29  87.337803  66.134765    17.525    14.651  9 54937.98170978 12.365
  31  87.344918  66.132990     7.120     6.556  9 54957.81298097 23.401
  32  87.346714  66.133103    59.107    55.576  6 54967.72862965  8.213
  33  87.341067  66.133959    18.028    18.029  9 54977.64427662 55.181
  34  87.339274  66.134967    18.665    18.552  8 54987.55992398 30.542
  35  87.337374  66.135457    18.394    18.150  8 54997.47557148 28.451
  36  87.333811  66.135670    17.329    17.064  8 55007.39121708 23.522
  37  87.331214  66.136024    16.498    16.549  8 55017.30686070 22.413
  38  87.331286  66.136857    26.559    29.486  7 55027.22250314 16.137
  39  87.326776  66.137897    29.215    29.538  7 55037.13814470 15.793
  40  87.324451  66.138139    30.880    31.546  8 55047.05378546 14.649
  41  87.331311  66.136995    27.125    27.105  8 55056.96942514 17.033
  42  87.337591  66.134827    27.442    29.314  8 55066.88506238 14.073
  43  87.341123  66.133339    16.660    16.705  8 55076.80071309 19.626
  44  87.343171  66.133417    19.407    20.402  9 55086.71636106 20.194
  45  87.339784  66.134531    20.616    20.725  8 55096.63200690 20.876
  46  87.336089  66.135305     9.240     7.832  8 55106.54765237 30.669
  47  87.337856  66.134832    17.577    17.245  8 55116.46329789 23.824
  48  87.343388  66.133445    23.765    21.822  9 55126.37894141 21.060
  49  87.344830  66.132436    62.257    61.266  9 55136.29458214  9.501
  50  87.344812  66.132697    21.626    24.086  9 55146.21022071 22.172
  51  87.339878  66.134191    25.913    26.160  9 55156.12585812 19.362
  52  87.334897  66.135435    32.452    36.477  8 55166.04149563 16.066
  53  87.332866  66.135997    34.977    37.131  8 55175.95713314 14.857
  54  87.337626  66.135624    30.255    29.968  8 55185.87277526 15.424
  55  87.331716  66.135597    33.805    33.200  8 55195.78842578 14.372
  56  87.333126  66.136608    32.836    37.219  8 55205.70407572 14.405
  57  87.327221  66.137987    35.412    37.765  7 55215.61972436 12.403
  58  87.323958  66.138299    39.185    39.102  7 55225.53537269 11.415
  59  87.330692  66.136772    35.125    36.912  7 55235.45101977 12.978
  60  87.338365  66.134154    28.314    29.029  8 55245.36666360 15.488
  61  87.345666  66.132364    19.306    18.367  8 55255.28230460 16.157
  62  87.342781  66.132833    26.163    26.824  9 55265.19794316 15.290
  63  87.337131  66.134802    27.881    27.091  9 55275.11358064 14.540
  64  87.334125  66.135895    32.590    36.163  8 55285.02921759 13.059
  65  87.336767  66.134911    27.503    27.483  9 55294.94485327 15.029
  66  87.342862  66.132802    24.602    27.199  9 55304.86049239 15.260
  67  87.347363  66.131642    11.939    13.778  9 55314.77614004  9.474
  69  87.339385  66.134719     8.761     8.725  8 55334.60742903 31.232
  70  87.330544  66.136243    14.126    14.104  8 55344.52307217 35.882
  71  87.330053  66.136297    17.742    17.672  8 55354.43871533 30.886
  72  87.331940  66.135778    18.786    19.040  8 55364.35435664 24.462
  73  87.336620  66.135665    19.578    19.548  8 55374.26999653 23.793
  74  87.329770  66.136428    17.070    17.146  8 55384.18563419 22.638
  75  87.329520  66.137456    17.329    16.897  8 55394.10127162 22.420
  76  87.328161  66.137705    18.021    17.534  8 55404.01690923 20.270
  77  87.332672  66.136286    53.789    52.245  8 55413.93256134 30.883
  78  87.341867  66.133917    18.959    19.885  8 55423.84821089 21.106
  79  87.343515  66.132077     5.688     5.674  9 55433.76385715 39.349
  80  87.344777  66.132555    21.271    21.289  8 55443.67950177 19.123
  81  87.338776  66.134265    19.197    20.891  8 55453.59514441 21.968
  82  87.333119  66.135789    18.807    19.977  8 55463.51078628 23.121
  83  87.334969  66.135213    18.895    19.785  8 55473.42642657 21.713
  84  87.343578  66.133280    36.788    38.298  8 55483.34206461 14.608
  85  87.348370  66.131602    18.889    19.536  9 55493.25770018 23.259
  86  87.346244  66.132233    54.653    55.191  9 55503.17333375 23.720
  87  87.337456  66.134521    55.117    54.713  9 55513.08898004 17.487
  88  87.330577  66.136589    55.463    53.853  7 55523.00462899 17.293
  89  87.329617  66.137105    29.372    28.812  7 55532.92027694 15.127
  90  87.334714  66.136308    17.158    18.048  8 55542.83592372 24.150
  91  87.336311  66.135689    16.898    16.619  8 55552.75156817 22.525
  92  87.334628  66.136240    20.462    21.879  8 55562.66721108 21.067
  93  87.327839  66.137214    26.515    27.438  8 55572.58285287 18.223
  94  87.327970  66.137262    29.815    27.943  8 55582.49849403 15.814
  95  87.335846  66.135703    25.487    25.782  8 55592.41413255 17.274
  96  87.342112  66.133380    21.012    22.488  9 55602.32976761 18.414
  97  87.348927  66.132058    19.243    16.173  9 55612.24540061 17.920
  98  87.344016  66.132573    21.269    20.897  9 55622.16103456 16.822
  99  87.338969  66.134375    27.600    27.703  9 55632.07668700 15.423
 100  87.336182  66.135381    29.545    29.740  8 55641.99233745 14.934
 101  87.336440  66.134826    23.322    23.063  8 55651.90798534 16.244
 102  87.342617  66.133047    20.756    17.607  8 55661.82362977 13.251
 103  87.346438  66.132156     4.857     4.834  9 55671.73927085 46.144
 104  87.345992  66.132912     9.580     9.562  9 55681.65491000 35.139
 105  87.338318  66.134905    17.952    17.935  8 55691.57054684 54.605
 106  87.330817  66.136527    18.255    18.704  7 55701.48618206 27.329
 107  87.328510  66.136987    14.285    14.349  8 55711.40182330 51.606
 108  87.331764  66.136537    17.757    17.594  8 55721.31747335 22.711
 109  87.333735  66.136235     7.314     5.548  8 55731.23312121 30.975
 110  87.330940  66.136296    18.083    17.591  8 55741.14876736 19.880
 111  87.330791  66.136566    19.142    18.905  7 55751.06441251 18.016
 112  87.332950  66.136250    18.395    18.355  8 55760.98005551 19.970
 113  87.334241  66.135167    15.597    16.431  8 55770.89569557 21.039
 114  87.342133  66.133529    55.361    55.492  9 55780.81133279 28.508
 115  87.345912  66.132626     6.492     6.464  9 55790.72696704 49.832
 116  87.344701  66.132933    14.351    14.071  9 55800.64259966 25.272
 117  87.339623  66.134136    19.912    20.529  8 55810.55824805 19.893
 118  87.336602  66.135008     6.069     6.135  8 55820.47389660 45.912
 119  87.339128  66.134712    18.894    19.926  8 55830.38954098 23.044
 120  87.341826  66.133422     4.408     4.308  9 55840.30518082 41.961
 121  87.344913  66.132629    22.049    21.666  9 55850.22081765 19.677
 122  87.342012  66.133463    51.775    51.757  9 55860.13645193 26.006
 123  87.333671  66.135282    53.814    55.692  8 55870.05210203 18.403
 124  87.329881  66.136751    14.562    11.037  7 55879.96775259 27.731
 125  87.329557  66.137084    16.145    12.767  7 55889.88339678 24.371
 126  87.332979  66.136700    12.732    13.026  8 55899.79903545 24.358
 127  87.332287  66.136385    13.368    12.967  7 55909.71466894 23.591
 128  87.332655  66.136658    11.936    12.185  8 55919.63032050 22.314
 129  87.330312  66.136510    11.551    11.824  8 55929.54597290 22.450
 130  87.336217  66.135603    13.196    12.719  8 55939.46162234 21.420
 131  87.340675  66.134024    20.471    18.105  9 55949.37726687 18.638
 132  87.343340  66.133083    13.126    13.078  9 55959.29290691 19.817
 133  87.340585  66.133212    13.237    13.157  9 55969.20854406 20.269
 134  87.340279  66.134135    13.107    13.126  9 55979.12418050 20.204
 135  87.340006  66.134604    13.319    13.523  8 55989.03981621 19.404
 136  87.337822  66.134352    12.939    12.988  8 55998.95545798 20.331
 137  87.340870  66.133717    13.553    13.423  9 56008.87110921 19.381
 138  87.340332  66.133285    16.782    16.514  9 56018.78675594 15.951
 139  87.340378  66.133759    11.093    10.993  9 56028.70239980 13.846
 140  87.336913  66.134909    22.208    21.628  9 56038.61804159  9.570
 141  87.352676  66.136246     4.416     4.416  2 56048.53368318 13.191
 143  87.329343  66.136592    16.414    16.372  8 56068.36495150 30.957
 144  87.331355  66.136567    16.815    15.195  8 56078.28060300 30.888
 145  87.331571  66.136746    15.223    16.272  7 56088.19625162 26.884
 146  87.330494  66.137016    17.175    17.512  7 56098.11189762 21.354
 147  87.333343  66.136489    51.653    56.600  8 56108.02754172 20.376
 148  87.334632  66.134983    10.092    11.154  8 56117.94317127 24.792
 150  87.345677  66.132734    16.671    15.894  9 56137.77444331 19.289
 151  87.342746  66.133539    51.016    49.257  9 56147.69008926 25.088
 152  87.336923  66.134786    26.995    27.802  9 56157.60573794 15.919
 155  87.341007  66.133466     3.257     3.250  9 56187.35267300 31.753
 156  87.342480  66.133086    17.096    17.230  8 56197.26831041 20.550
 157  87.337802  66.134156    18.839    19.237  8 56207.18394430 20.536
 158  87.334015  66.135963    28.827    28.988  7 56217.09957672 18.833
 159  87.330818  66.137204    49.728    51.247  8 56227.01521895 20.277
 160  87.331056  66.137081    23.921    20.009  8 56236.93087372 21.592
 161  87.332123  66.136352    11.682    11.878  8 56246.84652469 25.163
 162  87.333029  66.136027    13.326    10.966  8 56256.76217059 23.552
 163  87.330272  66.136673    12.677    11.187  7 56266.67781259 23.143
 164  87.327996  66.137257    11.580    11.104  7 56276.59345295 21.513
 165  87.329850  66.136775    12.194    12.492  8 56286.50910022 20.401
 166  87.338117  66.134851    11.998    11.999  8 56296.42475082 19.352
 167  87.342960  66.132773    13.902    12.624  9 56306.34039709 18.035
 168  87.347881  66.132352    18.582    15.834  9 56316.25604022 16.748
 169  87.342112  66.133894    17.107    16.597  8 56326.17168068 20.555
 170  87.335876  66.135634    23.361    24.734  8 56336.08732015 16.816
 171  87.333310  66.135908    26.941    26.091  7 56346.00295863 17.890
 172  87.336866  66.134575    25.608    25.334  8 56355.91859525 16.201
 173  87.341909  66.133119    22.850    25.859  9 56365.83424237 16.400
 174  87.342596  66.133110    21.101    18.898  8 56375.74989115 17.245
 176  87.328444  66.137017    36.444    37.612  7 56395.58117933 10.941
 177  87.325076  66.137969    15.894    17.508  8 56405.49682063 18.999
 178  87.331283  66.137629    56.454    57.326  7 56415.41245953  4.064
 179  87.331853  66.136239    16.461    16.568  7 56425.32809310 53.719
 180  87.333329  66.135692    19.034    18.747  8 56435.24374134 28.828
 181  87.334334  66.136196    18.043    18.182  8 56445.15939339 25.916
 182  87.329359  66.137200    10.924    10.911  7 56455.07504245 46.194
 183  87.331391  66.136952    17.374    17.747  7 56464.99068918 22.066
 184  87.335206  66.135132     6.066     6.052  8 56474.90633241 34.474
 185  87.343451  66.132887     5.447     5.504  8 56484.82197259 50.343
 186  87.348575  66.132228     4.825     4.858  9 56494.73760945 53.033
 187  87.340083  66.133589    18.218    19.743  8 56504.65324316 19.527
 189  87.333756  66.136436    25.767    20.917  8 56524.48452760 13.255
 190  87.336507  66.135238    16.623    16.520  8 56534.40017915 21.604
 192  87.342433  66.133355     5.003     5.002  8 56554.23147176 29.472
 193  87.336985  66.135167    55.432    53.912  8 56564.14711405 20.568
 194  87.327634  66.137521    31.067    31.397  8 56574.06275468 16.346
 195  87.324253  66.138678    56.838    56.343  7 56583.97839326 17.948
 196  87.326480  66.137844    53.615    53.579  7 56593.89402768 19.216
 197  87.331405  66.136346    53.531    52.958  8 56603.80968156 12.996
 198  87.337469  66.135490    10.168     9.723  8 56613.72533075 18.566
 199  87.332480  66.135935    14.689    13.536  8 56623.64097490 17.219
 200  87.333014  66.136657    11.310     9.949  8 56633.55661672 19.885
 201  87.331891  66.136581     9.239     9.685  7 56643.47225369 20.593
 202  87.339264  66.135091    15.017    13.968  8 56653.38790595 19.156
 203  87.342047  66.133229    20.466    15.053  9 56663.30355530 17.404
 204  87.344902  66.132518    19.492    17.580  9 56673.21920190 15.204
 205  87.339777  66.133882    14.501    14.674  9 56683.13484642 15.382
 206  87.332281  66.135586    15.452    13.976  8 56693.05048861 15.144
 207  87.332583  66.136460    14.572    15.202  7 56702.96612732 15.044
 208  87.335800  66.135449    13.878    13.984  8 56712.88176112 15.626
 209  87.339969  66.134241    13.601    13.696  9 56722.79740904 15.840
 210  87.337883  66.134051    13.519    13.907  8 56732.71305984 15.623
 211  87.332344  66.135767    15.366    12.760  8 56742.62870683 16.140
 212  87.327718  66.137866    19.734    19.616  8 56752.54434955 12.185
 213  87.324208  66.138756    37.607    37.058  7 56762.45998711  2.077
 214  87.327575  66.137944     4.805     4.747  7 56772.37561837 22.200
 215  87.326881  66.136502    53.692    54.433  6 56782.29127622  7.637
 216  87.335667  66.135725    18.746    18.819  8 56792.20693126 27.862
 217  87.334021  66.135880    17.611    17.674  8 56802.12258248 29.783
 218  87.330292  66.136386    16.360    16.101  8 56812.03822597 25.567
 219  87.332609  66.136245    13.829    13.851  7 56821.95386599 49.629
 220  87.335791  66.135020    12.507    12.499  8 56831.86950189 45.918
 221  87.341096  66.133568     8.950     8.928  9 56841.78513462 46.439
 222  87.343516  66.133214    15.033    15.308  8 56851.70077298 22.482
 223  87.338725  66.134186    54.305    55.284  9 56861.61642687 20.752
 224  87.333518  66.135624    28.269    29.853  8 56871.53208010 14.538
 225  87.331451  66.136184    18.013    17.577  8 56881.44773067 19.313
 226  87.335167  66.135790    18.436    18.043  8 56891.36337807 21.116
 227  87.339269  66.135002    16.518    17.216  8 56901.27902254 24.305
 228  87.333979  66.135352    19.281    20.151  8 56911.19466418 19.863
 229  87.332041  66.136580    19.045    19.563  8 56921.11030454 22.869
 230  87.327275  66.137982    26.809    29.554  8 56931.02594247 21.377
 231  87.325625  66.138266    31.017    31.881  8 56940.94157562 17.521
 232  87.327515  66.137563    52.881    52.264  8 56950.85721577 19.655
 233  87.332528  66.136483    53.171    51.093  7 56960.77286783 13.411
 234  87.331227  66.135858    32.311    33.010  8 56970.68851432 17.071
 235  87.331757  66.135818    29.972    29.400  8 56980.60415700 14.887
 236  87.335947  66.135889    13.584    13.445  8 56990.51979561 18.106
 237  87.336864  66.135314    13.210    13.173  8 57000.43542758 17.824
 238  87.336895  66.134539    18.903    16.571  8 57010.35108298 16.181
 239  87.339350  66.133780    11.732    10.617  9 57020.26673526 18.484
 240  87.341186  66.133982    19.974    17.887  9 57030.18238453 16.015
 241  87.337572  66.134733    17.242    16.382  8 57040.09803156 15.121
 242  87.335779  66.135633    13.839    13.859  8 57050.01367656 15.622
 243  87.336793  66.135820    14.327    14.207  8 57059.92931778 14.239
 244  87.338016  66.135537    15.270    15.110  8 57069.84495334 15.822
 245  87.337244  66.135434    14.606    13.566  8 57079.76058440 14.936
 246  87.334724  66.136195    20.557    16.046  8 57089.67622267 15.346
 247  87.327608  66.137470    28.448    28.626  8 57099.59188005 13.640
 248  87.326252  66.138309    22.531    25.038  7 57109.50753494 13.017
 249  87.325093  66.137846    37.526    39.466  7 57119.42318443 10.137
 250  87.331153  66.136783    14.431    15.294  7 57129.33882861  9.188
 251  87.331096  66.136085     8.948     8.918  8 57139.25446680 14.986
 253  87.332343  66.136403    15.922    15.868  7 57159.08573321 45.375
 254  87.336322  66.135923    18.638    18.635  8 57169.00138365 54.017
 255  87.336157  66.134787    18.029    18.083  8 57178.91703951 52.945
 256  87.338876  66.133793    19.156    19.357  8 57188.83269155 20.818
 257  87.341780  66.133937    17.376    17.121  8 57198.74833973 21.522
 258  87.336728  66.134848    14.872    14.614  9 57208.66397352 24.537
 259  87.336240  66.135798    59.458    58.594  8 57218.57961785 12.491
 260  87.333519  66.135855    53.001    52.801  8 57228.49526097 15.293
 261  87.335563  66.135501    17.861    17.308  8 57238.41090235 21.497
 262  87.333075  66.135207    15.770    16.146  8 57248.32654011 20.168
 263  87.333644  66.135825    22.824    20.074  7 57258.24217566 18.848
 264  87.329581  66.137157    16.948    17.748  8 57268.15780955 22.663
 265  87.323604  66.138296    17.786    17.979  7 57278.07345770 20.332
 266  87.324535  66.138327    12.754    17.149  8 57287.98911399 26.319
 267  87.328567  66.137254    30.931    31.569  8 57297.90476768 20.000
 268  87.333001  66.135885    48.367    53.863  8 57307.82041780 15.191
 269  87.337317  66.135550    50.381    54.120  8 57317.73606422 22.646
 270  87.331013  66.135955    55.793    54.307  8 57327.65170648 20.352
 271  87.329950  66.136655    32.254    29.117  7 57337.56734707 13.183
 272  87.332686  66.136138    21.742    22.658  8 57347.48299530 18.788
 273  87.336300  66.134587     7.216     7.519  8 57357.39864227 23.691
 274  87.341803  66.133193    23.624    23.358  9 57367.31428601 17.821
 275  87.342932  66.133312    19.891    14.727  9 57377.22992625 17.238
 276  87.336332  66.134848    20.220    17.154  8 57387.14556400 17.158
 277  87.330603  66.136213    27.025    28.165  8 57397.06120110 16.585
 278  87.333053  66.136457    14.018    13.246  8 57406.97683769 17.681
 279  87.334893  66.135499    13.594    13.664  8 57416.89248923 17.699
 280  87.339338  66.134962    13.563    13.849  8 57426.80814061 17.041
 281  87.333256  66.135763    16.488    12.961  8 57436.72378819 17.151
 282  87.326427  66.137702    14.312    14.265  7 57446.63943414 17.718
 283  87.323591  66.139142    18.022    16.657  8 57456.55507953 17.062
 284  87.324323  66.138782    19.494    13.472  8 57466.47072290 17.016
 285  87.329505  66.136766    24.146    25.701  7 57476.38636278 15.078
 286  87.334612  66.134842    16.415    16.612  8 57486.30199933 15.520
 287  87.337394  66.134563    14.244    13.504  8 57496.21763328 14.042
 289  87.330370  66.136910    15.844    16.579  8 57516.04892436 16.623
 290  87.330886  66.136322    17.008    12.031  8 57525.96457812 22.303
 291  87.337795  66.134333    15.140    15.933  8 57535.88023001 27.844
 292  87.342533  66.132816    14.884    14.917  9 57545.79587891 54.166
 293  87.343423  66.133173    12.526    12.494  8 57555.71152557 42.788
 294  87.336413  66.135101    56.329    53.832  8 57565.62717012 25.551
 295  87.330157  66.136693    51.824    51.519  7 57575.54281402 23.358
 296  87.330969  66.136884    26.179    28.986  7 57585.45845778 14.376
 297  87.331168  66.135927    30.431    31.200  8 57595.37409936 14.193
