-131972.793    72.105     0.00    5.68
-131685.313    73.564     5.08    5.96
-131397.845    76.352     9.70    7.24
-131110.389    79.401    10.61    7.92
-130822.945    83.288    13.52    8.32
-130535.512    86.584    11.47    7.78
-130248.092    89.440     9.94    6.01
-129960.683    91.522     7.24    3.87
-129673.286    92.474     3.31    3.10
-129385.900    92.545     0.25    2.94
-129098.527    92.686     0.49    2.94
-128811.165    92.556    -0.45    2.70
-128523.815    92.504    -0.18    2.75
-128236.477    92.788     0.99    2.72
-127949.151    93.496     2.47    3.20
-127661.836    93.654     0.55    3.40
-127374.534    93.734     0.28    3.68
-127087.243    93.323    -1.43    3.93
-126799.963    93.351     0.10    4.00
-126512.696    94.007     2.29    4.29
-126225.441    94.135     0.45    4.20
-125938.197    94.526     1.36    3.74
-125650.965    94.818     1.02    3.69
-125363.744    95.374     1.94    3.72
-125076.536    95.992     2.15    3.12
-124789.339    95.768    -0.78    3.47
-124502.154    95.598    -0.59    3.64
-124214.981    95.132    -1.62    3.95
-123927.819    94.728    -1.41    4.17
-123640.670    94.197    -1.85    4.46
-123353.532    94.148    -0.17    4.78
-123066.406    94.331     0.64    4.97
-122779.291    95.065     2.56    4.86
-122492.189    95.417     1.23    4.60
-122205.098    96.423     3.51    4.54
-121918.019    96.763     1.18    4.45
-121630.951    97.089     1.13    4.04
-121343.896    96.622    -1.63    4.52
-121056.852    95.779    -2.94    4.98
-120769.820    94.230    -5.40    5.07
-120482.799    92.873    -4.73    3.97
-120195.790    92.345    -1.84    3.36
-119908.794    92.112    -0.81    3.46
-119621.808    92.176     0.22    3.57
-119334.835    92.231     0.19    3.83
-119047.873    91.807    -1.48    4.28
-118760.923    91.504    -1.06    4.45
-118473.985    90.627    -3.06    4.40
-118187.058    89.815    -2.83    4.16
-117900.144    88.866    -3.31    3.58
-117613.241    87.891    -3.40    3.52
-117326.349    86.985    -3.16    3.71
-117039.470    86.307    -2.36    3.47
-116752.602    85.323    -3.43    3.23
-116465.745    84.733    -2.06    2.87
-116178.901    84.157    -2.01    2.81
-115892.068    83.687    -1.64    2.92
-115605.247    83.022    -2.32    3.23
-115318.438    82.090    -3.25    3.31
-115031.640    81.645    -1.55    3.21
-114744.854    81.105    -1.88    3.26
-114458.080    80.073    -3.60    4.89
-114171.317    77.731    -8.17    7.01
-113884.567    75.200    -8.83    7.71
-113597.827    73.852    -4.70    7.66
-113311.100    73.504    -1.21    7.57
-113024.384    73.541     0.13    7.66
-112737.680    75.400     6.49    8.22
-112450.988    78.899    12.20    7.75
-112164.307    82.075    11.08    5.90
-111877.638    83.949     6.54    4.53
-111590.981    85.477     5.33    3.65
-111304.335    85.993     1.80    3.36
-111017.702    86.537     1.90    3.24
-110731.079    86.630     0.32    3.60
-110444.469    86.385    -0.85    3.76
-110157.870    86.496     0.39    3.88
-109871.283    85.681    -2.84    4.62
-109584.707    84.135    -5.39    6.54
-109298.143    81.686    -8.55    8.60
-109011.591    77.154   -15.82   12.25
-108725.051    72.096   -17.65   13.76
-108438.522    67.336   -16.61   12.73
-108152.005    64.865    -8.63   11.63
-107865.499    64.074    -2.76   11.03
-107579.005    65.504     4.99   12.50
-107292.523    68.312     9.80   14.20
-107006.052    72.864    15.89   15.04
-106719.594    77.796    17.22   14.45
-106433.146    83.246    19.03   10.92
-106146.711    84.963     5.99   10.10
-105860.287    85.233     0.94   10.06
-105573.875    84.701    -1.86   10.14
-105287.474    84.622    -0.28   10.01
-105001.085    85.619     3.48    9.90
-104714.708    87.348     6.04    9.49
-104428.342    89.909     8.94    7.65
-104141.988    91.876     6.87    6.13
-103855.645    92.592     2.50    5.06
-103569.315    91.089    -5.25    6.55
-103282.995    88.231    -9.98    8.60
-102996.688    84.910   -11.60    9.29
-102710.392    81.400   -12.26    8.43
-102424.108    79.754    -5.75    7.86
-102137.835    77.587    -7.57    6.54
-101851.574    75.183    -8.40    6.58
-101565.325    73.825    -4.75    6.58
-101279.087    72.061    -6.16    7.32
-100992.861    69.311    -9.61    9.09
-100706.646    68.261    -3.67    9.54
-100420.443    68.748     1.70   10.19
-100134.252    71.207     8.59   10.85
 -99848.072    73.955     9.60    9.38
 -99561.904    76.281     8.13    7.40
 -99275.748    77.530     4.37    6.35
 -98989.603    77.197    -1.16    6.53
 -98703.470    76.598    -2.09    6.41
 -98417.348    74.933    -5.82    6.41
 -98131.238    73.949    -3.44    5.89
 -97845.140    73.119    -2.90    5.49
 -97559.053    72.664    -1.59    5.10
 -97272.978    72.750     0.30    4.61
 -96986.914    73.467     2.51    4.72
 -96700.862    74.098     2.21    4.60
 -96414.821    73.797    -1.05    4.53
 -96128.793    74.128     1.16    4.24
 -95842.775    74.504     1.31    4.56
 -95556.770    75.699     4.18    4.37
 -95270.775    76.797     3.84    4.15
 -94984.793    77.659     3.02    4.19
 -94698.822    77.916     0.90    4.14
 -94412.863    77.570    -1.21    4.51
 -94126.915    76.739    -2.91    4.87
 -93840.979    75.725    -3.55    4.73
 -93555.054    74.852    -3.05    4.36
 -93269.141    74.373    -1.67    3.67
 -92983.239    74.511     0.48    3.78
 -92697.349    75.421     3.18    4.83
 -92411.471    77.701     7.97    6.02
 -92125.604    80.159     8.60    6.60
 -91839.749    82.647     8.70    6.77
 -91553.905    85.218     8.99    6.44
 -91268.073    87.993     9.71    6.30
 -90982.253    90.432     8.53    5.67
 -90696.444    92.890     8.60    6.28
 -90410.646    95.471     9.03    6.88
 -90124.860    98.295     9.88    6.64
 -89839.086   101.710    11.95    7.42
 -89553.323   104.705    10.48    7.25
 -89267.572   107.415     9.48    7.47
 -88981.832   108.955     5.39    6.48
 -88696.104   109.797     2.95    6.11
 -88410.387   110.636     2.94    5.69
 -88124.682   111.226     2.06    5.57
 -87838.989   112.415     4.16    5.13
 -87553.307   114.391     6.92    5.60
 -87267.636   117.087     9.44    6.95
 -86981.977   120.639    12.44    7.40
 -86696.330   122.934     8.04    7.82
 -86410.694   125.385     8.58    7.83
 -86125.070   126.681     4.54    7.12
 -85839.457   127.895     4.25    6.98
 -85553.856   129.163     4.44    7.83
 -85268.266   129.519     1.25    8.47
 -84982.688   129.120    -1.39    8.30
 -84697.121   128.725    -1.39    8.28
 -84411.566   130.091     4.78    7.90
 -84126.022   132.616     8.84    7.51
 -83840.490   134.735     7.42    8.09
 -83554.969   136.672     6.78    9.19
 -83269.460   139.096     8.49   10.18
 -82983.962   141.612     8.81    9.61
 -82698.476   144.578    10.39    7.61
 -82413.002   147.183     9.13    4.99
 -82127.538   148.051     3.04    4.78
 -81842.087   148.511     1.61    5.97
 -81556.647   148.319    -0.67    6.30
 -81271.218   148.351     0.11    6.96
 -80985.801   147.867    -1.70    8.63
 -80700.395   146.044    -6.39   10.53
 -80415.001   143.323    -9.53   11.54
 -80129.618   140.504    -9.88   11.56
 -79844.247   136.733   -13.21   11.25
 -79558.888   132.430   -15.08   10.81
 -79273.539   128.288   -14.52   11.26
 -78988.203   124.131   -14.57   11.71
 -78702.877   121.341    -9.78   11.36
 -78417.564   119.022    -8.13   10.27
 -78132.261   116.713    -8.09    8.30
 -77846.971   114.788    -6.75    6.86
 -77561.691   113.609    -4.13    6.26
 -77275.741   112.895    -2.50    6.15
 -76987.885   112.111    -2.72    6.30
 -76700.041   109.652    -8.55    7.70
 -76412.210   106.265   -11.77   10.19
 -76124.392   101.880   -15.24   13.06
 -75836.586    95.993   -20.46   14.42
 -75548.792    89.530   -22.46   14.45
 -75261.011    82.467   -24.54   13.49
 -74973.243    76.598   -20.39   12.31
 -74685.487    71.422   -17.99   11.24
 -74397.743    66.169   -18.26   11.33
 -74110.012    61.455   -16.38   10.45
 -73822.294    57.709   -13.02    8.57
 -73534.588    54.305   -11.83    7.39
 -73246.895    51.363   -10.23    7.67
 -72959.214    47.586   -13.13    8.46
 -72671.545    44.558   -10.53    7.89
 -72383.890    42.271    -7.95    7.46
 -72096.246    40.125    -7.46    7.02
 -71808.615    37.341    -9.68    6.58
 -71520.997    35.075    -7.88    5.74
 -71233.391    32.826    -7.82    5.56
 -70945.797    31.190    -5.69    5.34
 -70658.216    30.061    -3.93    4.67
 -70370.648    29.348    -2.48    3.71
 -70083.092    29.504     0.54    3.21
 -69795.549    30.209     2.45    3.46
 -69508.017    30.746     1.87    3.40
 -69220.499    30.522    -0.78    3.56
 -68932.993    29.993    -1.84    3.76
 -68645.499    29.354    -2.22    4.17
 -68358.018    28.541    -2.83    4.48
 -68070.549    28.311    -0.80    4.44
 -67783.093    28.474     0.57    4.46
 -67495.649    28.623     0.52    4.49
 -67208.218    28.138    -1.69    4.76
 -66920.799    27.336    -2.79    4.57
 -66633.393    27.015    -1.12    4.18
 -66345.999    27.379     1.27    4.85
 -66058.618    27.493     0.40    4.95
 -65771.249    27.143    -1.22    5.05
 -65483.892    27.007    -0.47    5.19
 -65196.548    27.553     1.90    5.57
 -64909.216    28.926     4.78    6.03
 -64621.897    28.978     0.18    6.12
 -64334.590    28.459    -1.81    5.77
 -64047.296    27.912    -1.90    5.65
 -63760.014    28.212     1.05    5.66
 -63472.744    28.843     2.20    5.51
 -63185.487    28.946     0.36    5.38
 -62898.243    28.942    -0.02    5.31
 -62611.011    29.308     1.28    5.29
 -62323.791    28.836    -1.65    5.81
 -62036.583    28.366    -1.63    6.37
 -61749.388    28.103    -0.92    6.23
 -61462.206    27.803    -1.04    5.99
 -61175.036    27.579    -0.78    5.67
 -60887.878    26.511    -3.72    5.26
 -60600.733    25.533    -3.41    4.67
 -60313.600    24.534    -3.48    4.19
 -60026.480    25.197     2.31    4.78
 -59739.372    25.789     2.06    5.27
 -59452.276    26.538     2.61    5.58
 -59165.193    27.860     4.61    5.58
 -58878.122    29.485     5.66    5.06
 -58591.064    30.759     4.44    4.33
 -58304.018    31.212     1.58    4.18
 -58016.984    31.075    -0.48    3.97
 -57729.963    30.583    -1.71    4.39
 -57442.954    30.000    -2.03    4.60
 -57155.958    29.591    -1.43    4.50
 -56868.974    29.471    -0.42    4.49
 -56582.002    30.038     1.98    4.56
 -56295.043    30.613     2.00    4.37
 -56008.096    31.061     1.56    4.43
 -55721.161    31.530     1.63    4.03
 -55434.239    32.015     1.69    3.81
 -55147.329    32.667     2.27    3.91
 -54860.432    33.343     2.36    4.57
 -54573.547    33.462     0.41    5.05
 -54286.674    34.156     2.42    5.25
 -53999.814    34.090    -0.23    5.46
 -53712.966    35.146     3.68    5.80
 -53426.130    36.282     3.96    5.68
 -53139.307    36.708     1.48    5.29
 -52852.496    36.917     0.73    4.52
 -52565.698    36.821    -0.34    4.45
 -52278.912    36.099    -2.52    4.41
 -51992.138    35.883    -0.75    4.51
 -51705.377    36.295     1.44    4.67
 -51418.628    36.650     1.24    4.77
 -51131.891    36.326    -1.13    4.59
 -50845.167    35.794    -1.85    4.64
 -50558.455    36.169     1.31    4.60
 -50271.755    36.750     2.03    4.70
 -49985.068    37.463     2.49    4.04
 -49698.393    37.212    -0.88    3.80
 -49411.730    36.591    -2.17    3.98
 -49125.080    36.885     1.03    4.40
 -48838.442    36.813    -0.25    4.98
 -48551.816    36.652    -0.56    5.00
 -48265.203    37.007     1.24    4.99
 -47978.602    37.206     0.69    4.58
 -47692.013    37.514     1.08    4.16
 -47405.436    37.667     0.53    3.86
 -47118.872    37.237    -1.50    3.55
 -46832.321    37.038    -0.69    3.62
 -46545.781    37.143     0.36    3.55
 -46259.254    37.141    -0.01    3.39
 -45972.739    37.463     1.12    2.85
 -45686.237    36.567    -3.13    3.33
 -45399.747    35.700    -3.03    4.00
 -45113.269    34.846    -2.98    4.23
 -44826.803    34.553    -1.02    4.34
 -44540.350    33.790    -2.66    3.95
 -44253.909    33.267    -1.82    3.51
 -43967.480    33.664     1.39    3.42
 -43681.064    34.455     2.76    3.32
 -43394.660    34.185    -0.94    2.97
 -43108.268    33.738    -1.56    3.00
 -42821.889    33.533    -0.72    2.95
 -42535.522    33.523    -0.04    2.72
 -42249.167    33.412    -0.39    2.88
 -41962.824    32.947    -1.62    2.86
 -41676.494    32.763    -0.64    2.72
 -41390.176    32.970     0.72    2.71
 -41103.870    33.496     1.84    2.71
 -40817.576    33.478    -0.06    3.34
 -40531.295    33.374    -0.36    3.54
 -40245.026    32.844    -1.85    4.23
 -39958.769    32.205    -2.24    4.62
 -39672.525    31.785    -1.47    4.50
 -39386.293    31.902     0.41    4.35
 -39100.073    31.664    -0.83    4.78
 -38813.865    31.594    -0.25    4.87
 -38527.670    31.949     1.24    4.71
 -38241.487    33.227     4.47    4.15
 -37955.316    34.193     3.37    3.68
 -37669.157    34.474     0.98    3.82
 -37383.011    34.105    -1.29    3.53
 -37096.877    33.226    -3.07    3.08
 -36810.755    33.008    -0.76    3.05
 -36524.645    33.529     1.82    3.26
 -36238.548    33.992     1.62    3.43
 -35952.463    34.008     0.05    3.80
 -35666.390    34.182     0.61    3.84
 -35380.329    34.127    -0.19    3.69
 -35094.281    34.443     1.10    3.61
 -34808.245    34.696     0.88    3.66
 -34522.221    34.649    -0.16    4.84
 -34236.209    35.029     1.33    6.01
 -33950.210    35.115     0.30    7.20
 -33664.222    33.701    -4.94    9.40
 -33378.247    29.583   -14.40   12.43
 -33092.284    24.767   -16.84   13.75
 -32806.334    20.267   -15.74   13.78
 -32520.395    18.254    -7.04   13.36
 -32234.469    17.218    -3.62   11.96
 -31948.555    15.969    -4.37    9.17
 -31662.654    15.728    -0.84    7.54
 -31376.764    17.446     6.01    7.12
 -31090.887    20.136     9.41    7.77
 -30805.022    22.435     8.04    8.80
 -30519.169    22.830     1.38    9.75
 -30233.328    22.000    -2.90   10.49
 -29947.500    21.575    -1.49   10.84
 -29661.683    21.654     0.28   11.81
 -29375.879    21.209    -1.56   12.13
 -29090.087    20.172    -3.63   11.01
 -28804.308    21.400     4.30   10.51
 -28518.540    24.767    11.78    9.25
 -28232.785    27.746    10.43    6.80
 -27947.042    29.898     7.53    4.20
 -27661.311    29.992     0.33    3.37
 -27375.592    29.920    -0.25    2.32
 -27089.885    30.221     1.05    2.26
 -26804.191    30.745     1.83    2.19
 -26518.509    31.212     1.64    2.21
 -26232.839    31.763     1.93    2.34
 -25947.181    32.238     1.66    2.58
 -25661.535    32.799     1.96    2.86
 -25375.902    33.150     1.23    3.18
 -25090.280    33.463     1.10    3.24
 -24804.671    33.894     1.51    3.16
 -24519.074    34.069     0.61    3.03
 -24233.489    34.246     0.62    2.94
 -23947.916    34.576     1.15    2.51
 -23662.356    34.800     0.79    1.93
 -23376.807    34.900     0.35    2.06
 -23091.271    34.669    -0.81    2.53
 -22805.747    34.838     0.59    2.63
 -22520.235    34.949     0.39    2.77
 -22234.735    35.313     1.28    2.78
 -21949.248    35.526     0.75    2.61
 -21663.772    35.562     0.12    2.80
 -21378.309    35.284    -0.97    3.02
 -21092.858    35.448     0.58    3.07
 -20807.418    35.239    -0.73    3.21
 -20521.991    34.677    -1.97    3.31
 -20236.577    34.458    -0.77    3.28
 -19951.174    33.883    -2.01    3.43
 -19665.783    33.917     0.12    3.27
 -19380.405    33.804    -0.39    3.68
 -19095.039    34.176     1.30    3.57
 -18809.685    34.409     0.82    3.40
 -18524.342    34.303    -0.37    3.63
 -18239.013    34.256    -0.17    3.87
 -17953.695    34.123    -0.46    4.34
 -17668.389    33.195    -3.25    4.77
 -17383.095    31.970    -4.30    4.77
 -17097.814    31.578    -1.37    4.90
 -16812.545    30.909    -2.34    4.99
 -16527.287    30.908    -0.00    5.24
 -16242.042    30.843    -0.23    5.38
 -15956.809    30.992     0.52    5.91
 -15671.588    31.763     2.70    6.34
 -15385.398    32.000     0.83    6.47
 -15097.475    31.978    -0.08    6.57
 -14809.564    31.740    -0.83    7.20
 -14521.667    30.610    -3.93    7.21
 -14233.783    29.298    -4.56    6.92
 -13945.912    28.440    -2.98    6.43
 -13658.054    27.727    -2.48    6.87
 -13370.210    27.406    -1.12    7.03
 -13082.379    26.527    -3.05    6.51
 -12794.560    26.642     0.40    6.32
 -12506.755    26.515    -0.44    5.82
 -12218.964    26.157    -1.24    5.20
 -11931.185    26.146    -0.04    4.09
 -11643.419    26.552     1.41    3.05
 -11355.667    26.614     0.21    3.58
 -11067.928    26.194    -1.46    4.74
 -10780.202    24.992    -4.18    5.78
 -10492.489    23.015    -6.87    6.80
 -10204.789    20.879    -7.42    7.32
  -9917.102    19.397    -5.15    7.21
  -9629.429    17.954    -5.02    6.60
  -9341.768    16.826    -3.92    5.46
  -9054.121    17.122     1.03    4.91
  -8766.487    17.348     0.79    5.14
  -8478.866    17.931     2.03    5.21
  -8191.258    17.687    -0.85    5.30
  -7903.663    17.377    -1.08    5.32
  -7616.082    17.500     0.43    5.44
  -7328.513    17.492    -0.03    5.38
  -7040.958    18.067     2.00    5.18
  -6753.416    18.492     1.48    5.32
  -6465.886    18.927     1.51    5.15
  -6178.370    19.267     1.18    4.32
  -5890.868    18.500    -2.67    4.32
  -5603.378    18.206    -1.02    3.65
  -5315.901    17.195    -3.52    3.68
  -5028.437    16.785    -1.43    3.47
  -4740.987    16.396    -1.35    3.28
  -4453.550    16.099    -1.03    3.25
  -4166.125    16.082    -0.06    3.40
  -3878.714    16.123     0.14    3.56
  -3591.316    15.822    -1.05    3.80
  -3303.931    15.710    -0.39    3.97
  -3016.559    16.140     1.50    4.15
  -2729.200    15.218    -3.21    4.89
  -2441.855    13.098    -7.38    6.24
  -2154.522    11.205    -6.59    7.25
  -1867.202     9.333    -6.51    8.01
  -1579.896     7.356    -6.88    8.07
  -1292.602     5.351    -6.98    7.55
  -1005.322     3.008    -8.16    5.96
   -718.055     1.182    -6.36    3.53
   -430.800     0.159    -3.56    1.00
   -143.559     0.000    -0.55    0.00
    143.669     0.015     0.05    0.17
    430.884     1.519     5.24    5.70
    718.086     5.507    13.89   11.79
   1005.275    11.985    22.55   16.93
   1292.451    18.993    24.40   19.19
   1579.613    24.893    20.55   18.90
   1866.763    32.933    28.00   16.40
   2153.900    39.100    21.48   11.42
   2441.023    43.271    14.53    6.47
   2728.134    44.554     4.47    5.85
   3015.232    45.737     4.12    5.73
   3302.316    46.538     2.79    5.45
   3589.388    47.319     2.72    5.26
   3876.446    47.962     2.24    4.96
   4163.492    48.635     2.35    4.63
   4450.524    48.947     1.09    4.73
   4737.543    48.489    -1.59    4.80
   5024.550    48.229    -0.91    4.90
   5311.543    47.919    -1.08    5.14
   5598.523    47.826    -0.32    5.00
   5885.491    48.053     0.79    5.65
   6172.445    47.917    -0.47    5.41
   6459.386    48.187     0.94    5.52
   6746.314    47.977    -0.73    5.50
   7033.229    47.721    -0.89    5.31
   7320.132    47.300    -1.47    4.99
   7607.021    45.964    -4.66    5.09
   7893.897    44.623    -4.67    5.41
   8180.760    43.294    -4.63    5.44
   8467.610    41.542    -6.11    6.03
   8754.448    39.748    -6.25    6.36
   9041.272    38.763    -3.43    6.02
   9328.083    38.157    -2.12    5.60
   9614.881    37.481    -2.36    5.81
   9901.667    37.066    -1.45    6.23
  10188.439    37.869     2.80    6.63
  10475.198    39.294     4.97    6.39
  10761.944    40.348     3.68    6.07
  11048.678    40.794     1.55    6.02
  11335.398    41.792     3.48    5.69
  11622.105    43.733     6.77    5.20
  11908.800    45.634     6.63    5.37
  12195.481    46.977     4.69    5.53
  12482.149    48.408     4.99    5.46
  12768.805    49.113     2.46    5.19
  13055.447    49.292     0.63    5.30
  13342.077    46.627    -9.30    9.38
  13628.694    41.848   -16.67   13.85
  13915.297    36.647   -18.15   15.74
  14201.888    30.634   -20.98   15.21
  14488.466    25.687   -17.26   13.20
  14775.030    21.538   -14.48   10.43
  15061.582    18.343   -11.15    7.56
  15348.121    16.837    -5.26    5.46
  15634.647    16.856     0.07    6.18
  15921.160    17.925     3.73    6.94
  16207.660    19.718     6.26    7.48
  16494.147    22.425     9.45    7.07
  16780.621    24.641     7.73    5.69
  17067.082    26.630     6.94    5.09
  17353.531    28.131     5.24    5.79
  17639.966    28.211     0.28    6.28
  17926.388    28.000    -0.74    6.76
  18212.798    26.474    -5.33    8.46
  18499.195    26.447    -0.09    8.76
  18785.578    26.156    -1.02   10.11
  19071.949    26.638     1.69   10.47
  19358.307    26.584    -0.19   10.40
  19644.652    27.862     4.46   10.22
  19930.984    29.118     4.39   10.35
  20217.303    31.300     7.62    9.76
  20503.609    30.970    -1.15   11.18
  20789.902    30.519    -1.58   12.29
  21076.183    29.209    -4.58   14.10
  21362.450    28.553    -2.29   14.53
  21648.705    28.744     0.67   15.49
  21934.946    29.318     2.00   15.10
  22221.175    29.313    -0.02   15.28
  22507.391    29.930     2.15   14.37
  22793.594    31.993     7.21   13.12
  23079.784    34.131     7.47   12.77
  23365.962    36.168     7.12   12.82
  23652.126    35.992    -0.61   13.02
  23938.277    37.978     6.94   13.93
  24224.416    40.916    10.27   14.47
  24510.542    42.284     4.78   14.76
  24796.654    43.200     3.20   14.56
  25082.754    43.233     0.12   14.92
  25368.842    42.262    -3.40   13.93
  25654.916    42.552     1.02   12.28
  25940.977    40.698    -6.48    9.65
  26227.026    41.674     3.41   10.75
  26513.061    43.769     7.32   11.98
  26799.084    47.657    13.59   13.50
  27085.094    51.908    14.86   14.46
  27371.091    57.134    18.27   14.29
  27657.075    61.835    16.44   12.70
  27943.047    66.701    17.02    9.89
  28229.005    69.216     8.79    7.03
  28514.951    68.500    -2.51   11.15
  28800.884    64.672   -13.39   16.94
  29086.804    59.215   -19.08   21.27
  29372.711    51.859   -25.73   23.66
  29658.605    45.592   -21.92   22.92
  29944.486    39.200   -22.36   20.37
  30230.355    34.146   -17.68   16.53
  30516.211    33.241    -3.17   15.20
  30802.054    34.908     5.83   17.72
  31087.884    40.902    20.97   22.36
  31373.701    48.869    27.87   26.57
  31659.506    58.023    32.03   27.21
  31945.297    68.931    38.17   24.42
  32231.076    79.341    36.42   17.11
  32516.842    86.862    26.32    8.53
  32802.596    90.847    13.95    6.15
  33088.336    92.600     6.14    6.36
  33374.064    95.212     9.14    5.44
  33659.778    97.240     7.10    4.13
  33945.480   100.022     9.74    5.83
  34231.169   103.649    12.69    8.00
  34516.846   107.278    12.70    9.32
  34802.509   112.045    16.69   10.43
  35088.160   116.459    15.45    9.94
  35373.798   121.221    16.67    8.99
  35659.423   125.185    13.88    7.17
  35945.036   128.554    11.79    6.83
  36230.635   131.489    10.28    6.75
  36516.222   134.674    11.15    7.50
  36801.796   138.368    12.93   10.38
  37087.358   143.258    17.12   13.17
  37372.906   149.125    20.55   15.82
  37658.442   156.092    24.40   18.09
  37943.965   165.400    32.60   20.11
  38229.475   174.178    30.75   21.82
  38514.972   183.985    34.35   22.04
  38800.457   194.008    35.11   23.48
  39085.929   204.664    37.33   23.39
  39371.388   215.864    39.23   24.67
  39656.834   227.924    42.25   25.26
  39942.268   238.993    38.78   24.34
  40227.688   245.789    23.81   21.76
  40513.096   251.744    20.86   18.13
  40798.492   255.323    12.54   15.23
  41083.874   257.383     7.22   12.70
  41369.244   258.777     4.88   11.51
  41654.601   259.654     3.07   13.12
  41939.945   262.815    11.08   15.19
  42225.277   265.391     9.03   16.86
  42510.596   269.947    15.97   17.53
  42795.902   272.141     7.69   17.51
  43081.195   273.465     4.64   16.33
  43366.476   274.444     3.43   14.46
  43651.744   274.431    -0.05   12.86
  43936.999   272.515    -6.72   12.85
  44222.241   269.146   -11.81   12.73
  44507.471   265.066   -14.30   13.10
  44792.688   261.242   -13.41   12.53
  45077.892   257.429   -13.37   12.53
  45363.083   252.773   -16.33   11.79
  45648.262   249.105   -12.86   11.52
  45933.428   245.462   -12.78   10.97
  46218.582   243.414    -7.18   11.28
  46505.029   241.405    -7.01   11.52
  46793.027   238.353   -10.59   13.02
  47081.011   234.705   -12.67   14.11
  47368.982   229.955   -16.50   16.52
  47656.938   223.931   -20.92   18.11
  47944.881   215.255   -30.13   21.22
  48232.810   204.731   -36.55   20.62
  48520.725   193.788   -38.01   21.29
  48808.627   184.323   -32.88   20.15
  49096.514   175.644   -30.15   18.50
  49384.388   168.651   -24.29   15.02
  49672.248   163.333   -18.47   10.38
  49960.094   160.946    -8.29    7.84
  50247.927   160.917    -0.10    7.30
  50535.745   161.908     3.44    7.44
  50823.550   162.850     3.27    8.40
  51111.341   160.341    -8.72   12.48
  51399.118   157.076   -11.35   14.84
  51686.882   153.218   -13.41   15.52
  51974.631   150.203   -10.48   14.83
  52262.367   147.895    -8.02   14.04
  52550.089   147.823    -0.25   14.66
  52837.798   149.511     5.87   14.64
  53125.492   152.538    10.52   12.23
  53413.173   154.248     5.94   10.66
  53700.840   156.631     8.28    9.43
  53988.493   158.301     5.81    9.65
  54276.133   162.101    13.21   11.38
  54563.759   167.857    20.01   13.48
  54851.371   175.938    28.10   16.79
  55138.969   185.126    31.94   18.55
  55426.553   194.349    32.07   18.21
  55714.124   201.632    25.33   15.99
  56001.681   207.915    21.85   12.11
  56289.224   211.343    11.92    9.48
  56576.754   212.754     4.91    8.80
  56864.270   212.596    -0.55   10.16
  57151.772   212.395    -0.70   11.11
  57439.260   214.493     7.29   13.33
  57726.735   218.275    13.16   14.82
  58014.195   222.463    14.57   15.32
  58301.643   226.662    14.61   14.68
  58589.076   230.248    12.48   13.14
  58876.496   233.400    10.97   11.10
  59163.902   235.008     5.59   10.08
  59451.294   235.531     1.82    9.24
  59738.672   234.507    -3.56    8.85
  60026.037   234.344    -0.57    8.24
  60313.388   232.537    -6.29    9.05
  60600.726   229.847    -9.36   10.90
  60888.049   224.716   -17.86   13.70
  61175.359   219.313   -18.81   16.03
  61462.656   212.561   -23.50   17.75
  61749.938   206.450   -21.27   17.58
  62037.207   199.252   -25.06   15.03
  62324.462   193.962   -18.41   12.14
  62611.704   189.133   -16.81    8.39
  62898.932   186.769    -8.23    6.97
  63186.146   183.773   -10.43    6.31
  63473.346   181.478    -7.99    6.87
  63760.533   177.854   -12.62    8.18
  64047.706   174.224   -12.64    8.51
  64334.866   171.008   -11.20    7.48
  64622.012   169.597    -4.91    6.94
  64909.144   168.884    -2.48    7.59
  65196.262   169.311     1.49    8.78
  65483.367   169.808     1.73    9.73
  65770.458   170.956     4.00   10.12
  66057.535   170.969     0.05   10.21
  66344.599   170.564    -1.41    9.83
  66631.649   169.295    -4.42    8.59
  66918.686   168.414    -3.07    6.90
  67205.709   168.515     0.35    6.11
  67492.718   170.008     5.20    6.34
  67779.713   171.687     5.85    5.24
  68066.695   173.142     5.07    5.26
  68353.663   172.969    -0.60    5.35
  68640.618   172.602    -1.28    5.90
  68927.559   171.147    -5.07    6.65
  69214.486   169.619    -5.32    6.36
  69501.400   168.426    -4.16    6.39
  69788.300   168.582     0.54    7.32
  70075.187   168.733     0.53    7.51
  70362.059   169.714     3.42    8.34
  70648.919   169.860     0.51    7.97
  70935.764   170.669     2.82    7.78
  71222.596   171.267     2.08    7.34
  71509.414   173.165     6.62    8.26
  71796.219   176.129    10.33    9.78
  72083.010   180.716    16.00   11.50
  72369.788   185.463    16.55   12.38
  72656.552   190.795    18.60   12.75
  72943.302   195.201    15.37   12.47
  73230.039   199.800    16.04   10.93
  73516.762   202.346     8.88    9.96
  73803.471   204.191     6.43    8.64
  74090.167   204.418     0.79    8.32
  74376.850   203.481    -3.27    8.18
  74663.518   201.074    -8.40    8.45
  74950.174   198.667    -8.40    8.57
  75236.815   196.333    -8.14    8.79
  75523.443   194.388    -6.79    9.16
  75810.058   193.105    -4.47    8.77
  76096.658   192.411    -2.42    8.02
  76383.246   191.231    -4.12    7.36
  76669.819   190.092    -3.98    7.10
  76956.379   188.379    -5.98    7.36
  77242.926   185.977    -8.38    8.52
  77529.459   182.786   -11.14    8.80
  77815.978   180.350    -8.50    8.19
  78102.484   177.654    -9.41    6.59
  78388.977   176.556    -3.83    4.88
