# NaN NaN NaN ;Mean Elev.(m), Avg Gradient(m/km), RMS Gradient(m/km) - SRTM1     
#  -18.819  -2.122   7.732 ;Mean Elev.(m), Avg Gradient(m/km), RMS Gradient(m/km) - ASTER GDEM
#    5.097  -1.645   6.344 ;Mean Elev.(m), Avg Gradient(m/km), RMS Gradient(m/km) - GMTED2010 
   2  87.946937  65.281449     8.959     8.904  6 54672.29094658 47.881
   3  87.945327  65.282584   -18.612   -18.715  5 54682.20659003  7.812
   4  87.948189  65.283096    23.843    23.966  6 54692.12223272 28.813
   5  87.948207  65.283088   -15.710   -15.706  6 54702.03787279  8.528
   6  87.945150  65.281795    23.301    23.468  6 54711.95352056 27.133
   7  87.945262  65.279870    -4.181    -4.179  6 54721.86917174 25.264
   8  87.942048  65.278826    23.303    23.697  6 54731.78481999 26.035
   9  87.942397  65.278832    11.561     7.406  7 54741.70046686 36.034
  10  87.943305  65.279175    11.370    12.948  7 54751.61611363 36.448
  11  87.942221  65.279357    19.552    19.004  6 54761.53176001 28.066
  12  87.942692  65.278475     7.449     7.527  7 54771.44740418 47.316
  13  87.940722  65.277958     8.793     8.637  6 54781.36304502 44.406
  14  87.941928  65.277683     8.167     8.149  7 54791.27868359 37.778
  15  87.942394  65.278774     9.066     9.005  7 54801.19432094 35.267
  16  87.941273  65.280275    10.264     9.088  6 54811.10995816 23.401
  17  87.946179  65.280740    16.577    16.262  6 54821.02559913 15.663
  18  87.942114  65.280937    18.571    18.623  6 54830.94125099 14.658
  19  87.945579  65.280411    18.126    19.288  6 54840.85689008 15.226
  20  87.946798  65.280832    19.628    18.958  6 54850.77253914 14.525
  21  87.944504  65.282227    20.303    21.115  6 54860.68818739 14.480
  22  87.943239  65.282994    18.394    18.483  6 54870.60383584 14.319
  23  87.944525  65.281816    21.287    21.916  6 54880.51948327 14.061
  24  87.942723  65.279775    20.984    20.879  6 54890.43512726 13.111
  25  87.942463  65.277704    22.235    23.148  7 54900.35076837 13.483
  26  87.942951  65.277576    21.623    23.614  6 54910.26640743 13.175
  27  87.941434  65.279201    24.047    24.086  6 54920.18204502 13.275
  28  87.946300  65.279896    23.188    23.714  6 54930.09768282 11.991
  29  87.945805  65.279606    24.329    24.457  6 54940.01331910  8.484
  30  87.940695  65.278918    10.181    10.122  6 54949.92895334 26.086
  31  87.942182  65.277744    12.834    12.870  7 54959.84459248 26.003
  32  87.941894  65.278209    16.136    16.125  6 54969.76024103 29.910
  33  87.944691  65.279366    23.757    23.758  6 54979.67588861 35.527
  34  87.942012  65.280860   120.684   120.740  6 54989.59153548 11.795
  35  87.942062  65.280840    18.990    17.481  6 54999.50718268 30.685
  36  87.945125  65.280233    22.200    22.776  6 55009.42282840 22.400
  37  87.945466  65.280182    10.653    10.672  6 55019.33847215 48.068
  38  87.944004  65.281396     8.678     8.644  6 55029.25411438 45.708
  39  87.942570  65.282888     9.889     8.073  6 55039.16975604 53.231
  40  87.945100  65.283414    21.690    22.547  6 55049.08539685 26.767
  41  87.942779  65.282664    21.936    22.556  6 55059.00103522 27.530
  42  87.945160  65.279977    16.124    18.755  6 55068.91667495 23.694
  43  87.941670  65.277916    21.897    21.962  7 55078.83232456 24.234
  44  87.943366  65.277296    13.788    11.087  6 55088.74797238 26.895
  45  87.940946  65.278934    21.922    22.161  6 55098.66361825 26.422
  46  87.942752  65.280224    23.009    23.259  6 55108.57926401 22.788
  47  87.944532  65.279711    22.845    23.093  6 55118.49490880 24.584
  48  87.941838  65.278042     7.336     7.293  6 55128.41055089 36.613
  49  87.943100  65.276177     8.085     8.110  7 55138.32619125 46.400
  50  87.941563  65.276825     8.567     8.538  7 55148.24182969 37.751
  51  87.944096  65.279036     8.828     8.813  6 55158.15746792 27.261
  52  87.946378  65.281073    11.938    12.254  6 55168.07310593 23.428
  53  87.943620  65.282180    15.476    16.554  6 55177.98874286 20.250
  54  87.942829  65.281265    14.729    14.274  6 55187.90438748 19.877
  55  87.944105  65.280345    13.478    13.285  6 55197.82003846 19.310
  56  87.941602  65.281241    15.479    14.531  6 55207.73568795 18.453
  57  87.946055  65.282157    18.126    18.492  6 55217.65133749 14.795
  58  87.943611  65.282719    18.907    18.508  6 55227.56698572 13.768
  59  87.941222  65.281424    17.892    18.724  6 55237.48263123 14.141
  60  87.942673  65.278511    17.665    18.359  7 55247.39827370 14.330
  61  87.940573  65.276731    17.327    17.243  6 55257.31391331 14.217
  62  87.942588  65.276798    16.933    17.489  6 55267.22955231 13.105
  63  87.942494  65.278909    17.609    18.510  6 55277.14519049 13.338
  64  87.943711  65.280417    23.161    23.537  6 55287.06082769 12.812
  65  87.941314  65.280647    20.521    20.607  6 55296.97646235 12.954
  66  87.942640  65.278495    21.671    23.291  7 55306.89210371  7.883
  67  87.941320  65.276875    11.411    10.536  6 55316.80775037 16.821
  68  87.941667  65.277187    11.206    11.211  6 55326.72339580 30.480
  69  87.942966  65.279196    20.363    20.209  7 55336.63904020 36.647
  70  87.946136  65.280909    20.523    19.764  6 55346.55468431 41.589
  71  87.944532  65.281685    23.296    23.530  6 55356.47032667 31.017
  72  87.946338  65.281039    23.896    23.908  6 55366.38596743 29.950
  73  87.941020  65.281194    23.249    23.443  6 55376.30160602 24.761
  74  87.946559  65.281145    23.322    23.705  6 55386.21724471 22.341
  75  87.944526  65.282451    10.459     8.900  6 55396.13288174 38.279
  76  87.943832  65.283058    11.672    12.603  6 55406.04852289 32.993
  77  87.945837  65.281362    22.872    22.975  6 55415.96417452 23.370
  78  87.943196  65.279004    22.968    22.816  7 55425.87982246 27.184
  79  87.943444  65.276957    24.064    24.011  6 55435.79546794 25.413
  80  87.942636  65.276973    23.661    24.003  6 55445.71111184 23.106
  81  87.941864  65.278557    17.550    15.962  6 55455.62675488 30.985
  82  87.945559  65.279777    16.958    14.555  6 55465.54239762 30.680
  83  87.942225  65.280201    22.085    22.289  6 55475.45803682 28.016
  84  87.941801  65.278773    22.715    22.732  6 55485.37367329 27.559
  85  87.943187  65.277161    17.075    18.709  6 55495.28930785 29.839
  86  87.944127  65.277762     7.220     7.165  6 55505.20494171 41.176
  87  87.941567  65.279850     7.323     7.389  6 55515.12059191 41.128
  88  87.944182  65.281509     8.522     8.540  6 55525.03624173 35.664
  89  87.944304  65.282059     8.067     8.063  6 55534.95188945 29.508
  90  87.946211  65.281147     7.777     7.803  6 55544.86753541 27.202
  91  87.941782  65.281054     8.135     8.121  6 55554.78317884 24.910
  92  87.942210  65.281287     9.095     9.036  6 55564.69882169 24.323
  93  87.943111  65.281773    14.591    14.379  6 55574.61446396 19.818
  94  87.944192  65.281324    15.059    16.251  6 55584.53010475 17.564
  95  87.942800  65.280248    17.488    17.490  6 55594.44574197 16.426
  96  87.944787  65.278619    17.050    17.099  6 55604.36137624 16.540
  97  87.942586  65.278386    17.576    17.282  7 55614.27700799 16.077
  98  87.943468  65.278848    16.591    16.624  6 55624.19264654 14.536
  99  87.943077  65.279520    17.687    17.985  7 55634.10829912 14.279
 100  87.944985  65.279558    18.434    18.371  6 55644.02394972 14.017
 101  87.941012  65.279568    19.791    21.894  6 55653.93959694 12.704
 102  87.941404  65.278442    24.074    24.065  6 55663.85524014 12.108
 103  87.944296  65.277591    19.099    18.673  6 55673.77088056 35.694
 104  87.944319  65.278233    20.136    20.417  6 55683.68651906 38.849
 105  87.945918  65.279813    23.425    23.630  6 55693.60215632 30.544
 106  87.942725  65.282001    22.776    22.825  6 55703.51779164 32.082
 107  87.945051  65.282330    23.121    23.293  6 55713.43343670 25.955
 108  87.946596  65.281736    22.852    23.017  6 55723.34908609 21.260
 109  87.946494  65.281403    22.532    22.603  6 55733.26473336 23.137
 110  87.945886  65.281438     8.095     8.058  6 55743.18037933 53.348
 111  87.945933  65.281250     8.459     8.565  6 55753.09602401 37.147
 112  87.944243  65.280585    22.802    22.766  6 55763.01166628 23.493
 113  87.942795  65.279460    14.258    14.454  6 55772.92730578 31.082
 114  87.941523  65.278376    22.832    23.053  6 55782.84294182 22.995
 115  87.942562  65.278510    22.839    22.631  7 55792.75857541 29.101
 116  87.943571  65.279574    14.410    14.512  6 55802.67420987 29.233
 117  87.944134  65.280096    22.888    23.040  6 55812.58985977 23.974
 118  87.946088  65.279616    23.378    23.201  6 55822.50550815 22.334
 119  87.941428  65.279314    23.005    23.295  6 55832.42115113 24.738
 120  87.942629  65.278510    22.852    22.733  7 55842.33679026 27.521
 121  87.943137  65.278804    22.549    23.101  7 55852.25242623 24.105
 122  87.944264  65.280309    14.946    13.725  6 55862.16806041 32.594
 123  87.946983  65.280924     7.781     7.735  6 55872.08371516 44.450
 124  87.942739  65.281955     8.979     8.968  6 55881.99936443 35.550
 125  87.944387  65.281761    13.170    11.731  6 55891.91500776 25.546
 126  87.942898  65.282029    16.605    16.899  6 55901.83064503 22.767
 127  87.947569  65.282102    18.675    18.548  6 55911.74627980 19.686
 128  87.942181  65.282673    18.462    18.911  6 55921.66193372 19.182
 129  87.942806  65.281891    18.540    18.726  6 55931.57758558 18.296
 130  87.941372  65.280246    18.430    18.769  6 55941.49323322 18.241
 131  87.941314  65.278151    17.167    17.038  6 55951.40887656 17.388
 132  87.943038  65.277197    17.476    17.427  6 55961.32451631 16.291
 133  87.942208  65.278271    17.819    17.557  6 55971.24015352 16.117
 134  87.945820  65.279724    18.153    18.062  6 55981.15578995 16.198
 135  87.941272  65.281076    17.894    17.828  6 55991.07142444 16.401
 136  87.945169  65.279769    19.887    20.209  6 56000.98707054 16.644
 137  87.942952  65.278277    17.410    17.580  6 56010.90272082 16.459
 138  87.941530  65.277864    24.142    24.203  6 56020.81836721 11.294
 139  87.942129  65.278705    13.657    12.688  6 56030.73401072 12.475
 140  87.945270  65.280275    23.771    23.785  6 56040.64965240 11.401
 141  87.941768  65.282062     8.958     9.002  6 56050.56529127 23.046
 142  87.946086  65.282160    23.952    23.953  6 56060.48092826 36.329
 143  87.945957  65.281768    23.795    23.871  6 56070.39656503 34.113
 144  87.945168  65.281205    19.847    20.176  6 56080.31221582 40.996
 145  87.945925  65.281306    22.795    22.964  6 56090.22786405 24.090
 146  87.944321  65.282242    15.575    13.781  6 56100.14350958 26.960
 147  87.946965  65.281578    17.745    18.834  6 56110.05914151 23.302
 148  87.941107  65.280498     9.094     6.893  6 56119.97478117 44.484
 149  87.943797  65.278148     6.754     6.736  6 56129.89041800 53.910
 150  87.941212  65.277760     6.756     6.732  6 56139.80605109 48.918
 151  87.942606  65.278575    17.566    18.626  7 56149.72170137 29.616
 152  87.942715  65.280448    20.232    19.716  6 56159.63735029 26.960
 153  87.944646  65.280957    20.131    19.400  6 56169.55299806 23.544
 154  87.945389  65.279610    21.816    22.180  6 56179.46864235 22.913
 155  87.942426  65.278191     8.328     6.570  7 56189.38428212 44.324
 156  87.941802  65.277803    21.686    21.603  7 56199.29991894 26.576
 157  87.942155  65.279673     5.876     5.841  6 56209.21555311 50.641
 158  87.946992  65.281958     5.703     5.746  6 56219.13118592 51.014
 159  87.943362  65.283778     7.449     7.466  6 56229.04683284 38.527
 160  87.942992  65.283055    10.730     7.248  6 56238.96248663 35.150
 161  87.946365  65.281287    12.713    13.207  6 56248.87813693 33.050
 162  87.945713  65.280503    14.153    14.488  6 56258.79378190 30.380
 163  87.944919  65.281231    17.705    18.007  6 56268.70942380 20.859
 164  87.943298  65.282190    18.393    18.430  6 56278.62506387 19.628
 165  87.946432  65.281583    18.590    18.640  6 56288.54071374 17.409
 166  87.941115  65.280116    17.834    17.933  6 56298.45636206 17.914
 167  87.942887  65.277498    17.381    17.534  6 56308.37200716 17.168
 168  87.941844  65.276584    16.353    17.386  7 56318.28764939 16.464
 169  87.941859  65.278082    15.907    15.479  7 56328.20329040 16.127
 170  87.942879  65.280329    16.679    16.427  6 56338.11893051 16.224
 171  87.942029  65.281764    16.631    16.646  6 56348.03456862 14.575
 172  87.943947  65.280700    17.250    17.115  6 56357.95020435 14.595
 173  87.944579  65.278299    18.490    19.065  6 56367.86585420 15.026
 175  87.943409  65.279083    15.366    14.847  7 56387.69714777 14.799
 176  87.945224  65.281581    20.662    21.008  6 56397.61279118 14.467
 177  87.943450  65.283474    10.889    11.608  6 56407.52843198 28.947
 178  87.945533  65.283100    20.869    23.650  5 56417.44406934 35.047
 179  87.944847  65.282046    19.897    19.901  6 56427.35970180 53.403
 180  87.943405  65.280807    22.198    22.471  6 56437.27535421 31.707
 181  87.941337  65.280924    19.622    20.320  6 56447.19100556 34.217
 182  87.947128  65.281024    22.140    22.671  6 56457.10665539 21.460
 183  87.946437  65.280871    22.667    22.908  6 56467.02230144 23.452
 184  87.945916  65.279482    12.300    12.867  6 56476.93794355 25.190
 185  87.943880  65.277807     7.975     7.995  6 56486.85358185 34.387
 186  87.942360  65.277487     7.764     7.791  7 56496.76921742 50.936
 187  87.944708  65.278655     6.412     6.382  6 56506.68485186 33.673
 188  87.942857  65.281294    20.045    19.118  6 56516.60048656 24.226
 189  87.943269  65.281811    20.059    19.424  6 56526.51614100 26.655
 190  87.944052  65.280762    20.830    21.358  6 56536.43179141 24.177
 192  87.943997  65.278428     7.871     7.818  6 56556.26308184 43.200
 193  87.944261  65.279765    19.105    19.034  6 56566.17872451 25.734
 194  87.944774  65.282139    19.019    19.162  6 56576.09436581 27.449
 195  87.948379  65.283417     6.526     6.620  6 56586.01000420 33.845
 196  87.948193  65.283354     6.559     6.554  6 56595.92564238 41.554
 197  87.942075  65.282258     9.270     9.265  6 56605.84129425 40.146
 198  87.945405  65.280553     9.402     9.417  6 56615.75694214 26.777
 199  87.942557  65.280792    13.172    14.131  6 56625.67258573 18.427
 200  87.943536  65.281105    13.587    12.744  6 56635.58822689 17.863
 201  87.942261  65.281433    17.301    18.855  6 56645.50386563 17.506
 202  87.941528  65.280133    19.148    19.126  6 56655.41951813 15.809
 203  87.942955  65.278261    18.659    18.717  6 56665.33516658 15.887
 204  87.943268  65.277592    18.261    18.727  7 56675.25081223 14.929
 205  87.942986  65.278517    21.374    22.180  6 56685.16645670 15.610
 206  87.946201  65.279727    18.861    18.940  6 56695.08209947 13.883
 207  87.945553  65.280896    18.456    18.606  6 56704.99773741 14.273
 208  87.942104  65.281186    18.595    18.444  6 56714.91336969 13.754
 209  87.943757  65.279638   122.421   122.508  6 56724.82902180  3.738
 210  87.940943  65.279584    20.259    20.467  6 56734.74467150 13.568
 211  87.944815  65.280489    24.266    24.338  6 56744.66031837 13.314
 212  87.946319  65.282149    24.460    24.505  6 56754.57596070  5.571
 213  87.947403  65.283101     8.285     8.262  6 56764.49159750 33.511
 214  87.947565  65.282715    10.876     9.602  6 56774.40723383 22.368
 215  87.946278  65.281337    23.558    23.474  6 56784.32289084 26.528
 216  87.944461  65.280540    21.889    22.341  6 56794.23854414 33.587
 217  87.944287  65.280212    18.875    18.878  6 56804.15419419 55.562
 218  87.944602  65.280084    23.756    23.817  6 56814.06983695 30.509
 219  87.945620  65.279414    16.678    16.677  6 56823.98547631 39.739
 220  87.942565  65.279139   121.018   120.971  7 56833.90111125  5.512
 221  87.945493  65.278768    10.735    10.718  6 56843.81674329 52.800
 222  87.944098  65.279339    22.795    22.871  6 56853.73238593 23.692
 223  87.945218  65.279599    22.882    23.024  6 56863.64803986 21.487
 224  87.942137  65.280239    21.083    21.483  6 56873.56369278 28.130
 225  87.942770  65.280022     8.019     7.997  6 56883.47934292 50.127
 226  87.940993  65.279910    22.660    22.568  6 56893.39498949 28.922
 227  87.945076  65.279308    23.979    24.017  6 56903.31063345 28.552
 228  87.946473  65.279947    23.981    24.031  6 56913.22627516 28.607
 229  87.941916  65.281752    23.493    23.465  6 56923.14191461 29.617
 230  87.945085  65.282657     8.116     8.153  5 56933.05755240 43.423
 231  87.947208  65.282885    22.568    22.657  6 56942.97318487 27.177
 232  87.945767  65.282227     7.137     7.104  6 56952.88882994 50.497
 233  87.944155  65.281239     8.389     8.432  5 56962.80448045 40.416
 234  87.943762  65.280990    22.462    22.514  6 56972.72012615 18.388
 235  87.944125  65.281235    23.737    23.766  6 56982.63576763 16.313
 236  87.943641  65.281264    17.724    17.552  6 56992.55140443 13.905
 237  87.943269  65.280475    17.227    17.276  6 57002.46703902 14.459
 238  87.943516  65.278728    23.231    23.269  6 57012.38269614 13.707
 239  87.942157  65.278249    23.676    23.569  7 57022.29834743 13.328
 240  87.942949  65.279196    23.703    23.753  7 57032.21399613 13.180
 241  87.943563  65.280348    23.072    23.683  7 57042.12964274 13.245
 242  87.944462  65.280736    21.719    21.269  6 57052.04528726 11.324
 243  87.945266  65.280078    20.705    19.739  6 57061.96092753 11.693
 244  87.944189  65.279867    19.952    19.563  6 57071.87656222 17.927
 245  87.942482  65.280935    19.616    19.708  6 57081.79219260 10.952
 246  87.944498  65.282289    23.043    23.629  6 57091.70783715 10.410
 247  87.944358  65.283486    23.798    23.802  6 57101.62349442 10.676
 248  87.947205  65.283198    23.690    23.875  6 57111.53914867 10.955
 249  87.945167  65.282171    24.340    24.349  6 57121.45479671 11.957
 250  87.943583  65.280807    11.726     8.820  6 57131.37043918 11.092
 251  87.941827  65.280781     9.317     9.325  6 57141.28607651 31.630
 252  87.944790  65.281538    13.221    13.225  6 57151.20171099 30.679
 253  87.945247  65.282580    22.850    23.256  6 57161.11734195 36.538
 254  87.944144  65.281639    21.567    21.563  6 57171.03299732 56.104
 255  87.943966  65.279507    19.691    19.690  6 57180.94865243 48.855
 256  87.941772  65.277971    21.017    23.020  6 57190.86430338 28.376
 257  87.943080  65.277922    15.806    14.778  6 57200.77995131 27.869
 258  87.941183  65.279744     8.660     8.582  6 57210.69558512 44.673
 259  87.946889  65.280729     7.901     7.797  6 57220.61122944 41.093
 260  87.944629  65.281187    23.468    23.732  6 57230.52687188 28.161
 261  87.944920  65.280491    23.510    23.833  6 57240.44251226 29.111
 262  87.944483  65.279909    22.867    23.090  6 57250.35814981 23.242
 263  87.942289  65.281072    11.115     8.372  6 57260.27378498 45.000
 264  87.946696  65.282652     8.690     8.683  6 57270.18941947 47.933
 265  87.944678  65.284349    22.791    23.492  6 57280.10507257 31.257
 266  87.947918  65.283747    23.738    23.881  6 57290.02072843 29.893
 267  87.946347  65.282121     7.557     7.551  6 57299.93638097 39.340
 268  87.943495  65.280166     8.126     8.128  6 57309.85202974 49.159
 269  87.945456  65.279008     7.280     7.243  6 57319.76767542 49.019
 270  87.943879  65.279928     7.546     7.536  6 57329.68331777 43.921
 271  87.944211  65.281435     8.924     8.932  6 57339.59895806 45.426
 272  87.946246  65.280864     7.352     7.374  6 57349.51460778 42.442
 273  87.943149  65.279305     7.694     7.659  7 57359.43025313 32.953
 274  87.942180  65.277347    10.469     8.743  6 57369.34589553 26.634
 275  87.942198  65.277389     8.910     8.908  6 57379.26153540 26.006
 276  87.943406  65.279615     8.537     8.552  6 57389.17717392 25.430
 277  87.944200  65.282078     8.228     8.159  6 57399.09281150 20.739
 278  87.947703  65.282475    18.104    18.661  6 57409.00844923 16.440
 279  87.942611  65.281359    18.414    18.429  6 57418.92410176 16.433
 280  87.941402  65.280074    19.674    19.743  6 57428.83975204 16.066
 281  87.944490  65.280155    18.242    18.247  6 57438.75540020 15.177
 282  87.944777  65.282180    23.809    23.848  5 57448.67104673 15.563
 283  87.947203  65.283590    23.421    23.908  6 57458.58669224 15.764
 284  87.947963  65.283492    24.271    24.232  6 57468.50233475 10.156
 285  87.943562  65.282281    23.907    23.941  6 57478.41797284 11.650
 286  87.940778  65.280780    23.883    23.836  6 57488.33360800  8.993
 287  87.941793  65.280317    21.370    22.315  6 57498.24924143  8.937
 288  87.942762  65.281402     9.311     9.315  6 57508.16488218 25.155
 289  87.942095  65.282004    11.208    11.406  6 57518.08053825 22.439
 290  87.944130  65.281457    13.485    13.499  6 57527.99619174 31.813
 291  87.943064  65.279701    16.628    16.056  7 57537.91184217 43.148
 292  87.943031  65.277891    17.911    17.897  7 57547.82749004 48.730
 293  87.942273  65.277616    16.134    15.382  7 57557.74313628 28.542
 294  87.945368  65.278976     8.824     8.839  6 57567.65878172 33.121
 295  87.941515  65.281423    18.391    18.424  6 57577.57442578 26.870
 296  87.945274  65.281914     7.093     7.156  6 57587.49006935 40.540
 297  87.941954  65.281707    19.155    19.098  6 57597.40570987 25.742
