-126810.366    69.368     0.00    2.55
-126523.862    71.032     5.81    4.39
-126237.370    73.552     8.80    6.95
-125950.891    76.485    10.24    8.49
-125664.425    80.235    13.09    9.51
-125377.973    84.089    13.45    9.16
-125091.533    86.959    10.02    7.93
-124805.106    89.088     7.43    6.55
-124518.692    89.105     0.06    6.54
-124232.290    88.081    -3.58    7.18
-123945.902    85.740    -8.17    8.29
-123659.527    82.458   -11.46    9.29
-123373.164    77.988   -15.61   10.67
-123086.815    73.758   -14.77   10.21
-122800.478    70.695   -10.70    9.00
-122514.155    69.142    -5.42    7.67
-122227.844    68.488    -2.28    6.79
-121941.546    68.935     1.56    6.16
-121655.261    70.396     5.10    5.86
-121368.989    71.299     3.16    4.98
-121082.730    70.742    -1.95    4.88
-120796.483    70.943     0.70    5.27
-120510.250    72.264     4.62    6.36
-120224.029    74.041     6.21    6.91
-119937.822    75.898     6.49    7.55
-119651.627    78.010     7.38    7.38
-119365.445    80.496     8.69    6.07
-119079.276    81.876     4.82    4.66
-118793.120    82.596     2.52    4.39
-118506.977    83.329     2.56    4.98
-118220.846    85.027     5.94    6.06
-117934.729    87.406     8.31    9.31
-117648.624    92.250    16.93   14.75
-117362.532    96.597    15.20   15.68
-117076.453   102.627    21.08   16.79
-116790.387   108.658    21.08   15.71
-116504.334   113.851    18.16   13.91
-116218.294   117.988    14.46   10.99
-115932.266   119.450     5.11    8.95
-115646.252   118.339    -3.89    9.27
-115360.250   115.135   -11.20   12.83
-115074.261   109.229   -20.65   15.25
-114788.285   103.042   -21.63   15.71
-114502.322    95.929   -24.88   13.22
-114216.371    89.905   -21.07    9.80
-113930.434    84.868   -17.61    6.82
-113644.509    81.314   -12.43    5.74
-113358.597    79.199    -7.40    5.19
-113072.698    78.027    -4.10    4.83
-112786.812    76.655    -4.80    4.14
-112500.939    75.358    -4.54    3.35
-112215.078    75.136    -0.77    3.31
-111929.230    76.319     4.14    4.51
-111643.396    77.503     4.14    4.95
-111357.573    78.799     4.53    5.09
-111071.764    80.312     5.29    5.52
-110785.968    82.289     6.92    4.98
-110500.184    84.010     6.03    3.97
-110214.413    85.221     4.24    3.40
-109928.655    85.727     1.77    3.39
-109642.910    85.604    -0.43    3.51
-109357.178    85.754     0.52    3.39
-109071.458    85.973     0.77    3.50
-108785.751    86.352     1.33    3.65
-108500.057    85.981    -1.30    3.50
-108214.376    86.011     0.10    3.38
-107928.708    86.670     2.31    3.58
-107643.052    87.170     1.75    3.86
-107357.409    87.545     1.31    3.89
-107071.779    87.165    -1.33    4.21
-106786.162    85.824    -4.70    4.77
-106500.558    84.190    -5.72    4.62
-106214.966    82.270    -6.72    4.42
-105929.387    80.804    -5.13    3.71
-105643.821    79.974    -2.91    3.50
-105358.268    79.784    -0.66    3.59
-105072.727    79.966     0.64    3.41
-104787.199    79.973     0.02    3.27
-104501.684    79.862    -0.39    3.51
-104216.182    79.586    -0.97    2.99
-103930.693    79.742     0.55    3.08
-103645.216    80.065     1.13    3.24
-103359.752    80.653     2.06    3.19
-103074.301    80.716     0.22    2.95
-102788.862    80.424    -1.02    3.08
-102503.437    80.072    -1.23    3.01
-102218.024    79.665    -1.43    2.86
-101932.623    79.105    -1.96    2.48
-101647.236    78.536    -1.99    2.27
-101361.861    77.519    -3.56    2.46
-101076.499    77.287    -0.81    2.38
-100791.150    77.729     1.55    2.65
-100505.814    78.610     3.09    3.39
-100220.490    79.427     2.86    3.56
 -99935.179    80.166     2.59    3.52
 -99649.881    81.089     3.24    3.22
 -99364.595    82.436     4.72    2.67
 -99079.322    83.296     3.02    2.19
 -98794.062    83.515     0.77    2.14
 -98508.815    83.496    -0.07    2.26
 -98223.580    83.364    -0.46    2.44
 -97938.358    83.231    -0.47    2.66
 -97653.149    83.206    -0.09    2.71
 -97367.953    83.390     0.64    2.73
 -97082.769    83.958     1.99    2.96
 -96796.710    84.432     1.66    2.69
 -96508.680    84.435     0.01    2.57
 -96220.665    85.332     3.11    3.83
 -95932.663    87.115     6.19    5.67
 -95644.675    89.019     6.61    6.73
 -95356.701    90.257     4.30    6.85
 -95068.741    91.051     2.76    6.66
 -94780.795    91.026    -0.09    6.56
 -94492.862    90.719    -1.06    6.99
 -94204.943    89.537    -4.11    6.67
 -93917.038    88.204    -4.63    5.84
 -93629.147    87.167    -3.60    5.11
 -93341.270    86.515    -2.27    4.74
 -93053.406    86.515    -0.00    4.97
 -92765.556    86.601     0.30    4.57
 -92477.720    86.871     0.94    4.62
 -92189.898    86.350    -1.81    3.96
 -91902.089    85.988    -1.26    3.70
 -91614.295    85.364    -2.17    3.54
 -91326.514    84.562    -2.79    4.13
 -91038.747    83.624    -3.26    4.15
 -90750.993    82.862    -2.65    3.68
 -90463.254    82.435    -1.49    3.39
 -90175.528    82.518     0.29    3.38
 -89887.816    82.573     0.19    3.26
 -89600.118    83.206     2.20    3.08
 -89312.433    83.265     0.21    2.59
 -89024.763    83.357     0.32    3.14
 -88737.106    83.065    -1.01    3.08
 -88449.462    83.003    -0.22    3.41
 -88161.833    82.809    -0.68    3.33
 -87874.217    82.710    -0.34    3.13
 -87586.615    82.610    -0.35    2.75
 -87299.027    82.944     1.16    2.62
 -87011.453    83.216     0.95    2.50
 -86723.892    83.439     0.78    2.49
 -86436.345    83.668     0.80    2.74
 -86148.812    84.704     3.60    4.03
 -85861.292    85.785     3.76    4.51
 -85573.786    86.927     3.97    4.81
 -85286.294    87.779     2.96    4.55
 -84998.816    88.614     2.90    4.14
 -84711.351    88.670     0.20    3.88
 -84423.901    88.337    -1.16    3.84
 -84136.463    87.766    -1.99    3.55
 -83849.040    87.396    -1.29    3.10
 -83561.630    87.275    -0.42    3.10
 -83274.234    87.376     0.35    3.07
 -82986.852    86.841    -1.86    3.32
 -82699.483    85.762    -3.76    2.97
 -82412.128    84.794    -3.37    3.09
 -82124.787    83.911    -3.08    3.32
 -81837.460    83.740    -0.59    3.88
 -81550.146    83.882     0.49    4.48
 -81262.846    83.718    -0.57    5.06
 -80975.559    83.373    -1.20    5.28
 -80688.287    82.809    -1.96    5.53
 -80401.028    81.765    -3.63    5.96
 -80113.782    79.496    -7.90    6.32
 -79826.551    76.376   -10.86    7.73
 -79539.333    72.473   -13.59    9.02
 -79252.128    69.426   -10.61    9.60
 -78964.938    66.151   -11.40    9.14
 -78677.761    62.435   -12.94    7.52
 -78390.597    58.534   -13.58    6.07
 -78103.448    57.136    -4.87    5.50
 -77816.312    58.140     3.50    7.50
 -77529.190    60.462     8.09    9.77
 -77242.081    63.776    11.54   11.25
 -76954.986    67.185    11.87   11.45
 -76667.905    71.648    15.54    9.32
 -76380.837    74.763    10.85    5.85
 -76093.783    76.111     4.70    3.38
 -75806.743    76.361     0.87    3.19
 -75519.716    76.835     1.65    3.41
 -75232.703    77.003     0.59    3.85
 -74945.703    77.286     0.99    4.22
 -74658.718    77.907     2.16    4.09
 -74371.745    78.581     2.35    3.98
 -74084.787    78.929     1.21    3.66
 -73797.842    78.865    -0.22    3.34
 -73510.911    79.299     1.52    3.40
 -73223.993    79.849     1.92    3.76
 -72937.089    80.593     2.59    4.29
 -72650.199    81.950     4.73    4.89
 -72363.322    83.695     6.08    4.46
 -72076.459    85.435     6.07    3.78
 -71789.609    86.627     4.16    3.28
 -71502.773    87.564     3.27    3.09
 -71215.951    87.988     1.48    2.98
 -70929.142    87.920    -0.24    2.90
 -70642.347    87.481    -1.53    2.98
 -70355.566    86.542    -3.27    3.13
 -70068.798    85.176    -4.76    3.65
 -69782.044    83.562    -5.63    4.34
 -69495.303    80.848    -9.47    5.45
 -69208.576    78.244    -9.08    5.88
 -68921.862    76.802    -5.03    5.39
 -68635.162    75.798    -3.50    5.20
 -68348.476    74.750    -3.66    4.86
 -68061.803    74.317    -1.51    4.94
 -67775.144    73.958    -1.25    5.10
 -67488.499    73.989     0.11    5.08
 -67201.867    72.809    -4.11    5.36
 -66915.248    71.344    -5.11    5.33
 -66628.643    69.470    -6.54    5.20
 -66342.052    68.294    -4.10    4.86
 -66055.474    66.185    -7.36    5.05
 -65768.910    64.402    -6.22    5.09
 -65482.359    62.223    -7.60    5.28
 -65195.822    60.101    -7.41    5.30
 -64909.299    57.934    -7.56    5.06
 -64622.789    55.809    -7.42    4.84
 -64336.293    53.658    -7.51    4.31
 -64049.810    51.682    -6.90    4.22
 -63763.340    49.773    -6.66    4.26
 -63476.885    47.748    -7.07    4.33
 -63190.442    45.710    -7.12    4.55
 -62904.014    43.507    -7.69    4.44
 -62617.599    41.834    -5.84    4.26
 -62331.197    40.026    -6.31    3.70
 -62044.809    38.706    -4.61    3.15
 -61758.435    37.578    -3.94    2.52
 -61472.074    36.706    -3.04    2.38
 -61185.726    36.026    -2.38    2.27
 -60899.392    35.428    -2.09    2.17
 -60613.072    35.252    -0.62    2.31
 -60326.765    35.079    -0.60    2.59
 -60040.472    34.966    -0.40    2.96
 -59754.192    34.935    -0.11    3.07
 -59467.925    35.116     0.63    3.32
 -59181.672    35.368     0.88    3.32
 -58895.433    35.548     0.63    3.42
 -58609.207    35.438    -0.38    3.53
 -58322.995    35.410    -0.10    3.89
 -58036.796    35.027    -1.34    4.10
 -57750.611    34.588    -1.53    4.26
 -57464.439    34.012    -2.01    4.29
 -57178.281    33.212    -2.79    4.05
 -56892.136    32.269    -3.30    3.62
 -56606.004    31.302    -3.38    2.91
 -56319.887    30.706    -2.08    2.49
 -56033.782    30.357    -1.22    2.21
 -55747.691    30.189    -0.59    1.82
 -55461.614    29.884    -1.07    1.69
 -55175.550    29.681    -0.71    1.59
 -54889.499    29.650    -0.11    1.62
 -54603.462    29.461    -0.66    1.62
 -54317.439    29.424    -0.13    1.54
 -54031.429    29.242    -0.64    1.56
 -53745.432    29.201    -0.15    1.48
 -53459.449    29.134    -0.23    1.37
 -53173.479    29.195     0.21    1.70
 -52887.523    29.199     0.02    2.06
 -52601.580    29.332     0.47    2.29
 -52315.651    29.344     0.04    2.57
 -52029.735    29.213    -0.46    2.71
 -51743.833    28.798    -1.45    2.95
 -51457.944    27.850    -3.31    3.07
 -51172.068    26.678    -4.10    2.05
 -50886.206    26.337    -1.19    1.68
 -50600.358    26.160    -0.62    1.49
 -50314.522    25.989    -0.60    1.68
 -50028.701    25.244    -2.61    2.39
 -49742.892    24.343    -3.15    2.95
 -49457.097    23.530    -2.85    3.37
 -49171.316    22.586    -3.30    3.56
 -48885.548    21.364    -4.27    3.25
 -48599.793    20.358    -3.52    2.80
 -48314.052    19.220    -3.98    1.86
 -48028.324    18.156    -3.72    2.22
 -47742.610    17.312    -2.96    2.61
 -47456.909    16.630    -2.39    2.65
 -47171.221    15.492    -3.98    2.94
 -46885.547    14.685    -2.82    2.78
 -46599.886    13.776    -3.18    2.34
 -46314.239    13.413    -1.27    2.12
 -46028.605    13.146    -0.93    2.02
 -45742.984    12.744    -1.41    2.10
 -45457.377    12.237    -1.78    2.12
 -45171.783    12.144    -0.33    2.02
 -44886.203    12.093    -0.18    2.23
 -44600.636    11.896    -0.69    2.37
 -44315.083    11.665    -0.81    2.58
 -44029.542    11.570    -0.33    2.68
 -43744.016    11.173    -1.39    2.65
 -43458.502    10.996    -0.62    2.47
 -43173.002    10.959    -0.13    2.46
 -42887.515    10.888    -0.25    2.70
 -42602.042    10.608    -0.98    2.93
 -42316.582    10.650     0.15    3.24
 -42031.135     9.597    -3.69    4.09
 -41745.702     7.981    -5.66    4.66
 -41460.282     6.317    -5.83    5.13
 -41174.876     4.569    -6.12    5.41
 -40889.483     2.935    -5.72    5.46
 -40604.103     1.312    -5.69    4.70
 -40318.737    -0.233    -5.41    3.01
 -40033.384    -0.742    -1.78    2.32
 -39748.044    -0.618     0.44    2.44
 -39462.717    -0.515     0.36    2.58
 -39177.404    -0.176     1.19    2.86
 -38892.105     0.064     0.84    2.93
 -38606.818    -0.177    -0.85    2.78
 -38321.545    -0.538    -1.27    2.69
 -38036.286    -0.633    -0.33    2.58
 -37751.039    -0.813    -0.63    2.26
 -37465.806    -1.027    -0.75    2.21
 -37180.587    -0.703     1.13    2.86
 -36895.380     0.170     3.06    3.64
 -36610.187     1.261     3.83    4.49
 -36325.008     2.752     5.23    5.31
 -36039.841     4.218     5.14    5.43
 -35754.688     5.934     6.02    5.03
 -35469.549     7.027     3.83    4.56
 -35184.422     7.335     1.08    4.15
 -34898.043     7.552     0.76    3.52
 -34609.953     7.676     0.43    2.96
 -34321.876     7.537    -0.48    3.00
 -34033.814     7.176    -1.25    3.09
 -33745.767     5.922    -4.35    3.76
 -33457.734     5.090    -2.89    3.78
 -33169.715     4.832    -0.90    3.73
 -32881.711     5.159     1.14    4.03
 -32593.721     6.034     3.04    4.84
 -32305.746     6.996     3.34    4.98
 -32017.785     7.579     2.02    4.88
 -31729.838     8.829     4.34    4.27
 -31441.906    10.153     4.60    3.86
 -31153.989    10.259     0.37    4.01
 -30866.085    10.186    -0.26    4.17
 -30578.196    10.238     0.18    4.16
 -30290.322    10.764     1.83    4.07
 -30002.462    11.349     2.03    3.68
 -29714.616    11.465     0.40    3.55
 -29426.785    11.018    -1.55    3.11
 -29138.968    10.996    -0.08    2.05
 -28851.166    10.973    -0.08    2.14
 -28563.378    10.973    -0.00    2.29
 -28275.604    10.504    -1.63    2.65
 -27987.845    10.103    -1.39    2.93
 -27700.100     9.473    -2.19    3.48
 -27412.369     8.808    -2.31    3.69
 -27124.653     7.586    -4.25    3.79
 -26836.951     6.394    -4.14    4.15
 -26549.264     5.065    -4.62    4.10
 -26261.591     4.216    -2.95    4.12
 -25973.932     3.632    -2.03    4.12
 -25686.288     3.612    -0.07    4.47
 -25398.658     3.158    -1.58    4.27
 -25111.042     2.650    -1.77    4.04
 -24823.441     1.673    -3.40    3.79
 -24535.854     1.071    -2.09    3.64
 -24248.282     0.622    -1.56    3.55
 -23960.724     0.164    -1.59    3.44
 -23673.180    -0.095    -0.90    3.38
 -23385.650    -0.227    -0.46    3.41
 -23098.135    -0.365    -0.48    3.26
 -22810.634    -0.839    -1.65    2.77
 -22523.148    -1.094    -0.88    2.46
 -22235.676    -1.293    -0.69    2.08
 -21948.218    -1.449    -0.54    2.10
 -21660.774    -1.808    -1.25    1.79
 -21373.345    -1.930    -0.42    1.79
 -21085.930    -2.174    -0.85    1.56
 -20798.530    -2.170     0.02    1.63
 -20511.144    -2.324    -0.54    1.52
 -20223.772    -1.876     1.56    2.03
 -19936.414    -0.859     3.54    3.40
 -19649.071     1.067     6.70    5.16
 -19361.742     3.064     6.95    5.90
 -19074.427     5.280     7.71    6.15
 -18787.127     7.670     8.32    5.74
 -18499.841     9.446     6.18    4.41
 -18212.569    10.928     5.16    3.00
 -17925.311    11.473     1.90    2.04
 -17638.068    10.727    -2.60    2.53
 -17350.839     9.756    -3.38    3.44
 -17063.625     8.905    -2.96    3.68
 -16776.424     8.469    -1.52    3.97
 -16489.238     8.447    -0.08    4.08
 -16202.066     8.458     0.04    3.98
 -15914.909     8.807     1.21    3.87
 -15627.766     9.778     3.38    3.59
 -15340.637    10.847     3.72    2.73
 -15053.522    11.034     0.65    2.42
 -14766.422    10.989    -0.16    2.12
 -14479.335     9.966    -3.56    3.53
 -14192.263     8.848    -3.89    4.33
 -13905.206     8.560    -1.00    4.75
 -13618.162     8.337    -0.77    5.02
 -13331.133     8.329    -0.03    5.03
 -13044.118     8.737     1.42    5.27
 -12757.118     8.891     0.54    5.30
 -12470.131     8.949     0.20    5.19
 -12183.159     9.289     1.18    4.36
 -11896.201     9.508     0.76    3.71
 -11609.257     9.242    -0.92    3.99
 -11322.328     8.658    -2.04    4.50
 -11035.412     8.760     0.36    4.69
 -10748.511     8.920     0.56    4.93
 -10461.625     9.020     0.35    5.15
 -10174.752     9.123     0.36    5.20
  -9887.894     9.325     0.70    4.83
  -9601.049     9.406     0.28    4.45
  -9314.219     9.684     0.97    4.11
  -9027.404     9.169    -1.80    4.29
  -8740.602     8.524    -2.25    4.44
  -8453.815     7.861    -2.31    4.32
  -8167.042     7.658    -0.71    4.08
  -7880.283     7.296    -1.26    4.07
  -7593.538     7.102    -0.68    4.14
  -7306.808     7.099    -0.01    4.00
  -7020.091     7.770     2.34    3.28
  -6733.389     8.123     1.23    2.73
  -6446.701     8.254     0.46    2.37
  -6160.027     7.989    -0.92    2.46
  -5873.368     7.252    -2.57    2.61
  -5586.722     6.301    -3.32    2.51
  -5300.091     6.078    -0.78    2.50
  -5013.474     5.981    -0.34    2.53
  -4726.871     5.481    -1.74    2.58
  -4440.283     5.430    -0.18    2.78
  -4153.708     5.612     0.64    2.93
  -3867.148     6.167     1.93    3.04
  -3580.601     6.822     2.29    2.99
  -3294.069     7.132     1.08    3.13
  -3007.551     7.642     1.78    3.38
  -2721.048     8.291     2.27    3.66
  -2434.558     8.823     1.86    3.81
  -2148.083     8.943     0.42    4.10
  -1861.621     8.547    -1.38    4.19
  -1575.174     8.086    -1.61    4.51
  -1288.741     6.426    -5.80    5.00
  -1002.322     4.406    -7.05    4.66
   -715.917     2.555    -6.47    3.40
   -429.527     1.284    -4.44    2.09
   -143.150     0.587    -2.43    1.49
    143.212     0.530    -0.20    2.18
    429.560     3.215     9.38    7.72
    715.894     7.294    14.24   11.38
   1002.214    12.447    18.00   12.95
   1288.520    16.896    15.54   12.49
   1574.812    21.049    14.51   10.15
   1861.090    24.426    11.80    6.24
   2147.353    25.593     4.08    4.55
   2433.603    26.012     1.47    3.93
   2719.838    26.361     1.22    3.22
   3006.059    27.092     2.55    3.08
   3292.266    28.161     3.74    3.22
   3578.459    29.123     3.36    2.80
   3864.638    29.332     0.73    3.03
   4150.803    29.089    -0.85    3.30
   4436.954    29.202     0.39    3.82
   4723.091    29.244     0.15    4.01
   5009.213    29.653     1.43    4.12
   5295.322    30.042     1.36    4.02
   5581.416    30.704     2.31    3.68
   5867.496    31.334     2.20    3.12
   6153.563    31.596     0.92    2.65
   6439.615    31.718     0.42    2.33
   6725.653    31.550    -0.59    2.61
   7011.677    31.049    -1.75    2.98
   7297.687    30.610    -1.53    3.52
   7583.683    29.477    -3.96    4.54
   7869.665    27.798    -5.87    6.01
   8155.633    24.966    -9.90    7.92
   8441.586    22.306    -9.30    8.65
   8727.526    19.086   -11.26    8.69
   9013.452    16.246    -9.93    8.22
   9299.364    12.458   -13.25    7.14
   9585.261    10.173    -7.99    5.07
   9871.145     9.042    -3.96    3.16
  10157.014     9.627     2.05    3.78
  10442.870    10.926     4.54    4.56
  10728.711    12.469     5.40    5.30
  11014.538    14.293     6.38    4.99
  11300.352    15.650     4.75    4.22
  11586.151    16.296     2.26    3.42
  11871.937    16.169    -0.44    3.09
  12157.708    15.770    -1.40    2.68
  12443.465    15.421    -1.22    2.21
  12729.208    15.097    -1.13    1.81
  13014.938    14.701    -1.39    1.82
  13300.653    14.312    -1.36    1.84
  13586.354    14.026    -1.00    1.95
  13872.042    13.721    -1.07    2.01
  14157.715    14.080     1.26    2.57
  14443.374    14.284     0.71    2.89
  14729.019    14.710     1.49    3.05
  15014.651    15.050     1.19    2.86
  15300.268    14.934    -0.40    2.87
  15585.871    14.966     0.11    2.84
  15871.460    15.123     0.55    2.88
  16157.036    15.610     1.71    3.17
  16442.597    16.207     2.09    3.40
  16728.144    16.782     2.01    3.55
  17013.678    17.461     2.38    3.65
  17299.197    18.312     2.98    3.34
  17584.703    19.223     3.19    2.84
  17870.194    19.815     2.08    2.83
  18155.671    20.762     3.32    2.52
  18441.135    21.550     2.76    2.36
  18726.585    21.821     0.95    2.43
  19012.020    21.481    -1.19    2.88
  19297.442    20.981    -1.75    3.27
  19582.849    20.800    -0.63    3.50
  19868.243    21.274     1.66    4.05
  20153.623    21.949     2.37    4.69
  20438.989    23.034     3.80    5.44
  20724.341    23.871     2.94    6.16
  21009.679    24.695     2.89    6.31
  21295.003    24.981     1.00    6.45
  21580.313    25.049     0.24    6.75
  21865.609    24.375    -2.36    6.85
  22150.891    24.466     0.32    6.73
  22436.160    25.145     2.38    7.00
  22721.414    25.913     2.69    7.10
  23006.654    25.450    -1.62    7.17
  23291.881    26.926     5.18    7.18
  23577.093    29.096     7.61    6.62
  23862.292    30.542     5.07    6.31
  24147.477    31.019     1.67    6.15
  24432.648    30.832    -0.65    6.05
  24717.805    31.597     2.68    5.36
  25002.948    33.115     5.32    3.57
  25288.077    33.231     0.41    3.56
  25573.192    32.686    -1.91    4.35
  25858.294    31.769    -3.22    5.03
  26143.381    30.864    -3.17    5.38
  26428.455    30.620    -0.85    5.58
  26713.514    30.508    -0.39    5.94
  27000.224    30.635     0.44    6.66
  27288.390    32.146     5.24    6.93
  27576.540    33.358     4.20    6.64
  27864.676    34.584     4.26    6.26
  28152.796    35.792     4.19    5.75
  28440.902    36.237     1.54    5.67
  28728.992    37.454     4.23    5.00
  29017.067    38.011     1.94    4.39
  29305.127    38.635     2.16    3.88
  29593.173    39.101     1.62    3.16
  29881.203    39.114     0.04    2.69
  30169.218    38.477    -2.21    3.49
  30457.218    37.842    -2.20    3.66
  30745.203    37.375    -1.62    3.40
  31033.173    37.261    -0.39    3.29
  31321.128    37.816     1.93    3.11
  31609.068    38.379     1.96    3.08
  31896.993    39.082     2.44    3.21
  32184.903    39.875     2.75    3.05
  32472.798    40.489     2.13    2.47
  32760.678    40.973     1.68    2.01
  33048.543    41.089     0.40    2.07
  33336.393    41.043    -0.16    2.41
  33624.228    41.146     0.36    2.84
  33912.049    41.592     1.55    3.10
  34199.854    42.405     2.83    3.35
  34487.644    43.666     4.38    3.99
  34775.419    45.361     5.89    4.64
  35063.179    47.508     7.46    5.47
  35350.924    50.399    10.05    7.09
  35638.654    54.267    13.44    8.62
  35926.369    57.414    10.94    9.08
  36214.070    59.026     5.60    8.39
  36501.755    59.825     2.78    7.57
  36789.425    59.625    -0.69    8.07
  37077.080    57.335    -7.96    9.64
  37364.721    54.196   -10.91   10.64
  37652.346    50.966   -11.23    9.90
  37939.957    48.099    -9.97    9.50
  38227.552    46.349    -6.08    8.86
  38515.133    44.043    -8.02    7.41
  38802.699    44.546     1.75    7.29
  39090.249    46.127     5.50    6.67
  39377.785    49.094    10.32    7.68
  39665.306    51.571     8.62    8.06
  39952.812    53.344     6.17    7.60
  40240.303    54.485     3.97    6.83
  40527.779    55.130     2.25    6.40
  40815.240    55.625     1.72    7.60
  41102.686    57.198     5.47    8.10
  41390.117    56.582    -2.14    8.30
  41677.534    55.942    -2.23    8.70
  41964.935    54.041    -6.61   10.38
  42252.322    51.559    -8.64   11.34
  42539.694    46.393   -17.98   12.84
  42827.050    43.204   -11.10   11.77
  43114.392    44.065     3.00   11.89
  43401.719    46.829     9.62   13.31
  43689.031    51.264    15.44   15.51
  43976.328    56.431    17.98   16.96
  44263.611    61.642    18.14   16.00
  44550.878    67.019    18.72   13.58
  44838.131    70.619    12.53   11.56
  45125.368    72.012     4.85   11.71
  45412.591    72.735     2.52   12.24
  45699.799    73.846     3.87   13.34
  45986.992    74.663     2.84   14.61
  46274.170    75.409     2.60   13.90
  46561.334    77.640     7.77   14.61
  46848.482    81.171    12.30   15.20
  47135.616    87.344    21.50   17.72
  47422.734    92.989    19.66   18.52
  47709.838   102.265    32.31   20.44
  47996.927   112.216    34.66   21.02
  48284.001   122.398    35.47   18.90
  48571.061   130.041    26.63   18.36
  48858.105   136.272    21.71   15.61
  49145.135   141.079    16.75   14.45
  49432.150   143.422     8.16   13.67
  49719.150   145.041     5.64   14.48
  50006.135   145.239     0.69   14.34
  50293.105   144.989    -0.87   14.13
  50580.061   145.079     0.32   12.76
  50867.001   145.808     2.54   11.43
  51153.927   145.648    -0.56   11.14
  51440.838   146.114     1.62   10.16
  51727.734   147.094     3.42   10.84
  52014.616   149.746     9.25   11.76
  52301.483   154.279    15.80   14.74
  52588.334   159.997    19.93   18.07
  52875.171   168.904    31.05   22.08
  53161.994   178.823    34.58   24.58
  53448.801   190.254    39.86   24.54
  53735.594   199.822    33.36   24.10
  54022.371   209.803    34.80   20.26
  54309.134   217.170    25.69   16.09
  54595.883   222.733    19.40   10.51
  54882.616   225.538     9.78    6.06
  55169.335   226.193     2.29    5.59
  55456.039   224.828    -4.76    6.82
  55742.728   223.049    -6.21    8.18
  56029.402   220.934    -7.38    9.05
  56316.062   218.161    -9.67    9.78
  56602.707   215.281   -10.05   10.95
  56889.337   211.172   -14.34   12.49
  57175.952   208.145   -10.56   12.97
  57462.553   203.538   -16.07   12.18
  57749.138   199.965   -12.47    9.23
  58035.709   197.065   -10.12    6.38
  58322.266   197.058    -0.03    7.74
  58608.807   198.910     6.46   11.43
  58895.334   200.309     4.88   13.76
  59181.846   199.262    -3.65   15.83
  59468.343   197.225    -7.11   17.39
  59754.826   193.418   -13.29   17.62
  60041.294   189.178   -14.80   17.39
  60327.747   185.083   -14.29   15.02
  60614.185   181.041   -14.11   11.17
  60900.609   179.294    -6.10    8.55
  61187.018   178.233    -3.70    7.42
  61473.412   178.011    -0.77    7.64
  61759.792   178.254     0.85    8.14
  62046.157   178.149    -0.37    8.56
  62332.507   177.301    -2.96    8.16
  62618.842   176.056    -4.35    7.50
  62905.163   173.823    -7.80    6.82
  63191.469   171.466    -8.23    7.48
  63477.760   168.981    -8.68    8.02
  63764.037   166.800    -7.62    7.80
  64050.298   165.837    -3.36    8.32
  64336.546   165.430    -1.42    9.72
  64622.778   166.125     2.43   12.04
  64908.996   168.508     8.33   14.32
  65195.199   172.229    13.00   15.86
  65481.388   176.575    15.18   16.59
  65767.561   182.552    20.89   17.40
  66053.721   187.275    16.50   16.30
  66339.865   192.575    18.52   14.24
  66625.995   195.592    10.54   13.09
  66912.110   197.997     8.41   10.93
  67198.210   198.367     1.30   10.03
  67484.296   197.430    -3.27    8.56
  67770.367   195.447    -6.94    8.26
  68056.424   193.950    -5.23    7.51
  68342.466   191.808    -7.49    7.26
  68628.493   190.348    -5.10    7.13
  68914.505   188.283    -7.22    7.35
  69200.503   186.679    -5.61    7.85
  69486.487   186.288    -1.37    8.04
  69772.455   186.276    -0.04    8.76
  70058.409   187.182     3.17    9.21
  70344.348   188.263     3.78    9.67
  70630.273   190.621     8.25    9.15
  70916.183   193.612    10.46    8.66
  71202.079   195.453     6.44    6.93
  71487.960   196.865     4.94    6.90
  71773.826   197.227     1.27    7.33
  72059.677   198.351     3.93    8.20
  72345.514   200.095     6.10    9.58
  72631.337   202.254     7.55    9.78
  72917.145   205.271    10.55    9.88
  73202.938   208.637    11.78    9.15
  73488.716   212.451    13.34    9.05
  73774.480   216.217    13.18    9.96
  74060.230   219.712    12.23   11.36
  74345.964   222.423     9.49   10.98
  74631.685   223.871     5.07   10.48
  74917.390   223.973     0.36   10.56
  75203.081   223.215    -2.65   10.72
  75488.758   221.912    -4.56   11.58
  75774.420   221.330    -2.04   10.75
  76060.067   221.761     1.51   11.37
  76345.700   226.233    15.65   14.68
  76631.318   232.836    23.12   16.90
  76916.921   240.981    28.52   18.26
  77202.510   249.075    28.34   17.95
  77488.085   255.349    21.97   16.53
  77773.645   262.043    23.44   12.90
  78059.190   265.140    10.84   10.89
  78344.721   266.601     5.12    9.89
  78630.237   264.314    -8.01   12.05
  78915.739   259.942   -15.31   14.90
  79201.226   253.981   -20.88   16.17
  79486.698   249.584   -15.40   15.92
  79772.156   247.330    -7.90   13.99
  80057.600   246.576    -2.64   12.74
  80343.029   247.489     3.20   10.86
  80628.443   248.049     1.96   10.44
  80913.843   250.051     7.01    8.56
  81199.228   251.507     5.10    6.38
  81484.599   252.322     2.86    6.27
  81769.955   253.689     4.79    7.42
  82055.297   255.264     5.52    7.81
  82340.625   256.871     5.63    7.85
  82625.937   258.210     4.69    7.91
  82911.236   258.593     1.34    8.70
  83196.519   256.912    -5.89   10.42
  83481.789   254.729    -7.65   11.32
  83767.043   251.943    -9.77   10.35
  84052.283   249.735    -7.74    9.95
  84337.509   247.759    -6.93    9.28
  84622.720   244.941    -9.88    8.48
  84907.917   241.120   -13.40    8.42
  85193.099   237.846   -11.48    8.45
  85478.267   234.198   -12.79    9.04
  85763.420   231.345   -10.00    8.93
  86048.559   229.092    -7.90    8.44
  86333.684   227.462    -5.72    7.94
  86618.793   225.573    -6.63    7.31
  86903.889   223.500    -7.27    7.66
  87188.970   220.489   -10.56    7.49
  87474.036   217.233   -11.42    8.06
  87759.088   213.154   -14.31    8.88
  88044.126   209.312   -13.48   10.10
  88329.149   204.138   -18.15   11.37
  88614.157   199.112   -17.64   12.69
  88901.268   193.826   -18.41   13.82
  89189.494   187.398   -22.30   14.37
  89477.704   181.256   -21.31   13.89
  89765.898   174.540   -23.30   12.72
  90054.076   168.921   -19.50   12.00
  90342.239   163.114   -20.15   10.59
  90630.387   158.319   -16.64    9.98
  90918.518   153.172   -17.87   11.60
  91206.634   146.933   -21.65   14.62
  91494.735   140.103   -23.71   17.24
  91782.820   134.763   -18.53   17.21
  92070.889   128.367   -22.20   15.71
  92358.942   121.783   -22.85   12.08
