-132203.203    44.140     0.00   12.76
-131916.947    43.223    -3.21   12.28
-131630.683    42.550    -2.35   11.93
-131344.413    41.386    -4.07   11.25
-131058.137    40.449    -3.27   10.22
-130771.853    38.623    -6.38    8.68
-130485.563    37.863    -2.65    7.93
-130199.267    36.680    -4.13    8.95
-129912.963    38.223     5.39   10.92
-129626.653    41.253    10.58   12.22
-129340.336    43.821     8.97   12.79
-129054.013    45.337     5.30   13.18
-128767.683    46.313     3.41   13.72
-128481.346    48.601     7.99   14.50
-128195.002    50.023     4.97   15.98
-127908.652    50.333     1.08   16.94
-127622.295    49.220    -3.89   17.94
-127335.931    47.898    -4.62   18.17
-127049.560    46.566    -4.65   17.54
-126763.183    46.074    -1.72   16.64
-126476.799    44.543    -5.35   15.33
-126190.409    44.601     0.20   15.63
-125904.012    46.030     4.99   18.15
-125617.608    45.470    -1.95   21.14
-125331.197    44.723    -2.61   21.83
-125044.780    44.416    -1.07   22.16
-124758.355    44.990     2.00   20.78
-124471.925    45.751     2.66   20.03
-124185.487    47.652     6.64   20.48
-123899.043    52.187    15.83   22.57
-123612.592    60.113    27.67   24.08
-123326.134    70.347    35.73   22.75
-123039.670    79.089    30.52   17.77
-122753.199    83.969    17.03   15.38
-122466.721    87.176    11.20   13.85
-122180.236    90.920    13.07   10.16
-121893.745    92.977     7.18    8.69
-121607.247    94.269     4.51    7.33
-121320.742    96.419     7.51    6.92
-121034.231    99.759    11.66    7.82
-120747.713   102.318     8.93    7.94
-120461.188   104.349     7.09    6.88
-120174.657   106.209     6.49    5.84
-119888.118   108.483     7.94    5.06
-119601.573   109.823     4.67    4.60
-119315.022   110.176     1.23    4.61
-119028.463   111.056     3.07    4.87
-118741.898   112.299     4.34    4.88
-118455.326   113.393     3.82    4.17
-118168.747   113.530     0.48    3.77
-117882.162   113.521    -0.03    3.75
-117595.570   112.737    -2.73    4.48
-117308.971   111.183    -5.42    5.36
-117022.366   109.302    -6.57    5.32
-116735.753   107.194    -7.35    4.72
-116449.135   105.723    -5.13    3.91
-116162.509   104.771    -3.32    3.14
-115875.876   104.400    -1.29    2.81
-115589.237   104.177    -0.78    2.72
-115302.591   103.992    -0.64    3.47
-115015.939   103.720    -0.95    4.01
-114729.279   103.786     0.23    4.14
-114442.613   103.241    -1.90    3.92
-114155.940   102.752    -1.71    3.78
-113869.261   102.023    -2.54    3.45
-113582.575   101.978    -0.16    3.83
-113295.882   102.264     1.00    4.24
-113009.182   102.148    -0.41    5.05
-112722.475   102.257     0.38    5.33
-112435.762   102.087    -0.59    5.62
-112149.042   101.780    -1.07    6.19
-111862.315   100.934    -2.95    5.57
-111575.582   100.979     0.16    5.56
-111288.842   101.477     1.74    5.89
-111002.095   102.925     5.05    6.52
-110715.341   103.483     1.95    6.65
-110428.581   101.037    -8.53    9.14
-110141.814    96.506   -15.80   13.04
-109855.040    91.325   -18.07   16.33
-109568.259    85.294   -21.03   16.37
-109281.472    81.025   -14.89   14.03
-108994.678    78.166    -9.97   11.54
-108707.877    78.021    -0.51   11.28
-108421.069    79.225     4.20   12.04
-108134.255    82.070     9.92   12.65
-107847.434    85.394    11.59   11.55
-107560.606    87.997     9.07    9.90
-107273.771    89.805     6.30    7.89
-106986.930    90.230     1.48    7.72
-106700.082    88.946    -4.48    8.97
-106413.227    85.666   -11.44   10.77
-106126.366    80.830   -16.86   13.25
-105839.497    75.695   -17.90   15.60
-105552.622    70.249   -18.98   16.26
-105265.740    66.134   -14.34   14.88
-104978.852    63.701    -8.48   13.62
-104691.956    60.130   -12.45   11.25
-104405.054    57.659    -8.61    9.93
-104118.145    56.163    -5.21    9.91
-103831.230    55.253    -3.17    9.60
-103544.307    53.839    -4.93    8.08
-103257.378    50.794   -10.61    7.54
-102970.442    46.841   -13.78    6.44
-102683.500    43.836   -10.47    6.87
-102396.550    40.862   -10.37    7.70
-102109.594    37.815   -10.62    7.25
-101822.631    35.969    -6.43    6.47
-101535.662    34.709    -4.39    5.40
-101248.685    32.366    -8.16    6.38
-100961.702    29.631    -9.53    8.57
-100674.712    27.707    -6.70    9.41
-100387.715    26.543    -4.06    9.51
-100100.712    25.275    -4.42    9.05
 -99813.702    25.062    -0.74    7.81
 -99526.685    24.890    -0.60    6.99
 -99239.661    25.249     1.25    6.36
 -98952.630    25.644     1.38    5.45
 -98665.593    25.309    -1.17    4.70
 -98378.549    23.893    -4.93    5.27
 -98091.498    22.817    -3.75    5.48
 -97804.440    21.354    -5.10    5.05
 -97517.376    21.211    -0.50    5.27
 -97230.305    23.018     6.30    7.35
 -96943.227    26.119    10.80    9.93
 -96656.142    30.644    15.76   11.41
 -96369.051    35.598    17.25   11.63
 -96081.953    39.601    13.94   10.55
 -95794.848    43.530    13.69    7.46
 -95507.736    46.442    10.14    4.65
 -95220.617    47.863     4.95    3.51
 -94933.492    48.608     2.60    3.31
 -94646.360    48.846     0.83    3.16
 -94359.221    49.025     0.62    2.99
 -94072.075    49.030     0.02    2.80
 -93784.923    48.916    -0.40    2.66
 -93497.764    48.622    -1.02    2.46
 -93210.598    48.428    -0.68    2.51
 -92923.425    48.002    -1.48    2.44
 -92636.596    47.687    -1.10    2.64
 -92350.785    47.428    -0.91    2.82
 -92064.968    47.034    -1.38    2.77
 -91779.145    47.162     0.45    2.84
 -91493.316    47.572     1.43    3.11
 -91207.481    48.086     1.80    3.46
 -90921.640    48.715     2.20    3.68
 -90635.793    49.588     3.05    3.54
 -90349.940    50.608     3.57    3.56
 -90064.081    51.411     2.81    3.21
 -89778.216    51.124    -1.00    3.20
 -89492.346    50.142    -3.44    3.81
 -89206.469    49.084    -3.70    4.33
 -88920.586    47.875    -4.23    4.77
 -88634.698    46.333    -5.39    4.97
 -88348.803    44.337    -6.98    4.35
 -88062.903    43.120    -4.26    3.76
 -87776.996    42.559    -1.96    3.87
 -87491.084    41.997    -1.97    4.44
 -87205.166    41.255    -2.60    4.92
 -86919.241    40.736    -1.81    5.21
 -86633.311    39.637    -3.84    4.95
 -86347.375    39.033    -2.11    4.64
 -86061.433    38.030    -3.51    4.21
 -85775.485    37.307    -2.53    3.32
 -85489.530    37.335     0.10    2.76
 -85203.570    37.905     1.99    2.66
 -84917.604    37.666    -0.84    3.28
 -84631.632    36.884    -2.74    4.66
 -84345.654    35.446    -5.03    5.99
 -84059.670    33.253    -7.67    7.29
 -83773.681    30.764    -8.70    7.47
 -83487.685    27.960    -9.81    6.76
 -83201.683    25.645    -8.09    5.77
 -82915.675    23.593    -7.17    4.40
 -82629.661    22.260    -4.66    3.12
 -82343.642    21.602    -2.30    2.25
 -82057.616    21.562    -0.14    2.21
 -81771.584    21.134    -1.50    2.44
 -81485.547    20.882    -0.88    2.50
 -81199.503    20.610    -0.95    2.48
 -80913.454    20.890     0.98    2.62
 -80627.398    21.282     1.37    3.31
 -80341.337    22.362     3.77    4.14
 -80055.269    23.576     4.24    4.63
 -79769.196    25.451     6.55    4.97
 -79483.116    27.377     6.73    5.32
 -79197.031    29.702     8.12    5.80
 -78910.939    31.446     6.10    5.92
 -78624.842    32.941     5.22    5.57
 -78338.739    33.588     2.26    4.58
 -78052.630    34.449     3.01    3.80
 -77766.514    34.985     1.87    3.16
 -77480.393    34.985     0.00    3.04
 -77194.266    34.470    -1.80    3.20
 -76908.133    34.220    -0.87    3.23
 -76621.994    34.434     0.75    3.59
 -76335.849    34.797     1.27    3.92
 -76049.697    35.163     1.28    4.40
 -75763.540    35.479     1.11    4.68
 -75477.377    36.080     2.10    4.90
 -75191.208    37.037     3.34    5.20
 -74905.033    36.807    -0.80    5.50
 -74618.852    35.973    -2.91    5.41
 -74332.665    34.796    -4.11    5.53
 -74046.472    33.852    -3.30    5.49
 -73760.274    32.078    -6.20    6.49
 -73474.069    29.018   -10.69    7.74
 -73187.858    25.994   -10.56    8.03
 -72901.641    23.695    -8.04    7.63
 -72615.418    22.542    -4.03    7.37
 -72329.189    21.813    -2.55    7.50
 -72042.954    22.108     1.03    7.22
 -71756.714    23.449     4.68    6.80
 -71470.467    25.309     6.50    5.53
 -71184.214    27.100     6.26    3.93
 -70897.955    28.141     3.63    2.97
 -70611.691    28.830     2.41    3.18
 -70325.420    29.659     2.89    3.98
 -70039.143    30.293     2.21    4.56
 -69752.860    30.416     0.43    4.80
 -69466.572    30.412    -0.01    4.81
 -69180.277    29.966    -1.56    4.64
 -68893.976    29.349    -2.15    4.21
 -68607.670    28.750    -2.09    3.47
 -68321.357    27.966    -2.74    3.08
 -68035.038    27.177    -2.76    2.99
 -67748.714    26.509    -2.33    3.11
 -67462.383    25.404    -3.86    3.27
 -67176.047    24.398    -3.51    3.33
 -66889.704    24.191    -0.72    3.19
 -66603.355    24.274     0.29    3.33
 -66317.001    25.381     3.87    4.64
 -66030.640    27.630     7.85    6.23
 -65744.274    30.263     9.19    7.21
 -65457.901    33.441    11.10    6.79
 -65171.523    36.342    10.13    5.68
 -64885.138    38.437     7.32    4.26
 -64598.747    39.854     4.95    2.59
 -64312.351    40.361     1.77    1.93
 -64025.948    40.428     0.23    2.20
 -63739.540    40.666     0.83    2.22
 -63453.125    40.680     0.05    2.15
 -63166.705    40.436    -0.85    2.14
 -62880.278    39.775    -2.31    2.54
 -62593.846    38.797    -3.41    3.02
 -62307.407    37.862    -3.27    3.57
 -62020.962    36.788    -3.75    3.94
 -61734.512    35.617    -4.09    3.92
 -61448.055    34.462    -4.03    3.67
 -61161.593    33.630    -2.90    3.23
 -60875.124    33.296    -1.16    3.18
 -60588.650    32.687    -2.13    3.11
 -60302.169    31.659    -3.59    3.98
 -60015.683    30.209    -5.06    4.37
 -59729.190    29.309    -3.14    4.22
 -59442.691    29.307    -0.01    4.32
 -59156.187    29.925     2.16    4.84
 -58869.676    31.106     4.12    5.51
 -58583.160    32.565     5.09    5.71
 -58296.637    34.587     7.06    4.65
 -58010.108    35.979     4.86    3.12
 -57723.574    36.333     1.23    2.87
 -57437.033    35.738    -2.08    3.69
 -57150.487    35.414    -1.13    4.01
 -56863.934    35.270    -0.50    4.03
 -56577.375    35.155    -0.40    3.98
 -56290.811    35.108    -0.17    3.99
 -56004.240    35.062    -0.16    3.98
 -55717.663    35.212     0.52    3.73
 -55431.081    35.631     1.46    2.98
 -55144.492    35.886     0.89    2.72
 -54857.897    36.102     0.75    2.98
 -54571.296    36.411     1.08    3.36
 -54284.690    36.736     1.13    3.54
 -53998.077    37.176     1.54    3.62
 -53711.458    37.544     1.28    3.23
 -53424.833    37.493    -0.18    3.36
 -53138.202    37.251    -0.85    3.54
 -52851.566    36.618    -2.21    3.35
 -52564.923    35.970    -2.26    3.22
 -52278.274    35.824    -0.51    3.38
 -51991.619    35.813    -0.04    3.54
 -51704.958    36.060     0.86    3.66
 -51418.291    36.889     2.89    3.52
 -51131.618    37.380     1.71    3.23
 -50844.939    37.701     1.12    3.57
 -50558.254    37.905     0.71    3.64
 -50271.563    37.094    -2.83    3.83
 -49984.866    36.246    -2.96    3.91
 -49698.163    35.279    -3.37    3.65
 -49411.454    34.351    -3.23    2.90
 -49124.739    34.232    -0.41    2.86
 -48838.018    34.587     1.24    2.83
 -48551.291    35.237     2.27    2.92
 -48264.558    36.258     3.56    2.69
 -47977.819    37.142     3.08    2.09
 -47691.073    37.659     1.80    1.90
 -47404.322    38.249     2.06    2.05
 -47117.565    39.090     2.93    2.27
 -46830.802    39.999     3.17    2.76
 -46544.032    40.393     1.37    2.97
 -46257.257    40.347    -0.16    2.93
 -45970.476    40.295    -0.18    3.01
 -45683.688    39.863    -1.51    2.87
 -45396.895    39.116    -2.61    2.68
 -45110.095    38.173    -3.29    2.56
 -44823.290    37.025    -4.00    2.92
 -44536.478    36.281    -2.59    3.01
 -44249.661    35.955    -1.14    2.80
 -43962.837    35.916    -0.14    2.52
 -43676.008    36.333     1.45    2.48
 -43389.172    36.569     0.83    2.35
 -43102.330    36.855     0.99    2.44
 -42815.483    37.115     0.91    2.46
 -42528.629    36.717    -1.39    4.47
 -42241.769    33.748   -10.35    9.44
 -41954.903    31.187    -8.93   11.24
 -41668.031    27.975   -11.19   12.07
 -41381.153    25.256    -9.48   11.62
 -41094.270    22.897    -8.22   10.26
 -40807.380    21.666    -4.29    8.88
 -40520.484    21.349    -1.10    8.11
 -40233.582    21.975     2.18    8.08
 -39946.673    24.368     8.34    8.37
 -39659.759    27.567    11.15    6.85
 -39372.839    28.757     4.15    6.31
 -39085.913    28.073    -2.39    7.63
 -38798.981    26.573    -5.23    8.59
 -38512.042    24.967    -5.60    8.66
 -38225.098    23.166    -6.28    7.88
 -37938.148    21.144    -7.04    5.85
 -37651.191    18.853    -7.99    4.07
 -37364.229    17.101    -6.10    4.60
 -37077.260    15.231    -6.52    5.45
 -36790.286    13.035    -7.65    5.28
 -36503.305    11.028    -6.99    4.75
 -36216.319     9.288    -6.06    3.61
 -35929.326     8.100    -4.14    2.47
 -35642.327     7.170    -3.24    2.23
 -35355.323     6.673    -1.73    2.02
 -35068.312     6.729     0.20    2.32
 -34781.295     7.673     3.29    3.69
 -34494.272     9.560     6.57    5.42
 -34207.243    11.839     7.94    6.64
 -33920.208    14.391     8.89    7.11
 -33633.167    16.554     7.53    6.18
 -33346.120    18.229     5.84    4.75
 -33059.067    18.652     1.47    4.34
 -32772.008    18.536    -0.40    4.56
 -32484.942    17.555    -3.42    5.10
 -32197.871    16.030    -5.31    4.86
 -31910.794    14.939    -3.80    3.89
 -31623.710    15.241     1.05    4.20
 -31336.621    16.330     3.79    5.31
 -31049.525    18.571     7.80    6.35
 -30762.838    20.644     7.23    5.99
 -30476.952    22.249     5.61    5.13
 -30191.061    22.659     1.43    5.23
 -29905.165    22.225    -1.52    5.64
 -29619.264    21.062    -4.07    5.96
 -29333.357    19.066    -6.98    5.56
 -29047.445    16.905    -7.56    5.06
 -28761.528    14.757    -7.51    4.90
 -28475.606    13.016    -6.09    4.67
 -28189.678    11.335    -5.88    4.41
 -27903.745     9.282    -7.18    3.82
 -27617.807     7.923    -4.75    3.41
 -27331.864     6.981    -3.30    3.33
 -27045.915     6.779    -0.71    3.31
 -26759.961     7.841     3.71    4.16
 -26474.002     9.233     4.87    4.97
 -26188.038    10.961     6.04    5.47
 -25902.068    12.798     6.42    5.49
 -25616.093    14.047     4.37    4.94
 -25330.113    15.081     3.62    4.03
 -25044.128    15.602     1.82    3.84
 -24758.137    15.076    -1.84    4.26
 -24472.141    13.870    -4.22    4.70
 -24186.140    12.111    -6.15    4.28
 -23900.134    10.373    -6.08    3.69
 -23614.122     9.509    -3.02    3.37
 -23328.105     9.349    -0.56    3.33
 -23042.083     9.701     1.23    3.42
 -22756.055    10.263     1.97    3.46
 -22470.023    10.090    -0.60    3.46
 -22183.985    10.064    -0.09    3.49
 -21897.942    10.166     0.35    3.12
 -21611.893    10.330     0.57    3.14
 -21325.840    10.169    -0.56    3.16
 -21039.781    10.052    -0.41    3.12
 -20753.716    10.060     0.03    3.06
 -20467.647    10.513     1.58    3.03
 -20181.572    11.093     2.03    2.99
 -19895.492    11.065    -0.10    2.72
 -19609.407    10.844    -0.77    2.75
 -19323.316    10.817    -0.10    2.69
 -19037.221    11.006     0.66    2.56
 -18751.120    11.577     2.00    2.81
 -18465.013    12.092     1.80    3.23
 -18178.902    12.536     1.55    3.59
 -17892.785    13.069     1.86    3.42
 -17606.663    13.916     2.96    3.17
 -17320.535    14.700     2.74    3.05
 -17034.403    15.209     1.78    2.98
 -16748.265    15.130    -0.27    3.04
 -16462.122    14.666    -1.62    2.96
 -16175.973    14.497    -0.59    3.13
 -15889.820    14.568     0.25    3.53
 -15603.661    14.594     0.09    3.76
 -15317.497    14.456    -0.48    3.81
 -15031.327    14.208    -0.87    3.67
 -14745.152    14.505     1.04    3.46
 -14458.972    14.883     1.32    3.23
 -14172.787    14.879    -0.01    2.90
 -13886.597    14.801    -0.27    2.70
 -13600.401    14.491    -1.08    2.47
 -13314.200    14.949     1.60    2.87
 -13027.993    15.985     3.62    3.58
 -12741.782    17.026     3.63    3.81
 -12455.565    18.069     3.64    3.38
 -12169.343    18.784     2.50    2.72
 -11883.115    18.952     0.59    2.50
 -11596.883    18.498    -1.58    2.94
 -11310.645    17.817    -2.38    3.01
 -11024.402    17.227    -2.06    2.61
 -10738.153    16.673    -1.94    2.62
 -10451.899    16.266    -1.42    2.84
 -10165.640    16.233    -0.11    2.91
  -9879.376    16.144    -0.31    3.01
  -9593.106    16.517     1.30    3.21
  -9306.832    16.799     0.98    3.39
  -9020.551    17.540     2.59    3.94
  -8734.266    18.980     5.03    3.94
  -8447.975    19.954     3.40    3.68
  -8161.679    20.459     1.76    3.41
  -7875.378    20.997     1.88    2.83
  -7589.072    21.367     1.29    2.29
  -7302.760    21.637     0.94    2.00
  -7016.443    21.595    -0.15    1.63
  -6730.120    21.589    -0.02    1.52
  -6443.793    21.487    -0.36    1.63
  -6157.460    21.228    -0.90    2.09
  -5871.122    20.572    -2.29    2.63
  -5584.778    19.882    -2.41    3.03
  -5298.430    19.547    -1.17    2.94
  -5012.076    19.406    -0.49    3.34
  -4725.716    17.743    -5.81    5.97
  -4439.352    16.637    -3.86    7.15
  -4152.982    16.932     1.03    7.82
  -3866.607    17.307     1.31    7.86
  -3580.226    16.435    -3.05    8.02
  -3293.841    14.304    -7.44    8.98
  -3007.450    12.223    -7.27    9.60
  -2721.053    11.357    -3.03   10.26
  -2434.652     8.085   -11.42   10.23
  -2148.245     4.246   -13.40    8.00
  -1861.833     1.283   -10.35    4.65
  -1575.416    -0.241    -5.32    0.51
  -1288.993    -0.334    -0.32    0.00
  -1002.565    -0.334     0.00    0.00
   -716.132    -0.334     0.00    0.00
   -429.693    -0.334     0.00    0.00
   -143.249    -0.334     0.00    0.00
    143.200     0.053     1.35    1.97
    429.654     2.127     7.24    6.57
    716.114     5.736    12.60   10.52
   1002.579     9.978    14.81   12.78
   1289.049    13.450    12.12   13.16
   1575.524    16.867    11.93   12.64
   1862.005    19.344     8.65   10.91
   2148.491    21.316     6.88    7.95
   2434.983    21.325     0.03    6.76
   2721.479    20.623    -2.45    5.75
   3007.981    20.990     1.28    4.04
   3294.489    21.645     2.29    3.72
   3581.001    23.349     5.95    4.76
   3867.519    25.306     6.83    6.29
   4154.042    27.831     8.81    7.23
   4440.571    30.438     9.10    7.68
   4727.104    33.006     8.96    7.74
   5013.643    35.558     8.91    7.63
   5300.188    38.287     9.53    6.85
   5586.737    40.474     7.63    6.17
   5873.292    42.169     5.92    6.34
   6159.852    42.916     2.61    6.98
   6446.418    42.803    -0.40    7.18
   6732.989    42.923     0.42    7.18
   7019.565    43.274     1.23    6.87
   7306.146    43.575     1.05    6.05
   7592.733    44.081     1.77    6.06
   7879.325    45.259     4.11    7.00
   8165.922    47.794     8.85    9.18
   8452.525    51.316    12.29   10.83
   8739.132    55.372    14.15   10.48
   9025.746    59.134    13.13    8.59
   9312.364    61.609     8.63    7.08
   9598.988    63.144     5.36    5.14
   9885.617    62.715    -1.50    5.23
  10172.251    61.557    -4.04    5.54
  10458.891    60.088    -5.12    5.56
  10745.536    59.421    -2.33    6.04
  11032.186    58.630    -2.76    6.72
  11318.841    58.094    -1.87    6.96
  11605.502    57.693    -1.40    7.30
  11892.168    58.126     1.51    7.05
  12178.840    54.860   -11.39   11.21
  12465.517    48.862   -20.92   17.38
  12752.199    43.571   -18.46   20.44
  13038.886    39.194   -15.27   22.70
  13325.579    35.637   -12.41   24.14
  13612.277    32.042   -12.54   25.92
  13898.980    30.526    -5.29   27.19
  14185.689    30.451    -0.26   28.21
  14472.402    30.449    -0.01   28.29
  14759.122    30.638     0.66   28.50
  15045.846    31.042     1.41   28.84
  15332.576    32.904     6.49   29.45
  15619.311    32.853    -0.18   29.87
  15906.051    30.792    -7.19   29.40
  16192.797    28.209    -9.01   27.85
  16479.548    26.524    -5.88   25.84
  16766.305    24.124    -8.37   22.85
  17053.066    21.856    -7.91   20.81
  17339.833    22.594     2.58   22.63
  17626.605    24.473     6.55   25.38
  17913.383    26.723     7.85   28.83
  18200.166    28.860     7.45   30.05
  18486.954    27.776    -3.78   29.89
  18773.748    26.680    -3.82   28.06
  19060.546    29.673    10.43   28.06
  19347.350    35.124    19.00   29.94
  19634.160    42.625    26.15   32.22
  19920.975    53.492    37.89   31.57
  20207.795    66.853    46.58   27.00
  20494.620    78.412    40.30   19.38
  20781.451    87.645    32.19   15.11
  21068.287    95.583    27.67   12.44
  21355.128   102.006    22.39   11.72
  21641.975   108.860    23.89   11.60
  21928.827   114.421    19.39   11.00
  22215.684   118.575    14.48    9.33
  22502.547   121.714    10.94    7.80
  22789.414   123.589     6.54    6.59
  23076.288   124.432     2.94    5.90
  23363.166   124.566     0.47    5.63
  23650.050   123.715    -2.97    5.48
  23936.939   122.270    -5.03    6.07
  24223.834   120.779    -5.20    6.61
  24510.733   119.109    -5.82    7.16
  24797.639   117.738    -4.78    7.28
  25084.549   114.610   -10.90    8.63
  25371.465   111.449   -11.02    9.42
  25658.386   103.342   -28.26   23.66
  25945.312    87.673   -54.61   39.57
  26232.244    70.525   -59.76   45.73
  26519.181    60.772   -33.99   45.18
  26806.123    63.242     8.61   48.47
  27093.071    75.262    41.89   53.79
  27380.024    87.829    43.80   56.77
  27666.982   109.370    75.07   51.47
  27953.946   130.221    72.66   36.19
  28240.915   145.526    53.33   13.89
  28527.889   151.716    21.57    6.57
  28814.869   154.500     9.70    5.38
  29101.854   157.138     9.19    4.35
  29388.844   159.056     6.68    4.08
  29675.840   160.793     6.05    3.94
  29962.841   162.109     4.59    4.22
  30249.847   163.659     5.40    4.74
  30536.859   165.378     5.99    4.90
  30823.875   167.482     7.33    4.50
  31110.450   169.358     6.55    4.95
  31396.413   171.753     8.37    6.23
  31682.380   175.927    14.60    8.88
  31968.352   180.914    17.44   12.17
  32254.329   187.356    22.52   14.41
  32540.310   194.458    24.83   15.33
  32826.296   202.652    28.65   14.80
  33112.286   209.630    24.40   13.05
  33398.281   215.482    20.46   11.44
  33684.280   221.110    19.68   10.70
  33970.284   225.866    16.63    9.96
  34256.293   229.046    11.12    9.26
  34542.306   231.425     8.32    8.65
  34828.323   232.652     4.29    7.69
  35114.345   233.239     2.05    7.29
  35400.372   232.925    -1.10    6.70
  35686.403   232.041    -3.09    6.05
  35972.439   230.496    -5.40    5.70
  36258.479   228.091    -8.41    6.47
  36544.524   225.213   -10.06    6.56
  36830.573   222.421    -9.76    6.56
  37116.627   219.925    -8.73    6.51
  37402.685   216.960   -10.37    6.85
  37688.748   212.450   -15.76    9.09
  37974.816   207.486   -17.35   10.98
  38260.888   203.060   -15.47   12.00
  38546.964   197.680   -18.81   11.97
  38833.046   191.548   -21.43   11.09
  39119.131   185.864   -19.87    9.85
  39405.222   181.109   -16.62    8.14
  39691.316   177.918   -11.15    7.46
  39977.416   175.590    -8.14    6.68
  40263.520   173.860    -6.04    5.83
  40549.628   173.239    -2.17    6.61
  40835.741   175.443     7.70   10.73
  41121.859   180.409    17.36   15.24
  41407.981   186.757    22.19   18.79
  41694.107   193.714    24.31   20.45
  41980.239   202.995    32.44   20.66
  42266.374   213.366    36.25   19.06
  42552.515   221.687    29.08   17.33
  42838.659   227.393    19.94   16.85
  43124.809   233.618    21.75   18.84
  43410.963   237.008    11.85   19.79
  43697.121   239.087     7.26   19.76
  43983.284   242.224    10.96   18.66
  44269.452   242.615     1.37   18.09
  44555.624   242.225    -1.36   17.75
  44841.801   240.979    -4.36   17.24
  45127.982   238.523    -8.58   15.89
  45414.168   237.103    -4.96   13.98
  45700.358   235.259    -6.44   11.61
  45986.553   235.148    -0.39   11.11
  46272.753   238.242    10.81   13.15
  46558.957   245.441    25.15   17.58
  46845.165   253.826    29.29   19.74
  47131.379   263.780    34.78   20.53
  47417.596   272.287    29.72   18.83
  47703.819   280.226    27.74   15.24
  47990.045   287.855    26.65   12.70
  48276.277   294.527    23.31   11.89
  48562.513   301.624    24.79   16.38
  48848.753   313.538    41.62   28.80
  49134.998   328.652    52.80   39.73
  49421.248   343.279    51.10   43.45
  49707.502   349.687    22.39   43.58
  49993.761   344.749   -17.25   49.75
  50280.024   329.269   -54.08   55.91
  50566.292   311.180   -63.19   60.68
  50852.564   288.318   -79.86   55.20
  51138.841   268.953   -67.65   42.18
  51425.123   254.236   -51.41   31.41
  51711.409   247.162   -24.71   34.23
  51997.699   238.829   -29.11   36.55
  52283.995   230.857   -27.84   40.99
  52570.294   217.419   -46.94   43.93
  52856.599   199.485   -62.64   43.53
  53142.908   177.673   -76.19   38.81
  53429.221   160.320   -60.61   36.56
  53715.539   147.866   -43.50   30.50
  54001.862   138.083   -34.17   23.91
