# NaN NaN NaN ;Mean Elev.(m), Avg Gradient(m/km), RMS Gradient(m/km) - SRTM1     
#  -11.358  -0.360   6.524 ;Mean Elev.(m), Avg Gradient(m/km), RMS Gradient(m/km) - ASTER GDEM
#    1.286  -0.122   3.507 ;Mean Elev.(m), Avg Gradient(m/km), RMS Gradient(m/km) - GMTED2010 
   1  87.810485  65.810805    13.982    14.580  9 54668.30851992 24.046
   2  87.811043  65.811513     7.571     7.547  9 54678.22416425 42.947
   3  87.811026  65.813203   -12.448   -12.529  9 54688.13980727 15.996
   4  87.808235  65.814598     9.195    10.559  9 54698.05544812 27.536
   6  87.813355  65.811084     8.968     9.309  9 54717.88674285 24.474
   7  87.814755  65.808456     5.835     5.787  9 54727.80239228 32.586
   8  87.814035  65.807655    11.011    10.866  9 54737.71803983 24.205
   9  87.814442  65.808586    10.733    10.525  9 54747.63368713 28.149
  10  87.816220  65.809757    11.669    11.753  9 54757.54933417 26.215
  11  87.812038  65.810247     5.221     5.272  9 54767.46497865 30.546
  12  87.814912  65.808652     6.346     6.244  9 54777.38062057 46.823
  13  87.815212  65.807061     6.266     6.285 10 54787.29625985 35.165
  14  87.816891  65.806767     6.622     6.597 10 54797.21189818 28.449
  15  87.814979  65.808724     6.704     6.711 10 54807.12753589 23.129
  16  87.815487  65.810756     6.807     6.773  9 54817.04317323 19.899
  17  87.813623  65.811766     8.533     8.503  9 54826.95882209 18.527
  18  87.814784  65.811122    11.351    11.599  9 54836.87446138 17.143
  19  87.810382  65.811152    12.213    11.893  9 54846.79011046 15.882
  20  87.812285  65.811385    13.935    13.397 10 54856.70575947 16.467
  21  87.812104  65.812442    12.269    12.180  9 54866.62140826 15.538
  22  87.810556  65.812756    13.239    13.315  9 54876.53705639 15.842
  23  87.813471  65.811652    12.355    12.568  9 54886.45270203 15.136
  24  87.811564  65.809772    13.076    13.549  9 54896.36834384 15.604
  25  87.817055  65.807764    12.880    12.559  9 54906.28398369 15.329
  26  87.815915  65.807679    12.766    12.882 10 54916.19962173 14.780
  27  87.813997  65.808772    23.770    23.181 10 54926.11525947  8.497
  28  87.812088  65.809876    14.034    14.063  9 54936.03089655 10.339
  29  87.816090  65.809794     6.980     7.032  9 54945.94653232 24.430
  30  87.812834  65.809157     8.164     8.126  9 54955.86216484 23.832
  31  87.815748  65.807747    11.847    11.880  9 54965.77781323 37.422
  32  87.817382  65.807586    17.967    17.985  9 54975.69346123 48.713
  33  87.816660  65.808878    19.998    20.621  9 54985.60910880 28.252
  34  87.813430  65.810511    19.540    20.197 10 54995.52475616 29.722
  35  87.814003  65.811230    15.938    16.349  9 55005.44040236 25.295
  36  87.809891  65.811595    18.394    18.256  9 55015.35604598 20.852
  37  87.814635  65.811263     6.678     6.651  9 55025.27168902 29.487
  38  87.812965  65.812082    11.721    11.704  9 55035.18733097 24.309
  39  87.811100  65.812830     9.622     8.868  9 55045.10297214 23.270
  40  87.809276  65.812743     6.582     5.804  9 55055.01861161 28.828
  41  87.812728  65.811000     5.279     5.415  9 55064.93424935 29.794
  42  87.816191  65.809033     7.738     6.548  9 55074.84989724 26.951
  43  87.815343  65.808115     4.801     4.829 10 55084.76554510 25.243
  44  87.815618  65.808352    11.930    12.170 10 55094.68119139 23.422
  45  87.814932  65.808901     6.387     5.719 10 55104.59683743 28.928
  46  87.816497  65.808936    15.629    13.293  9 55114.51248346 21.765
  47  87.815082  65.808460    13.429    13.700  9 55124.42812680 24.301
  48  87.817143  65.807653     5.528     5.561  9 55134.34376771 46.268
  49  87.816216  65.807398     6.207     6.282  9 55144.25940621 32.139
  50  87.815804  65.808156     7.445     7.362  9 55154.17504410 24.622
  51  87.815873  65.809299     9.129     9.673  9 55164.09068239 22.282
  52  87.812646  65.810803    11.853    12.190  9 55174.00632013 19.476
  53  87.812323  65.811408    11.736    11.856 10 55183.92195873 17.759
  54  87.811489  65.811507    11.702    11.500  9 55193.83760986 17.622
  55  87.811620  65.811801    11.559    11.547  9 55203.75325978 17.426
  56  87.811838  65.812473    10.707    10.349  9 55213.66890901 17.304
  57  87.812206  65.812543    11.472    11.823  9 55223.58455780 15.810
  58  87.813963  65.811202    10.966    10.882  9 55233.50020520 15.936
  59  87.815573  65.809065    11.287    11.242  9 55243.41584941 16.517
  60  87.814826  65.807519    11.471    11.494 10 55253.33149022 16.094
  61  87.817545  65.807253    11.501    11.555  9 55263.24712925 15.085
  62  87.815103  65.808805    11.225    11.169 10 55273.16276681 14.920
  63  87.812443  65.809967    12.853    12.750  9 55283.07840405 15.835
  64  87.813409  65.809543    13.088    12.901  9 55292.99404039 15.746
  65  87.814321  65.808253    12.998    13.100 10 55302.90967664 15.209
  66  87.816937  65.806991    28.584    28.476  9 55312.82532459  8.182
  67  87.815085  65.807611    12.360    12.547  9 55322.74096981 15.016
  68  87.813983  65.809157    10.875    10.909  9 55332.65661378 30.041
  69  87.814372  65.810431    17.521    17.504  9 55342.57225785 33.383
  70  87.810600  65.810954    20.586    21.070  9 55352.48790127 28.296
  71  87.815423  65.810502    22.637    22.876  9 55362.40354335 24.630
  72  87.815547  65.810724    21.512    22.264  9 55372.31918301 23.151
  73  87.813025  65.811907     8.932     8.884  9 55382.23482102 46.635
  74  87.808794  65.813320    14.773    13.712  9 55392.15045815 22.984
  75  87.810118  65.813460    16.561    17.774  9 55402.06609440 22.521
  76  87.813442  65.811452    16.063    16.200  9 55411.98174548 22.700
  77  87.814931  65.808715    11.583    11.744  9 55421.89739526 25.646
  78  87.818044  65.806765     6.784     6.779  9 55431.81304237 54.460
  79  87.815737  65.807424    13.544    15.504 10 55441.72868675 26.252
  80  87.813271  65.809154    14.466    13.787  9 55451.64432954 26.908
  81  87.812756  65.810334     7.095     7.109  9 55461.55997180 30.770
  82  87.814498  65.809458     9.890     6.426  9 55471.47561287 27.624
  83  87.814898  65.807821     6.720     6.708 10 55481.39125096 49.591
  84  87.815652  65.806695     6.702     5.840 10 55491.30688672 34.005
  85  87.816221  65.807632     4.480     4.446 10 55501.22252048 30.027
  86  87.815426  65.809709     5.143     5.128  9 55511.13816385 48.271
  87  87.812381  65.811439     6.406     6.379 10 55521.05381321 39.989
  88  87.812336  65.811703     5.905     5.846  9 55530.96946177 34.418
  89  87.812487  65.810948     5.404     5.470  9 55540.88510874 31.040
  90  87.812797  65.810484     5.323     5.312 10 55550.80075355 26.665
  91  87.813027  65.811124     6.160     6.143  9 55560.71639674 23.601
  92  87.814274  65.812335     6.545     6.532  9 55570.63203919 22.471
  93  87.813039  65.812699     9.068     8.708  9 55580.54768038 20.225
  94  87.814932  65.810869    10.839    11.442  9 55590.46331903 19.094
  95  87.813870  65.808333    10.395    10.717  9 55600.37895430 19.329
  96  87.817790  65.806565    11.146    11.678  9 55610.29458776 18.837
  97  87.816383  65.807646    11.884    11.968  9 55620.21021937 17.746
  98  87.813611  65.809938    12.234    12.201 10 55630.12587031 17.550
  99  87.810207  65.811312    11.064    11.527  9 55640.04152091 17.290
 100  87.810962  65.810194    10.684    12.163  9 55649.95716951 16.158
 101  87.816814  65.807364    12.543    12.645 10 55659.87281523 14.993
 102  87.816149  65.806159     5.761     5.751  9 55669.78845671 46.227
 103  87.815605  65.807385     9.878     9.839 10 55679.70409606 40.987
 104  87.815580  65.810074    19.296    19.498  9 55689.61973348 28.068
 105  87.810608  65.812470    19.792    20.129  9 55699.53536894 28.041
 106  87.811501  65.812657    15.927    15.949  9 55709.45100726 32.705
 107  87.810464  65.811590    10.964    10.958  9 55719.36665765 48.720
 108  87.811917  65.810895     7.084     7.095  9 55729.28230591 46.064
 109  87.814359  65.811125     5.979     5.977  9 55739.19795285 41.993
 110  87.814431  65.811915    14.995    16.041  9 55749.11359833 20.452
 111  87.809614  65.812238     7.686     6.980  9 55759.02924105 26.709
 112  87.810840  65.810839    10.261     9.239  9 55768.94488157 23.027
 113  87.813847  65.808444    14.223    13.336  9 55778.86051907 25.036
 114  87.816388  65.806905     8.281     8.270 10 55788.77615394 44.083
 115  87.815309  65.807717     7.042     7.097  9 55798.69178709 26.469
 116  87.815474  65.809397     9.723     7.357  9 55808.60743235 24.619
 117  87.812052  65.811026     7.349     7.388  9 55818.52308088 44.817
 118  87.813350  65.810446     7.709     6.225  9 55828.43872582 26.466
 119  87.816213  65.808479    15.543    15.907  9 55838.35436658 21.290
 120  87.816196  65.807043     7.510     5.557  9 55848.27000401 27.833
 121  87.815181  65.808080    10.312    11.739 10 55858.18563914 23.298
 122  87.810994  65.810668     5.133     5.158  9 55868.10128539 44.599
 123  87.813470  65.812460     6.411     6.395  9 55878.01693736 30.293
 124  87.811413  65.812975    10.244    10.669  9 55887.93258246 26.229
 125  87.812259  65.812095    12.613    12.654  9 55897.84822212 23.142
 126  87.815017  65.811191    13.987    13.502  9 55907.76385692 21.584
 127  87.809950  65.811545    14.330    14.183  9 55917.67950375 20.831
 128  87.811259  65.811784    12.876    14.125  9 55927.59515706 23.195
 129  87.813185  65.811440    12.400    13.143  9 55937.51080699 24.449
 130  87.813707  65.809825    14.366    13.620  9 55947.42645191 19.682
 131  87.815184  65.807870    15.580    15.544  9 55957.34209237 18.892
 132  87.815583  65.807034    16.042    16.044 10 55967.25773024 17.614
 133  87.813351  65.808107    11.173    14.424  9 55977.17336693 19.793
 134  87.813609  65.809708    13.167    14.526 10 55987.08900316 19.950
 135  87.812072  65.810725    14.858    14.494  9 55997.00464128 18.728
 136  87.813487  65.809845    13.088    12.965  9 56006.92029294 18.411
 137  87.815583  65.808197    15.938    15.601  9 56016.83594054 15.992
 138  87.816328  65.807606     9.612     8.449  9 56026.75158504 14.803
 139  87.814848  65.808677     9.695     7.971 10 56036.66722760 12.748
 140  87.812952  65.810732     6.791     6.196  9 56046.58286809 13.091
 141  87.809523  65.812525     6.700     6.725  9 56056.49850565 29.054
 142  87.809874  65.813068    17.156    17.150  9 56066.41413937 40.600
 143  87.814375  65.812093    17.021    17.034  9 56076.32978723 51.159
 144  87.813373  65.811611    20.750    21.346  9 56086.24543627 23.287
 145  87.812921  65.811424    19.962    20.404  9 56096.16108295 21.473
 146  87.814052  65.811173    15.328    15.117  9 56106.07672767 25.380
 147  87.815205  65.810307     8.236     5.288  9 56115.99235796 24.853
 148  87.815446  65.809391    12.873    13.423  9 56125.90799600 23.387
 149  87.812978  65.808654     5.278     5.192  9 56135.82362984 29.695
 150  87.814512  65.808331     4.414     4.429  9 56145.73927260 48.610
 151  87.813687  65.808794     3.901     3.930  9 56155.65492220 41.345
 152  87.814646  65.809486     4.106     4.036  9 56165.57057097 38.180
 153  87.814726  65.809735     4.110     4.028  9 56175.48621745 38.455
 154  87.814503  65.809429     4.806     4.551  9 56185.40185884 31.839
 155  87.814895  65.808687     4.255     4.205 10 56195.31749653 39.156
 156  87.813804  65.808902    13.041    13.725  9 56205.23313113 26.694
 157  87.813431  65.810254     7.462     6.760 10 56215.14876430 37.210
 158  87.808797  65.812407     4.068     4.044  9 56225.06440159 45.750
 159  87.809249  65.812987     8.376     7.537  9 56234.98005723 30.550
 160  87.809964  65.812606     8.631     8.307  9 56244.89570902 28.861
 161  87.812758  65.811749     9.411     9.010  9 56254.81135598 26.763
 162  87.814228  65.811604    11.487    11.505  9 56264.72699867 21.739
 163  87.809168  65.812183    12.795    13.089  9 56274.64263898 19.614
 164  87.814245  65.811376    12.157    12.224  9 56284.55828427 19.022
 165  87.813366  65.809934    12.279    12.335  9 56294.47393519 17.962
 166  87.815776  65.807944    13.442    12.718  9 56304.38958216 17.806
 167  87.816045  65.807309    14.903    15.381  9 56314.30522508 16.762
 168  87.813143  65.808457    12.149    12.380  9 56324.22086564 16.451
 169  87.812134  65.809979    11.808    12.391  9 56334.13650569 16.384
 170  87.812893  65.810355    11.987    12.082  9 56344.05214523 16.087
 171  87.813824  65.809727    12.027    12.617 10 56353.96778253 15.774
 172  87.815519  65.808598    10.773    10.191  9 56363.88342638 15.929
 173  87.814780  65.808451    11.524    11.570  9 56373.79907531 15.513
 175  87.810779  65.811438     9.768     9.688  9 56393.63036498 15.524
 176  87.812924  65.812218    17.031    16.205  9 56403.54600739  9.742
 177  87.809813  65.812613     5.268     5.229  9 56413.46164641 48.161
 178  87.809958  65.812168    14.101    14.144  9 56423.37728083 42.398
 179  87.810942  65.811842    20.883    20.994  9 56433.29292467 31.620
 180  87.814545  65.811516    19.866    20.110  9 56443.20857738 25.301
 181  87.810880  65.812101    18.208    19.254  9 56453.12422687 22.103
 182  87.812630  65.811276     9.399     9.356  9 56463.03987427 50.569
 183  87.813386  65.809575    12.662    13.769  9 56472.95551827 24.550
 184  87.815179  65.807707    14.275    14.890 10 56482.87115895 24.740
 185  87.817087  65.807316     6.045     6.063  9 56492.78679605 33.300
 186  87.813853  65.808948     8.267     5.567  9 56502.70243017 24.968
 187  87.810411  65.811188     5.121     5.287  9 56512.61806263 30.835
 188  87.810080  65.811603     4.524     4.298  9 56522.53371045 38.682
 189  87.813269  65.810163     4.610     4.869 10 56532.44936317 35.525
 191  87.815843  65.808280     8.859     7.840 10 56552.28065695 25.522
 192  87.815806  65.809959    10.895    12.983  9 56562.19629960 26.986
 193  87.808571  65.812667     5.550     5.099  9 56572.11194040 29.717
 194  87.809748  65.813865     4.715     4.634  8 56582.02758017 43.994
 195  87.810486  65.813347     4.784     4.595  8 56591.94321565 46.201
 196  87.812842  65.811579     6.328     6.333  9 56601.85886577 38.604
 197  87.813730  65.810576     6.634     6.639  9 56611.77451552 23.801
 198  87.810815  65.811476     7.001     6.513  9 56621.69016035 16.774
 199  87.814428  65.812097     8.918     8.989  9 56631.60580280 18.512
 200  87.812463  65.812020     7.378     6.261  9 56641.52144069 17.565
 201  87.813370  65.809829    10.315    12.017  9 56651.43708918 18.020
 202  87.817255  65.807268    12.967    13.353  9 56661.35273970 17.465
 203  87.817289  65.806707    12.643    12.573 10 56671.26838667 14.804
 204  87.813580  65.808848    12.073    12.147  9 56681.18403132 15.172
 205  87.812508  65.810945    12.418    12.391  9 56691.09967431 14.997
 206  87.813787  65.811535    12.342    12.794  9 56701.01531397 14.693
 207  87.811947  65.810404    11.638    13.203  9 56710.93094859 16.075
 208  87.815678  65.808689    11.637    11.587  9 56720.84659252 15.524
 209  87.814924  65.808516    12.381    12.301  9 56730.76224433 14.366
 210  87.812900  65.810608    12.464    12.520  9 56740.67789212 14.289
 211  87.811730  65.813014    12.849    12.999  9 56750.59353576 14.513
 212  87.809470  65.814231    14.384    14.971  8 56760.50917439 10.967
 213  87.810176  65.813521     6.069     6.002  8 56770.42480682 25.197
 214  87.809359  65.811646     8.172     8.214  9 56780.34045934 31.986
 215  87.815343  65.810035    18.622    18.660  9 56790.25611509 35.281
 216  87.814300  65.810271    17.837    17.861  9 56800.17176694 29.423
 217  87.811615  65.811445    14.607    14.649  9 56810.08741197 28.298
 218  87.812320  65.811481    14.648    14.718  9 56820.00305232 31.486
 219  87.815654  65.809838    15.069    15.081  9 56829.91868905 37.395
 220  87.816880  65.807865    10.074    10.008  9 56839.83432236 40.398
 221  87.816035  65.807513     7.089     7.110 10 56849.74995612 38.737
 222  87.815466  65.808763     6.117     6.055  9 56859.66561051 51.408
 223  87.812558  65.810990     5.826     5.876  9 56869.58126376 23.784
 224  87.812622  65.811712     6.340     6.332  9 56879.49691489 42.285
 225  87.813284  65.810586    15.934    16.416 10 56889.41256264 21.085
 226  87.814698  65.808797    16.677    15.919  9 56899.32820773 23.189
 227  87.814461  65.808767    15.292    15.101  9 56909.24385036 23.527
 228  87.810389  65.810911    15.157    15.453  9 56919.15949078 24.531
 229  87.812468  65.813199    12.873    13.378  9 56929.07512970 26.163
 230  87.811293  65.814356     5.949     5.866  9 56938.99076390 51.855
 231  87.810110  65.813653     5.202     5.196  9 56948.90639894 48.398
 232  87.814925  65.811210     6.446     6.454  9 56958.82205228 41.950
 233  87.812246  65.810195     6.060     6.105  9 56968.73769967 25.306
 234  87.813580  65.810401     6.718     6.296  9 56978.65334345 20.672
 235  87.811095  65.811502     7.285     6.007  9 56988.56898238 19.790
 236  87.812349  65.811640    11.412    11.287  9 56998.48461549 17.132
 237  87.812024  65.810338     9.236     8.741  9 57008.40026535 17.102
 238  87.815530  65.808270    10.480    10.733  9 57018.31591874 21.184
 239  87.815070  65.807680    11.681    12.124  9 57028.23156852 15.752
 240  87.815829  65.808736    14.097    13.612  9 57038.14721668 13.374
 241  87.814881  65.810421    15.206    15.130  9 57048.06286219 13.190
 242  87.811959  65.811567    13.038    13.495  9 57057.97850374 13.135
 243  87.814861  65.810941    12.879    13.239  9 57067.89414027 15.228
 244  87.813307  65.810535    13.038    13.119 10 57077.80977207 14.565
 245  87.813095  65.810855     8.857     9.305  9 57087.72540504 16.453
 246  87.814063  65.811890     8.628     9.015  9 57097.64106370 17.039
 247  87.809662  65.813516    12.510    12.709  9 57107.55671893 14.459
 248  87.812528  65.813649     5.773     5.625  9 57117.47236989 19.046
 249  87.813381  65.812578    27.780    27.983  9 57127.38801453  4.850
 250  87.810959  65.811384     5.108     5.368  9 57137.30365345 17.001
 251  87.811742  65.810755     8.685     8.655  9 57147.21928867 28.247
 252  87.815516  65.810845    15.792    15.806  9 57157.13492169 42.571
 253  87.812186  65.811333    19.956    19.958  9 57167.05056633 54.155
 254  87.815346  65.810647    20.082    20.076  9 57176.96622310 45.238
 255  87.813144  65.809647    15.525    15.490  9 57186.88187538 48.519
 256  87.816878  65.808415    17.595    16.797  9 57196.79752406 21.379
 257  87.815455  65.808432    10.321     7.493  9 57206.71315855 27.704
 258  87.814684  65.809443     6.483     6.465 10 57216.62880335 30.964
 259  87.813932  65.810570     5.975     6.016  9 57226.54444700 32.433
 260  87.812744  65.811191     8.770     7.566  9 57236.46008858 24.173
 261  87.813500  65.811057     6.146     6.075  9 57246.37572688 38.361
 262  87.811990  65.811125     7.830     6.142  9 57256.29136241 26.242
 263  87.814371  65.811856    11.203    11.547  9 57266.20699707 24.589
 264  87.813436  65.813049     6.847     6.930  9 57276.12264122 24.351
 265  87.810619  65.813705     6.348     6.305  9 57286.03829785 28.211
 266  87.811382  65.812952     9.225     8.427  9 57295.95395194 27.649
 267  87.811025  65.811778    13.673    13.708  9 57305.86960230 23.676
 268  87.812623  65.810703     5.482     5.450 10 57315.78524897 45.521
 269  87.814127  65.810355     5.714     5.845  9 57325.70089235 51.278
 270  87.810711  65.810798     7.292     7.134  9 57335.61653322 47.773
 271  87.814994  65.810272     6.217     6.198  9 57345.53218013 28.866
 272  87.814063  65.809417     5.800     5.662 10 57355.44782757 22.996
 273  87.813793  65.808647    11.067    10.782  9 57365.36347123 20.069
 274  87.815058  65.808394    10.668    10.896 10 57375.27911164 19.271
 275  87.814770  65.809304    12.447    12.064  9 57385.19475006 17.834
 276  87.813629  65.810445    10.613    11.577  9 57395.11038793 18.340
 277  87.812351  65.811345    12.371    12.946 10 57405.02602486 17.328
 278  87.813400  65.811068    11.683    11.673  9 57414.94167306 17.150
 279  87.813870  65.810712    11.353    12.283  9 57424.85732453 17.232
 280  87.811478  65.811163    10.008    10.120  9 57434.77297273 17.729
 281  87.812981  65.812241    11.956    11.412  9 57444.68861948 16.618
 282  87.813011  65.813298     8.944     8.854  9 57454.60426536 18.094
 283  87.812776  65.813432    11.095    11.217  9 57464.51990939 16.449
 284  87.808684  65.812526    13.185    13.588  9 57474.43554937 14.419
 286  87.815500  65.810336    12.639    13.140  9 57494.26682077 13.491
 287  87.811984  65.811630     6.147     6.110  9 57504.18245247 18.667
 288  87.810442  65.812072     7.681     7.733  9 57514.09810712 28.051
 289  87.810565  65.811260     9.612     9.552  9 57524.01376169 25.141
 290  87.814780  65.809219    12.367    12.337  9 57533.92941436 42.762
 291  87.814442  65.807901    15.938    15.919  9 57543.84506352 57.418
 292  87.815586  65.808113    14.817    14.829  9 57553.76071019 37.170
 293  87.812180  65.809902     8.657     8.671  9 57563.67635483 46.152
 294  87.810243  65.811364     5.640     5.661  9 57573.59199908 29.150
 295  87.809703  65.811478     4.947     4.885  9 57583.50764323 29.642
 296  87.815614  65.810445     7.983     7.095  9 57593.42328609 24.091
 297  87.813232  65.810377     5.979     5.244  9 57603.33892586 26.519
