-129480.827    58.511     0.00    3.41
-129194.083    58.616     0.37    3.32
-128907.344    58.758     0.50    2.99
-128620.608    59.079     1.12    2.74
-128333.876    58.878    -0.70    2.77
-128047.148    58.846    -0.11    2.99
-127760.425    59.457     2.13    3.64
-127473.705    60.964     5.26    5.23
-127186.989    63.378     8.42    6.71
-126900.277    65.533     7.52    7.69
-126613.570    68.399     9.99    7.44
-126326.866    71.271    10.02    6.04
-126040.166    73.621     8.20    4.49
-125753.471    75.508     6.58    3.64
-125466.779    77.188     5.86    3.98
-125180.091    78.644     5.08    4.43
-124893.407    80.598     6.82    4.90
-124606.728    82.387     6.24    4.55
-124320.052    83.476     3.80    4.21
-124033.380    83.807     1.16    4.18
-123746.713    83.214    -2.07    4.59
-123460.049    81.115    -7.32    6.35
-123173.389    77.344   -13.16    8.65
-122886.734    72.830   -15.75    9.63
-122600.082    68.886   -13.76    9.18
-122313.434    65.404   -12.15    7.75
-122026.791    63.791    -5.63    6.87
-121740.151    63.102    -2.40    7.40
-121453.515    65.045     6.78    9.80
-121166.883    66.988     6.78   10.64
-120880.256    68.603     5.64   10.61
-120593.632    69.692     3.80   10.46
-120307.012    69.835     0.50   10.53
-120020.397    69.311    -1.83   10.25
-119733.785    68.484    -2.88   10.07
-119447.177    66.782    -5.94    9.44
-119160.574    65.768    -3.54    9.14
-118873.974    64.507    -4.40    8.72
-118587.378    62.872    -5.70    8.61
-118300.786    59.828   -10.62    9.83
-118014.199    56.369   -12.07   11.05
-117727.615    52.892   -12.13   11.76
-117441.035    49.197   -12.89   10.76
-117154.460    45.440   -13.11    8.25
-116867.888    43.131    -8.06    5.73
-116581.320    43.057    -0.26    5.80
-116294.756    45.836     9.70   10.47
-116008.197    49.796    13.82   14.18
-115721.641    55.611    20.29   17.77
-115435.089    64.279    30.25   22.26
-115148.541    72.614    29.09   24.77
-114861.998    82.778    35.47   26.57
-114575.458    93.311    36.76   26.55
-114288.922   103.371    35.11   23.28
-114002.390   112.788    32.87   17.32
-113715.863   119.435    23.20    9.79
-113429.339   122.658    11.25    5.59
-113142.819   123.642     3.43    3.77
-112856.303   123.764     0.43    3.76
-112569.791   123.574    -0.66    4.02
-112283.284   123.748     0.61    4.19
-111996.780   124.421     2.35    4.82
-111710.280   125.686     4.42    5.73
-111423.784   127.347     5.80    6.31
-111137.292   128.342     3.47    6.13
-110850.804   128.534     0.67    5.72
-110564.321   128.248    -1.00    5.98
-110277.841   126.344    -6.65    7.08
-109991.365   123.534    -9.81    7.96
-109704.893   120.299   -11.29    7.86
-109418.425   117.092   -11.20    7.39
-109131.961   114.081   -10.51    6.56
-108845.501   111.810    -7.93    5.12
-108559.045   109.993    -6.34    3.61
-108272.593   109.775    -0.76    3.29
-107986.145   110.548     2.70    4.36
-107699.701   111.987     5.02    5.16
-107413.261   113.664     5.85    5.58
-107126.825   114.840     4.11    5.19
-106840.393   115.679     2.93    4.40
-106553.965   115.605    -0.26    4.05
-106267.541   114.908    -2.43    4.03
-105981.121   114.124    -2.74    3.99
-105694.705   112.949    -4.10    3.63
-105408.293   111.563    -4.84    4.07
-105121.885   109.796    -6.17    5.63
-104835.481   107.131    -9.30    6.97
-104549.081   104.162   -10.37    7.89
-104262.685   101.366    -9.76    8.12
-103976.293    98.249   -10.88    7.17
-103689.905    95.325   -10.21    5.51
-103403.520    93.005    -8.10    4.47
-103117.140    91.088    -6.70    4.23
-102830.764    89.891    -4.18    3.88
-102544.392    88.916    -3.40    3.55
-102258.024    87.987    -3.25    3.38
-101971.659    86.535    -5.07    4.38
-101685.299    84.594    -6.78    6.09
-101398.943    82.097    -8.72    7.24
-101112.591    78.981   -10.88    8.23
-100826.242    76.079   -10.13    8.34
-100539.898    73.145   -10.25    7.94
-100253.558    70.104   -10.62    6.96
 -99967.221    66.951   -11.01    6.37
 -99680.889    63.845   -10.85    6.50
 -99394.561    60.323   -12.30    7.71
 -99108.236    56.836   -12.18    8.79
 -98821.916    54.090    -9.59    8.67
 -98535.599    50.813   -11.44    8.40
 -98249.287    47.332   -12.16    7.98
 -97962.978    45.322    -7.02    7.13
 -97676.674    43.945    -4.81    6.16
 -97390.373    43.891    -0.19    5.58
 -97104.077    44.369     1.67    5.64
 -96817.784    46.016     5.75    6.40
 -96531.496    47.870     6.48    6.83
 -96245.211    50.016     7.50    6.39
 -95958.931    51.817     6.29    5.23
 -95672.654    52.830     3.54    3.93
 -95386.381    53.068     0.83    3.68
 -95100.113    52.721    -1.21    3.57
 -94813.848    51.878    -2.94    3.64
 -94527.587    50.585    -4.52    4.59
 -94241.331    48.998    -5.54    6.00
 -93955.078    46.316    -9.37    7.01
 -93668.829    43.817    -8.73    7.10
 -93382.584    40.932   -10.08    6.36
 -93096.344    38.352    -9.01    4.49
 -92810.107    37.045    -4.57    3.26
 -92523.874    36.651    -1.38    3.29
 -92237.645    36.816     0.58    4.15
 -91951.420    36.912     0.34    4.74
 -91665.199    37.147     0.82    5.40
 -91378.982    37.531     1.34    5.52
 -91092.769    37.997     1.63    5.43
 -90806.560    38.160     0.57    5.14
 -90520.355    38.026    -0.47    4.52
 -90234.154    37.493    -1.86    3.59
 -89947.957    36.915    -2.02    2.51
 -89661.764    36.571    -1.20    1.95
 -89375.575    35.985    -2.05    1.85
 -89089.390    35.528    -1.60    2.11
 -88803.209    35.616     0.31    2.30
 -88517.031    36.158     1.89    2.82
 -88230.858    37.077     3.21    3.64
 -87944.689    37.714     2.22    4.07
 -87658.524    38.508     2.78    4.08
 -87372.362    39.693     4.14    3.81
 -87086.205    40.540     2.96    3.12
 -86800.052    40.902     1.27    2.57
 -86513.902    40.450    -1.58    2.91
 -86227.757    40.154    -1.03    3.16
 -85941.615    39.316    -2.93    3.25
 -85655.478    38.437    -3.07    3.19
 -85369.345    37.577    -3.01    3.44
 -85083.215    35.991    -5.54    4.00
 -84797.089    34.894    -3.83    3.93
 -84510.968    34.255    -2.23    3.89
 -84224.850    33.664    -2.07    2.97
 -83938.737    33.178    -1.70    2.71
 -83652.627    32.877    -1.05    2.59
 -83366.521    32.922     0.16    2.55
 -83080.420    32.984     0.22    2.62
 -82794.322    32.103    -3.08    3.52
 -82508.228    30.045    -7.19    5.66
 -82222.138    27.757    -8.00    7.06
 -81936.052    24.836   -10.21    8.12
 -81649.971    21.832   -10.50    8.61
 -81363.893    19.312    -8.81    8.49
 -81077.819    17.119    -7.67    8.24
 -80791.749    15.371    -6.11    7.99
 -80505.683    13.749    -5.67    7.77
 -80219.621    12.558    -4.17    6.97
 -79933.563    12.081    -1.67    6.25
 -79647.509    11.894    -0.65    5.77
 -79361.459    12.154     0.91    5.64
 -79075.412    13.901     6.11    6.56
 -78789.370    16.657     9.63    7.20
 -78503.332    19.529    10.04    6.79
 -78217.298    21.912     8.33    6.07
 -77931.267    23.601     5.90    5.87
 -77645.241    25.054     5.08    5.60
 -77359.219    26.511     5.09    5.68
 -77073.200    27.516     3.52    5.74
 -76787.186    28.108     2.07    5.24
 -76501.176    28.826     2.51    4.53
 -76214.992    29.319     1.72    3.78
 -75928.048    29.762     1.54    3.15
 -75641.109    29.228    -1.86    3.20
 -75354.175    28.515    -2.48    3.45
 -75067.246    27.628    -3.09    3.64
 -74780.321    26.549    -3.76    3.82
 -74493.401    25.464    -3.78    3.62
 -74206.486    24.100    -4.75    3.11
 -73919.576    23.203    -3.13    3.23
 -73632.670    23.231     0.10    4.21
 -73345.769    23.699     1.63    4.86
 -73058.873    24.399     2.44    5.23
 -72771.981    24.364    -0.12    5.19
 -72485.094    24.490     0.44    4.88
 -72198.212    24.678     0.65    4.50
 -71911.335    24.664    -0.05    4.03
 -71624.463    24.756     0.32    3.81
 -71337.595    24.700    -0.19    3.68
 -71050.732    24.632    -0.24    3.33
 -70763.873    24.728     0.33    3.23
 -70477.020    23.750    -3.41    3.90
 -70190.171    22.563    -4.14    4.31
 -69903.327    21.700    -3.01    4.36
 -69616.487    20.933    -2.67    4.19
 -69329.653    20.114    -2.86    4.24
 -69042.823    18.960    -4.02    4.23
 -68755.997    18.540    -1.47    4.16
 -68469.177    18.769     0.80    4.21
 -68182.361    18.972     0.71    4.17
 -67895.550    19.562     2.06    4.08
 -67608.744    19.872     1.08    3.56
 -67321.942    21.149     4.45    3.77
 -67035.145    22.757     5.60    4.12
 -66748.353    24.544     6.23    4.26
 -66461.566    25.931     4.84    4.11
 -66174.783    27.399     5.12    4.29
 -65888.005    28.149     2.62    4.09
 -65601.232    28.498     1.22    3.86
 -65314.464    28.721     0.78    3.78
 -65027.700    28.912     0.67    3.48
 -64740.941    29.005     0.32    3.10
 -64454.187    28.591    -1.44    3.04
 -64167.437    28.153    -1.53    2.78
 -63880.692    28.221     0.23    2.78
 -63593.952    28.337     0.41    2.89
 -63307.217    28.155    -0.63    3.28
 -63020.486    27.469    -2.39    3.86
 -62733.760    25.899    -5.47    4.45
 -62447.039    24.476    -4.96    4.59
 -62160.323    23.318    -4.04    4.29
 -61873.611    22.651    -2.33    3.60
 -61586.904    23.063     1.44    3.83
 -61300.202    24.502     5.02    4.84
 -61013.504    26.559     7.17    6.16
 -60726.811    28.974     8.43    5.69
 -60440.123    30.630     5.77    5.53
 -60153.440    31.603     3.39    5.61
 -59866.761    32.052     1.57    5.32
 -59580.087    32.324     0.95    5.11
 -59293.418    32.047    -0.96    4.84
 -59006.753    32.324     0.96    5.03
 -58720.093    32.263    -0.21    5.25
 -58433.438    31.976    -1.00    5.62
 -58146.788    31.385    -2.06    5.71
 -57860.142    32.068     2.38    6.48
 -57573.502    33.255     4.14    8.09
 -57286.865    35.568     8.07    8.72
 -57000.234    38.560    10.44    8.83
 -56713.607    41.437    10.04    7.65
 -56426.985    43.791     8.21    5.56
 -56140.368    45.467     5.85    4.07
 -55853.755    45.700     0.81    3.88
 -55567.147    44.936    -2.67    3.84
 -55280.544    44.471    -1.62    3.60
 -54993.946    44.628     0.55    3.68
 -54707.352    45.621     3.47    4.14
 -54420.763    46.700     3.76    4.08
 -54134.179    47.114     1.44    3.79
 -53847.599    47.502     1.36    3.46
 -53561.024    47.586     0.29    3.40
 -53274.454    47.407    -0.63    3.39
 -52987.889    46.672    -2.56    3.20
 -52701.328    45.754    -3.20    3.11
 -52414.772    44.457    -4.53    3.10
 -52128.221    43.620    -2.92    3.39
 -51841.674    42.778    -2.94    3.38
 -51555.132    41.840    -3.27    3.12
 -51268.595    41.265    -2.01    2.96
 -50982.063    40.604    -2.31    2.86
 -50695.535    40.325    -0.97    3.03
 -50409.012    40.149    -0.61    3.05
 -50122.494    40.498     1.22    3.89
 -49835.980    41.693     4.17    5.66
 -49549.471    43.203     5.27    7.71
 -49262.967    45.137     6.75    9.32
 -48976.468    45.830     2.42    9.84
 -48689.973    45.541    -1.01   10.18
 -48403.483    44.803    -2.57   10.35
 -48116.998    42.131    -9.33    9.60
 -47830.517    39.373    -9.63    7.55
 -47544.041    37.304    -7.23    5.80
 -47257.570    35.331    -6.89    4.69
 -46971.104    33.650    -5.87    3.87
 -46684.642    31.810    -6.42    3.44
 -46398.185    30.493    -4.60    3.87
 -46111.732    29.150    -4.69    4.10
 -45825.285    27.878    -4.44    3.71
 -45538.842    26.834    -3.64    2.61
 -45252.404    26.116    -2.51    2.11
 -44965.970    25.589    -1.84    1.95
 -44679.541    25.249    -1.19    1.84
 -44393.117    24.997    -0.88    1.78
 -44106.698    24.543    -1.58    1.89
 -43820.283    23.944    -2.09    1.82
 -43533.873    23.305    -2.23    1.48
 -43247.468    22.971    -1.17    1.18
 -42961.067    23.124     0.53    1.30
 -42674.671    23.585     1.61    1.60
 -42388.280    23.786     0.70    1.53
 -42101.894    23.957     0.60    1.80
 -41815.512    23.629    -1.14    2.17
 -41529.135    22.791    -2.93    3.01
 -41242.763    21.487    -4.55    3.84
 -40956.395    20.253    -4.31    3.98
 -40670.032    18.974    -4.46    3.63
 -40383.674    17.937    -3.62    2.99
 -40097.320    17.082    -2.99    2.25
 -39810.971    16.848    -0.81    2.17
 -39524.627    16.657    -0.67    2.24
 -39238.288    16.516    -0.49    2.32
 -38951.953    15.976    -1.89    2.90
 -38665.623    15.123    -2.98    3.27
 -38379.298    14.078    -3.65    3.53
 -38092.977    12.678    -4.89    3.92
 -37806.661    11.476    -4.20    3.88
 -37520.350    11.072    -1.41    3.74
 -37234.043    11.419     1.21    4.02
 -36947.741    12.130     2.48    4.44
 -36661.444    12.786     2.29    4.58
 -36375.152    13.532     2.61    4.45
 -36088.864    14.231     2.44    3.76
 -35802.581    14.326     0.33    3.43
 -35516.303    13.776    -1.92    3.50
 -35230.029    12.929    -2.96    3.34
 -34943.760    11.829    -3.85    2.68
 -34657.496    11.402    -1.49    2.37
 -34371.236    10.755    -2.26    2.91
 -34084.981     9.775    -3.42    3.26
 -33798.731     8.805    -3.39    3.39
 -33512.486     7.941    -3.02    2.92
 -33226.245     7.471    -1.64    2.62
 -32940.009     7.179    -1.02    2.29
 -32653.777     7.162    -0.06    2.24
 -32367.551     7.234     0.25    2.86
 -32081.329     7.295     0.21    3.28
 -31795.111     7.430     0.47    3.37
 -31508.899     7.387    -0.15    3.52
 -31222.691     7.488     0.35    3.53
 -30936.487     7.518     0.10    3.47
 -30650.289     8.232     2.49    3.41
 -30364.095     9.214     3.43    2.94
 -30077.906     9.822     2.13    2.54
 -29791.721    10.248     1.49    2.24
 -29505.542    10.979     2.55    2.41
 -29219.367    11.392     1.44    2.62
 -28933.196    11.721     1.15    2.74
 -28647.030    11.967     0.86    2.93
 -28360.869    12.728     2.66    3.04
 -28074.713    13.532     2.81    2.84
 -27788.561    14.238     2.47    2.77
 -27502.414    14.570     1.16    2.75
 -27216.272    14.785     0.75    2.86
 -26930.135    14.685    -0.35    2.93
 -26644.002    14.075    -2.13    3.38
 -26357.873    13.265    -2.83    3.65
 -26071.750    12.355    -3.18    3.67
 -25785.631    11.564    -2.76    3.38
 -25499.517    10.714    -2.97    2.90
 -25213.407    10.638    -0.27    2.75
 -24927.303    11.424     2.75    3.15
 -24641.203    12.265     2.94    3.17
 -24355.107    12.612     1.21    3.06
 -24069.016    12.569    -0.15    3.15
 -23782.930    12.210    -1.25    3.36
 -23496.849    11.074    -3.97    3.74
 -23210.772     9.549    -5.33    3.54
 -22924.700     8.571    -3.42    3.27
 -22638.633     7.549    -3.57    3.17
 -22352.570     6.557    -3.47    3.01
 -22066.512     6.248    -1.08    2.60
 -21780.459     6.336     0.31    2.98
 -21494.411     6.665     1.15    3.60
 -21208.367     8.002     4.68    4.47
 -20922.327     9.312     4.58    4.32
 -20636.293    10.432     3.91    3.88
 -20350.263    10.965     1.86    3.11
 -20064.238    10.991     0.09    2.85
 -19778.217    11.242     0.88    2.81
 -19492.202    11.469     0.79    2.86
 -19206.191    11.985     1.80    3.25
 -18920.184    12.735     2.62    3.59
 -18634.182    13.565     2.90    4.05
 -18348.185    14.664     3.84    3.86
 -18062.193    15.728     3.72    3.39
 -17776.205    16.671     3.30    2.77
 -17490.222    17.259     2.06    2.25
 -17204.244    17.286     0.09    2.23
 -16918.270    17.262    -0.08    2.54
 -16632.301    17.210    -0.18    2.77
 -16346.337    17.042    -0.59    2.89
 -16060.377    17.319     0.97    2.96
 -15774.422    17.258    -0.21    2.74
 -15488.472    17.125    -0.47    2.57
 -15202.526    17.239     0.40    2.63
 -14916.585    17.621     1.34    2.66
 -14630.649    18.073     1.58    2.63
 -14344.436    18.314     0.84    2.62
 -14057.412    18.408     0.33    2.52
 -13770.395    18.735     1.14    2.50
 -13483.382    19.088     1.23    2.25
 -13196.376    18.833    -0.89    2.51
 -12909.374    18.278    -1.93    2.54
 -12622.379    17.770    -1.77    2.55
 -12335.388    17.469    -1.05    2.84
 -12048.403    16.692    -2.71    3.11
 -11761.424    15.868    -2.87    3.22
 -11474.450    15.103    -2.67    2.88
 -11187.481    15.369     0.93    3.43
 -10900.518    15.494     0.44    3.50
 -10613.561    15.799     1.06    3.79
 -10326.608    16.769     3.38    4.13
 -10039.662    17.728     3.34    4.17
  -9752.721    17.985     0.90    4.15
  -9465.785    17.563    -1.47    4.26
  -9178.855    17.153    -1.43    4.15
  -8891.930    16.678    -1.66    3.94
  -8605.010    16.582    -0.34    3.39
  -8318.096    16.464    -0.41    2.99
  -8031.188    16.919     1.59    3.06
  -7744.285    17.868     3.30    2.93
  -7457.387    18.948     3.77    3.40
  -7170.495    19.833     3.08    3.61
  -6883.609    20.864     3.59    3.52
  -6596.728    21.742     3.06    3.67
  -6309.852    22.412     2.33    3.62
  -6022.982    23.496     3.78    3.18
  -5736.117    23.485    -0.04    3.63
  -5449.257    22.864    -2.17    3.98
  -5162.404    22.756    -0.38    3.90
  -4875.555    20.462    -8.00    6.61
  -4588.712    17.858    -9.08    7.60
  -4301.875    15.750    -7.35    7.99
  -4015.043    13.541    -7.70    8.62
  -3728.216    10.714    -9.86    8.99
  -3441.395     7.541   -11.06    7.73
  -3154.579     5.930    -5.62    7.37
  -2867.769     5.139    -2.76    7.46
  -2580.964     3.399    -6.07    6.86
  -2294.165     1.413    -6.93    4.65
  -2007.371     0.047    -4.76    1.71
  -1720.582    -0.272    -1.11    0.12
  -1433.799    -0.286    -0.05    0.00
  -1147.022    -0.286     0.00    0.00
   -860.250    -0.286     0.00    0.00
   -573.483    -0.286     0.00    0.00
   -286.722    -0.286     0.00    0.00
      0.034    -0.286     0.00    0.00
    286.784     0.031     1.11    1.69
    573.529     1.838     6.30    6.12
    860.269     5.301    12.08   10.61
   1147.003     8.642    11.65   12.85
   1433.731    12.699    14.15   13.96
   1720.454    15.790    10.78   13.76
   2007.172    17.149     4.74   12.77
   2293.884    18.302     4.02   11.03
   2580.591    19.457     4.03    8.94
   2867.292    19.551     0.33    6.92
   3153.988    18.843    -2.47    5.37
   3440.679    19.445     2.10    4.83
   3727.364    21.476     7.09    4.55
   4014.043    24.014     8.85    4.94
   4300.717    25.686     5.83    6.55
   4587.386    28.224     8.85    7.15
   4874.049    30.700     8.64    6.73
   5160.707    32.714     7.03    6.00
   5447.359    34.214     5.23    5.53
   5734.006    34.089    -0.44    7.50
   6020.648    34.193     0.36    7.29
   6307.284    33.934    -0.90    6.61
   6593.914    33.491    -1.55    6.23
   6880.540    33.040    -1.57    6.71
   7167.159    30.465    -8.98   10.03
   7453.774    27.091   -11.77   12.50
   7740.382    23.174   -13.67   14.24
   8026.986    19.692   -12.15   14.99
   8313.584    15.539   -14.49   15.26
   8600.176    11.783   -13.11   14.75
   8886.763     8.811   -10.37   13.84
   9173.345     5.929   -10.05   11.85
   9459.921     4.714    -4.24   10.98
   9746.492     4.602    -0.39   10.17
  10033.058     4.564    -0.13    9.58
  10319.617     5.854     4.50   11.19
  10606.172     7.828     6.89   12.60
  10892.721     9.095     4.42   13.24
  11179.265    10.727     5.70   13.88
  11465.803    10.422    -1.07   13.82
  11752.336    13.268     9.93   15.47
  12038.863    17.692    15.44   18.24
  12325.385    23.161    19.09   21.16
  12611.901    31.126    27.80   23.61
  12898.412    39.874    30.53   23.64
  13184.918    50.621    37.51   18.99
  13471.418    58.407    27.17    9.17
  13757.913    61.484    10.74    6.22
  14044.402    62.200     2.50    5.31
  14330.886    62.210     0.04    5.26
  14617.365    63.109     3.14    7.10
  14903.838    66.871    13.13   13.07
  15190.306    72.238    18.74   18.32
  15476.768    80.763    29.76   21.30
  15763.225    90.491    33.96   20.91
  16049.676   100.649    35.46   19.17
  16336.122   106.791    21.44   14.50
  16622.562   106.823     0.11   15.80
  16908.997   104.133    -9.39   18.04
  17195.427   100.808   -11.61   18.35
  17481.851    97.460   -11.69   16.83
  17768.270    95.465    -6.96   13.84
  18054.684    95.899     1.51   11.19
  18341.092   100.150    14.84   11.22
  18627.494   105.771    19.62    9.40
  18913.891   109.421    12.74    7.34
  19200.283   111.297     6.55    5.53
  19486.669   111.478     0.63    5.43
  19773.050   109.799    -5.86    7.19
  20059.426   107.542    -7.88    7.91
  20345.796   105.728    -6.34    7.52
  20632.160   104.397    -4.65    6.77
  20918.519   105.847     5.07    8.82
  21204.873   109.138    11.49   10.13
  21491.222   112.275    10.95    9.21
  21777.565   115.728    12.06    8.66
  22063.902   119.294    12.45    8.27
  22350.234   122.007     9.48    7.28
  22636.561   122.387     1.33    6.72
  22922.882   121.757    -2.20    6.43
  23209.198   122.207     1.57    6.41
  23495.509   121.931    -0.96    6.28
  23781.814   120.892    -3.63    6.05
  24068.113   120.278    -2.15    5.89
  24354.407   121.214     3.27    6.36
  24640.696   123.795     9.02    6.90
  24926.980   126.056     7.90    8.05
  25213.258   129.073    10.54    8.88
  25499.530   132.721    12.74    8.87
  25785.797   136.378    12.78    7.97
  26072.059   139.874    12.21    7.87
  26358.315   142.439     8.96    7.51
  26644.566   145.480    10.62    7.79
  26930.812   149.557    14.24    9.44
  27217.052   154.189    16.18   10.71
  27503.287   159.007    16.83   11.26
  27789.516   163.487    15.65   11.22
  28075.740   167.985    15.72   10.92
  28361.958   172.354    15.26    9.55
  28648.171   175.991    12.71    8.87
  28934.379   179.644    12.76    8.28
  29220.581   183.385    13.07    7.70
  29506.778   186.742    11.73    7.35
  29792.970   190.511    13.17    6.81
  30079.156   193.707    11.17    7.15
  30365.336   197.930    14.76    8.05
  30651.512   202.772    16.92    9.65
  30937.681   207.069    15.02    9.71
  31223.846   209.890     9.86    9.18
  31510.005   212.221     8.15    8.64
  31796.158   212.531     1.08    9.49
  32082.307   211.478    -3.68   10.23
  32368.449   210.232    -4.36   10.35
  32654.587   208.343    -6.60    9.71
  32940.719   206.056    -7.99    9.41
  33226.846   203.178   -10.06    9.11
  33512.967   201.040    -7.47    8.80
  33799.083   199.742    -4.54    8.29
  34085.193   198.991    -2.62    7.32
  34371.298   200.154     4.06    7.46
  34657.398   202.988     9.91    8.63
  34943.492   206.160    11.09    8.23
  35229.581   209.630    12.13    6.54
  35515.664   211.500     6.53    5.07
  35801.742   212.538     3.63    4.38
  36087.815   211.771    -2.68    4.73
  36373.882   210.192    -5.52    5.93
  36659.944   207.564    -9.19    6.50
  36946.000   205.571    -6.97    6.21
  37232.051   203.663    -6.67    5.98
  37518.097   202.873    -2.76    5.78
  37804.137   202.664    -0.73    6.40
  38090.172   202.812     0.51    7.02
  38376.201   202.735    -0.27    7.48
  38662.225   200.992    -6.09    9.48
  38948.244   197.217   -13.20   13.05
  39234.257   190.791   -22.47   16.69
  39520.265   182.333   -29.57   18.56
  39806.268   173.840   -29.70   18.53
  40092.265   165.421   -29.44   16.22
  40378.257   158.792   -23.18   12.22
  40664.243   152.868   -20.72    9.61
  40950.224   148.853   -14.04    7.20
  41236.199   146.458    -8.37    5.75
  41522.170   144.837    -5.67    5.00
  41808.134   143.185    -5.78    5.26
  42094.094   141.251    -6.76    5.48
  42380.048   139.431    -6.37    5.23
  42665.996   138.232    -4.19    5.10
  42951.940   136.612    -5.66    4.91
  43237.877   135.322    -4.51    4.88
  43523.810   133.679    -5.75    4.97
  43809.737   132.364    -4.60    5.70
  44095.659   130.160    -7.71    7.07
  44381.575   127.214   -10.31    7.80
  44667.486   123.859   -11.73    8.51
  44953.391   120.274   -12.54    8.87
  45239.291   115.121   -18.02   10.31
  45525.186   109.504   -19.65   10.97
  45811.076   105.978   -12.33    9.18
  46096.960   104.588    -4.86    8.88
  46382.838   106.532     6.80   11.19
  46668.711   110.786    14.88   14.43
  46954.579   116.485    19.94   16.29
  47240.442   123.488    24.50   15.39
  47526.708   130.337    23.92   14.04
  47813.811   137.324    24.33   12.32
  48100.907   143.576    21.78   11.43
  48387.998   148.449    16.98   10.44
  48675.082   152.762    15.02    8.79
  48962.160   156.630    13.48    6.46
  49249.231   159.423     9.73    4.21
  49536.297   160.894     5.12    4.08
  49823.356   162.182     4.49    4.43
  50110.409   163.887     5.94    5.30
  50397.456   165.808     6.69    5.88
  50684.497   168.304     8.69    6.08
  50971.532   171.140     9.88    6.47
  51258.560   174.210    10.70    6.45
  51545.582   176.735     8.80    5.92
  51832.598   178.325     5.54    4.61
  52119.608   179.993     5.81    4.25
  52406.612   181.310     4.59    4.67
  52693.609   183.894     9.00    6.42
  52980.600   186.641     9.57    8.55
  53267.585   191.294    16.21   11.60
  53554.564   197.401    21.28   14.22
  53841.537   204.907    26.15   15.09
  54128.504   211.272    22.18   14.98
  54415.464   216.317    17.58   13.34
  54702.418   220.874    15.88   11.91
  54989.366   224.739    13.47   10.05
