# NaN NaN NaN ;Mean Elev.(m), Avg Gradient(m/km), RMS Gradient(m/km) - SRTM1     
#  -15.655  -0.950   5.586 ;Mean Elev.(m), Avg Gradient(m/km), RMS Gradient(m/km) - ASTER GDEM
#   13.000  -1.338   3.208 ;Mean Elev.(m), Avg Gradient(m/km), RMS Gradient(m/km) - GMTED2010 
   1  87.531215  64.074282    10.306    13.245 10 54663.39111239 37.514
   2  87.531156  64.074814    13.822    12.963 10 54673.30675723 29.151
   3  87.530272  64.076105   -19.965   -19.894  9 54683.22240055  7.051
   4  87.528839  64.077357    14.421    13.383 10 54693.13804255 35.018
   5  87.530712  64.076952   -17.958   -17.933  9 54703.05368254  7.115
   6  87.531903  64.074607    16.731    17.101 10 54712.96933214 29.116
   7  87.533312  64.071991    -0.122     0.470  9 54722.88498337 13.744
   8  87.533522  64.070418    18.358    18.000  9 54732.80063192 26.479
   9  87.531077  64.071158    12.997    12.955  9 54742.71627844 51.928
  10  87.532830  64.071533    17.414    19.066  9 54752.63192511 27.949
  11  87.533943  64.071265    27.116    26.729  9 54762.54757141 23.153
  12  87.533907  64.069986    12.371    12.234  9 54772.46321521 43.287
  13  87.534229  64.068896    12.067    11.944  8 54782.37885613 47.432
  14  87.531814  64.069599    13.273    13.252  9 54792.29449426 34.697
  15  87.531204  64.071638    15.662    15.466  9 54802.21013141 25.186
  16  87.529990  64.073769    21.983    20.219  9 54812.12576840 18.083
  17  87.531207  64.074317    22.475    20.661  9 54822.04141050 16.895
  18  87.532599  64.073135    22.499    20.938  9 54831.95706285 16.031
  19  87.530970  64.072914    19.741    19.761  9 54841.87270140 14.586
  20  87.531055  64.073506    20.721    20.584  9 54851.78835032 13.424
  21  87.532226  64.074651    20.081    20.054  9 54861.70399889 13.996
  22  87.531891  64.075367    20.216    20.175 10 54871.61964735 14.386
  23  87.530519  64.074434    20.084    20.049  9 54881.53529415 14.258
  24  87.534028  64.071221    22.645    21.027  9 54891.45093832 14.114
  25  87.532953  64.069100    21.674    21.034  9 54901.36657911 14.318
  26  87.531873  64.069292    22.331    21.202  8 54911.28221802 14.096
  27  87.532676  64.070892    23.455    21.110  8 54921.19785590 13.736
  28  87.533068  64.072508    29.666    31.190  9 54931.11349317 13.713
  29  87.531262  64.072836    17.476    14.331  9 54941.02912896 15.761
  30  87.532095  64.071464    15.377    15.383  8 54950.94476347 26.525
  31  87.532252  64.070053    18.935    18.924  8 54960.86040424 32.296
  32  87.533282  64.070105    23.690    23.707  9 54970.77605299 33.349
  33  87.530392  64.072293    21.342    21.310  9 54980.69169997 42.941
  34  87.531719  64.073593    23.059    23.097 10 54990.60734710 31.531
  35  87.530421  64.073843    19.696    19.411  9 55000.52299386 29.215
  36  87.531617  64.073133    15.947    14.871  9 55010.43863916 28.572
  37  87.531330  64.072818    14.812    14.686  9 55020.35428274 28.342
  38  87.532157  64.073635    13.116    13.129 10 55030.26992519 41.833
  39  87.532055  64.075131    15.648    15.741  9 55040.18556688 25.371
  40  87.530408  64.076633    13.618    12.575  9 55050.10120708 29.364
  41  87.531286  64.075696    12.877    12.856 10 55060.01684558 54.939
  42  87.530111  64.073322    12.611    12.542  9 55069.93248636 39.032
  43  87.532275  64.069975    12.789    12.758  8 55079.84813627 54.991
  44  87.532569  64.069135    17.166    16.851  9 55089.76378381 27.173
  45  87.532506  64.070495    19.557    20.137  9 55099.67942995 27.697
  46  87.533932  64.071981    17.210    18.830  9 55109.59507569 25.180
  47  87.532498  64.072183    12.459    12.370  9 55119.51071983 35.246
  48  87.530892  64.070486    12.240    12.189  9 55129.42636161 38.725
  49  87.532179  64.068261    12.058    12.088  8 55139.34200170 43.244
  50  87.533277  64.068479    14.486    13.651  9 55149.25764039 35.606
  51  87.532987  64.071314    16.199    15.709  9 55159.17327846 28.391
  52  87.529734  64.074698    20.192    19.084  9 55169.08891590 22.727
  53  87.531109  64.075550    21.396    17.871 10 55179.00455299 21.246
  54  87.532553  64.074065    17.543    17.685  9 55188.92019929 20.375
  55  87.530705  64.073288    18.078    17.972  9 55198.83584983 19.623
  56  87.533498  64.073051    17.942    17.984  9 55208.75149984 18.723
  57  87.531393  64.074695    22.478    19.359  9 55218.66714870 16.665
  58  87.530850  64.074896    24.202    25.673 10 55228.58279701 16.025
  59  87.530619  64.073509    22.458    21.342  9 55238.49844242 16.214
  60  87.532109  64.070606    23.744    24.090  9 55248.41408456 16.643
  61  87.533624  64.068356    23.861    24.100  9 55258.32972430 16.482
  62  87.532063  64.068798    25.536    26.351  9 55268.24536282 14.381
  63  87.531469  64.070864    25.607    25.567  9 55278.16100098 14.531
  64  87.533026  64.072377    25.058    26.655  9 55288.07663814 13.609
  65  87.531051  64.073283    25.192    26.026  9 55297.99227265 13.687
  66  87.534582  64.070841    16.174    16.450  9 55307.90791564 11.290
  67  87.533766  64.069061    14.127    14.131  9 55317.82356210 31.871
  68  87.532937  64.069172    17.720    17.530  9 55327.73920724 31.527
  69  87.531571  64.071410    22.721    22.701  9 55337.65485136 39.789
  70  87.531059  64.073735    22.751    22.729  9 55347.57049509 52.817
  71  87.530765  64.074731    22.494    20.637 10 55357.48613730 29.482
  72  87.530893  64.074406    24.594    21.474 10 55367.40177763 26.540
  73  87.529809  64.074173    24.471    21.411  9 55377.31741642 24.520
  74  87.530928  64.074483    14.373    14.297 10 55387.23305456 54.824
  75  87.531063  64.075562    21.814    20.719  9 55397.14869166 20.434
  76  87.530193  64.076098    16.854    16.840 10 55407.06433453 27.855
  77  87.531017  64.074262    18.513    20.218  9 55416.97998595 24.887
  78  87.531886  64.071369    19.022    20.929  9 55426.89563403 27.755
  79  87.532311  64.069403    25.278    27.285  8 55436.81127926 23.548
  80  87.532416  64.069304    18.458    18.645  8 55446.72692292 25.977
  81  87.532086  64.070641    22.172    22.541  8 55456.64256592 25.880
  82  87.534678  64.071536    16.660    17.412  9 55466.55820852 28.529
  83  87.533261  64.071932    24.487    23.545  9 55476.47384765 25.934
  84  87.532823  64.071029    20.255    21.056  9 55486.38948381 28.894
  85  87.531807  64.070259    21.368    21.372  9 55496.30511778 33.296
  86  87.530661  64.071293    20.468    21.057  9 55506.22075298 23.367
  87  87.531067  64.072519    11.868    11.885  9 55516.13640350 37.827
  88  87.530357  64.074289    13.479    13.477  9 55526.05205296 32.113
  89  87.530743  64.074722    12.929    12.875  9 55535.96770062 27.531
  90  87.530620  64.074250    13.097    13.090 10 55545.88334616 21.436
  91  87.529508  64.074008    14.521    13.805  9 55555.79898971 20.800
  92  87.529636  64.074227    14.715    14.731  9 55565.71463240 21.679
  93  87.533037  64.073965    16.265    15.541  9 55575.63027478 18.141
  94  87.532221  64.073566    15.446    15.299  9 55585.54591505 19.032
  95  87.529642  64.072872    17.254    17.520  9 55595.46155192 17.142
  96  87.532626  64.071307    18.114    17.810  8 55605.37718618 16.130
  97  87.534413  64.070972    16.817    15.958  9 55615.29281820 16.716
  98  87.529951  64.072527    23.099    25.142  9 55625.20845819 14.534
  99  87.534335  64.071888    25.071    25.899  9 55635.12411103 14.120
 100  87.534130  64.071750    23.230    25.572  9 55645.03976124 13.968
 101  87.530407  64.071683    25.323    26.504  9 55654.95540834 12.027
 102  87.532207  64.070505    13.693    13.673  8 55664.87105148 18.769
 103  87.533414  64.070100    15.276    15.281  9 55674.78669148 36.048
 104  87.532315  64.071266    23.440    23.421  8 55684.70232944 43.332
 105  87.532227  64.073058    20.470    20.468  9 55694.61796623 55.893
 106  87.531909  64.074911    20.366    20.315  9 55704.53360164 24.539
 107  87.530632  64.075438    17.233    17.147  9 55714.44924807 44.583
 108  87.531448  64.074777    17.282    15.833  9 55724.36489721 24.220
 109  87.531049  64.074619    12.669    12.672  9 55734.28054429 53.753
 110  87.531693  64.074601    16.403    17.636  9 55744.19619022 22.819
 111  87.531783  64.074290    13.882    12.967  9 55754.11183464 26.557
 112  87.529520  64.073550    16.183    17.284  9 55764.02747659 30.198
 113  87.534764  64.070987    16.733    17.833  9 55773.94311656 25.257
 114  87.534210  64.070000    17.952    17.526  9 55783.85875250 24.354
 115  87.530401  64.071583    13.155    13.196  9 55793.77438547 47.691
 116  87.530454  64.073289    13.903    13.907  9 55803.69002147 54.243
 117  87.533268  64.073199    23.289    21.113  9 55813.60567132 23.650
 118  87.532952  64.072454    14.960    13.317  9 55823.52131899 33.249
 119  87.531224  64.071527    18.475    19.422  9 55833.43696182 26.580
 120  87.532610  64.070739    21.648    21.232  8 55843.35260079 22.103
 121  87.533801  64.071511    18.898    18.237  9 55853.26823663 27.053
 122  87.531114  64.074056    12.329    12.317 10 55863.18387241 39.041
 123  87.529662  64.074972    13.071    12.057  9 55873.09952628 47.476
 124  87.531574  64.074736    16.340    16.909 10 55883.01517547 30.785
 125  87.532041  64.074438    16.613    17.107 10 55892.93081816 24.311
 126  87.530654  64.074909    19.446    18.702  9 55902.84645499 20.168
 127  87.532001  64.075504    21.635    19.167 10 55912.76209163 20.432
 128  87.530121  64.075686    19.729    18.749 10 55922.67774565 20.603
 129  87.531529  64.074644    24.332    26.170  9 55932.59339719 17.581
 130  87.531875  64.072502    22.363    21.399  9 55942.50904444 17.970
 131  87.531854  64.070096    21.477    21.479  9 55952.42468735 17.694
 132  87.533779  64.068823    24.156    21.889  9 55962.34032700 15.979
 133  87.534165  64.069983    29.375    29.362  9 55972.25596432 16.488
 134  87.532987  64.072690    25.963    26.563  9 55982.17160015 15.877
 135  87.532697  64.074160    25.367    26.655  9 55992.08723462 16.291
 136  87.531803  64.073127    27.839    28.267  9 56002.00288212 16.531
 137  87.534486  64.070177    26.656    26.716  9 56011.91853258 16.514
 138  87.532960  64.069463    12.760    12.665  9 56021.83417881 17.342
 139  87.534551  64.070279    12.978    12.888  9 56031.74982228 21.547
 140  87.531097  64.073408    13.190    13.218  9 56041.66546299 23.699
 141  87.531216  64.075206    14.438    14.389 10 56051.58110175 40.737
 142  87.530015  64.076021    22.213    22.214  9 56061.49673768 37.352
 143  87.530328  64.075240    20.643    20.866  9 56071.41237633 27.917
 144  87.531878  64.073841    19.260    19.272 10 56081.32802715 37.442
 145  87.529998  64.074334    15.198    15.271  9 56091.24367491 51.446
 146  87.532254  64.074852    15.284    14.362 10 56101.15932070 26.761
 147  87.530455  64.074967    15.443    13.308 10 56111.07495195 27.719
 148  87.532193  64.072963    14.008    13.038  9 56120.99059193 26.072
 149  87.531337  64.071027    13.055    12.043  9 56130.90622794 31.007
 150  87.534048  64.069801    11.529    11.475  9 56140.82186258 38.675
 151  87.530766  64.071123    14.675    13.112  9 56150.73751310 27.531
 152  87.533430  64.072604    11.677    11.660  9 56160.65316224 48.675
 153  87.531949  64.073840    11.306    11.261  9 56170.56880939 34.348
 154  87.530694  64.072935    11.593    11.558  9 56180.48445274 43.162
 155  87.531742  64.070844    13.441    12.833  9 56190.40009245 29.506
 156  87.531139  64.070294    17.100    18.322  9 56200.31572902 26.795
 157  87.532331  64.072144    15.176    13.667  9 56210.23136320 29.096
 158  87.530709  64.075746    10.637    10.582  9 56220.14699516 40.547
 159  87.529377  64.077499    11.260    11.325  9 56230.06264470 46.882
 160  87.530448  64.076436    12.416    12.163 10 56239.97829822 32.892
 161  87.531375  64.074604    12.483    12.054 10 56249.89394783 28.440
 162  87.529676  64.073735    15.030    14.893  9 56259.80959228 24.947
 163  87.533156  64.073529    20.348    19.613  9 56269.72523446 20.192
 164  87.530645  64.074843    19.563    19.643  9 56279.64087421 20.345
 165  87.531319  64.074472    23.631    25.464 10 56289.55652517 18.217
 166  87.531107  64.072532    20.458    20.352  9 56299.47217357 18.281
 167  87.531678  64.069950    23.037    21.721  9 56309.38781813 18.211
 168  87.534642  64.068197    22.925    22.606  8 56319.30346050 16.879
 169  87.532511  64.069933    19.573    20.049  8 56329.21910121 16.574
 170  87.531947  64.072555    21.082    19.647  9 56339.13474118 16.896
 171  87.531084  64.074508    19.253    19.618 10 56349.05037912 16.615
 172  87.529535  64.074345    19.789    19.770  9 56358.96601459 16.033
 173  87.533581  64.070928    19.287    19.933  9 56368.88166591 16.162
 175  87.530266  64.071641    21.394    20.171  9 56388.71295867 15.531
 176  87.530302  64.074419    27.780    28.202  9 56398.62860176 11.635
 177  87.529800  64.076482    12.660    12.636 10 56408.54424239 39.637
 178  87.529944  64.076616    16.700    16.209  9 56418.45987896 31.044
 179  87.531635  64.075488    22.924    22.910  9 56428.37551197 28.096
 180  87.531476  64.073697    23.154    22.060 10 56438.29116595 30.916
 181  87.530880  64.073290    18.605    18.539  9 56448.20681723 54.830
 182  87.532863  64.073334    20.110    20.898  9 56458.12246653 23.838
 183  87.531991  64.073080    14.552    14.475  9 56468.03811233 41.179
 184  87.534145  64.071525    21.189    23.650  9 56477.95375445 24.479
 185  87.533067  64.070282    12.973    12.954  9 56487.86939242 43.140
 186  87.532691  64.070226    12.634    12.686  9 56497.78502773 48.312
 187  87.534228  64.071355    12.119    12.095  9 56507.70066184 25.832
 188  87.531244  64.074112    12.688    12.428  9 56517.61629871 26.032
 189  87.530996  64.074447    12.148    12.092 10 56527.53195284 52.261
 190  87.530151  64.073839    14.511    12.792  9 56537.44760274 27.674
 192  87.533756  64.070967    20.728    22.918  9 56557.27889281 25.810
 193  87.530516  64.072705    18.925    20.954  9 56567.19453493 27.329
 194  87.530778  64.075014    14.319    12.512  9 56577.11017603 33.209
 195  87.529737  64.077100    11.826    11.818 10 56587.02581354 35.817
 196  87.531078  64.076966    11.587    11.542 10 56596.94145391 46.109
 197  87.530153  64.075220    16.270    16.210  9 56606.85710586 39.496
 198  87.530953  64.073740    18.256    16.747  9 56616.77275299 24.344
 199  87.531309  64.073450    22.427    22.144  9 56626.68839649 22.768
 200  87.531310  64.073775    25.699    25.773 10 56636.60403712 21.758
 201  87.530445  64.073898    26.316    26.328  9 56646.51967765 16.710
 202  87.532048  64.072031    22.788    22.642  9 56656.43533012 18.618
 203  87.533379  64.070211    26.321    26.506  9 56666.35097825 15.793
 204  87.531039  64.070409    24.637    25.157  9 56676.26662330 15.943
 205  87.532059  64.071172    23.816    21.174  8 56686.18226757 14.881
 206  87.530406  64.072854    25.523    26.351  9 56696.09790954 14.784
 207  87.532316  64.073416    26.521    27.834  9 56706.01354739 14.753
 208  87.530722  64.073845    29.077    29.304  9 56715.92918006 13.378
 209  87.534333  64.071778    29.297    29.351  9 56725.84483407 13.178
 210  87.533436  64.071758    32.581    32.630  9 56735.76048346 13.483
 211  87.531611  64.073436    27.371    28.097 10 56745.67612920 14.245
 212  87.531720  64.075062    13.736    13.756  9 56755.59177084 20.662
 213  87.531723  64.076095    15.212    15.252 10 56765.50740686 30.140
 214  87.530489  64.075903    16.646    16.579  9 56775.42304580 25.277
 215  87.530679  64.074273    22.134    22.120  9 56785.33870266 43.133
 216  87.532881  64.072869    21.602    21.567  9 56795.25435609 29.247
 217  87.532925  64.072436    23.960    20.746  9 56805.17000529 27.295
 218  87.531069  64.072485    19.756    19.896  9 56815.08564740 27.458
 219  87.531588  64.071643    19.507    19.418  9 56825.00128634 27.144
 220  87.533668  64.070742    17.085    15.993  9 56834.91692163 26.565
 221  87.531602  64.071728    13.682    13.788  9 56844.83255298 53.634
 222  87.530941  64.072526    16.430    13.710  9 56854.74819810 27.093
 223  87.530820  64.072949    12.651    12.682  9 56864.66385163 53.710
 224  87.532584  64.072456    13.672    13.034  9 56874.57950466 27.258
 225  87.530106  64.072360    12.877    12.776  9 56884.49515412 53.946
 226  87.533107  64.071212    19.041    19.066  9 56894.41080106 25.356
 227  87.531348  64.071624    19.528    20.557  9 56904.32644428 28.356
 228  87.532043  64.072589    12.637    12.477  9 56914.24208567 32.195
 229  87.531099  64.074425    24.881    23.901  9 56924.15772511 24.761
 230  87.531153  64.075809    15.817    12.954 10 56934.07336204 29.673
 231  87.530484  64.076485    12.652    12.562  9 56943.98899369 46.435
 232  87.532243  64.074850    12.035    11.985  9 56953.90464167 47.147
 233  87.529531  64.073978    13.495    13.448  9 56963.82029163 32.205
 234  87.529800  64.073867    20.937    21.002  9 56973.73593701 17.103
 235  87.532047  64.074150    29.522    29.798  9 56983.65157815 13.193
 236  87.531346  64.074471    28.703    28.605 10 56993.56721417 12.312
 237  87.531996  64.073238    26.987    28.068 10 57003.48285146 12.790
 238  87.533011  64.070621    21.436    21.202  8 57013.39850815 14.593
 239  87.533022  64.069896    31.937    32.022  9 57023.31415936 13.234
 240  87.533256  64.071325    30.720    30.873  9 57033.22980789 14.324
 241  87.530095  64.073601    26.807    27.923  9 57043.14545378 14.059
 242  87.530794  64.073922    24.139    22.379 10 57053.06109783 13.154
 243  87.531838  64.072832    25.172    26.267  9 57062.97673755 14.069
 244  87.532158  64.072298    30.102    30.401  9 57072.89237197 12.261
 245  87.530028  64.073979    30.215    31.053  9 57082.80800206 12.255
 246  87.531940  64.075395    29.603    30.072 10 57092.72364965 11.542
 247  87.528488  64.077194    24.999    26.637 10 57102.63930622 11.811
 248  87.531157  64.076540    25.945    26.725 10 57112.55495990 12.877
 249  87.532046  64.074820    18.359    18.078  9 57122.47060755  8.522
 250  87.531359  64.073197    14.232    14.326 10 57132.38624956 25.474
 251  87.533700  64.072577    16.149    16.143  9 57142.30188697 28.162
 252  87.532229  64.074291    22.569    22.588  9 57152.21752085 53.472
 253  87.531097  64.076093    26.285    22.850 10 57162.13315195 28.369
 254  87.531385  64.074798    23.295    23.333  9 57172.04880953 29.405
 255  87.532496  64.072139    21.160    21.160  9 57181.96446436 47.013
 256  87.533160  64.069788    20.019    18.062  9 57191.88011522 26.073
 257  87.533366  64.069528    13.228    13.196  9 57201.79576297 44.395
 258  87.532773  64.071374    19.631    20.546  9 57211.71139680 26.124
 259  87.532472  64.073569    12.635    12.667  9 57221.62704031 49.250
 260  87.531511  64.074345    19.279    21.120 10 57231.54268251 27.030
 261  87.529745  64.073998    12.441    12.389  9 57241.45832222 48.220
 262  87.531593  64.072762    14.526    13.271  9 57251.37395974 31.869
 263  87.530121  64.073900    17.182    15.601  9 57261.28959488 26.239
 264  87.529929  64.076400    17.983    17.565 10 57271.20522882 28.559
 265  87.530710  64.077724    22.026    22.858 10 57281.12088459 29.342
 266  87.528951  64.077817    12.825    12.773 10 57291.03653968 53.640
 267  87.529782  64.075539    18.150    19.789  9 57300.95219212 28.300
 268  87.532636  64.072341    23.867    23.644  9 57310.86784109 27.019
 269  87.531236  64.071322    12.281    12.215  9 57320.78348610 51.622
 270  87.534858  64.071432    11.903    11.904  9 57330.69912883 45.088
 271  87.531801  64.073842    11.441    11.478  9 57340.61476862 42.666
 272  87.532320  64.073448    11.868    11.929  9 57350.53041905 35.513
 273  87.530518  64.071955    12.795    12.788  9 57360.44606401 28.994
 274  87.533346  64.069286    16.919    17.217  8 57370.36170636 20.893
 275  87.533898  64.069181    14.641    13.775  8 57380.27734607 23.104
 276  87.533697  64.071706    13.323    13.307  9 57390.19298450 22.465
 277  87.529712  64.075412    19.629    20.040  9 57400.10862155 17.694
 278  87.528897  64.076668    19.588    19.843 10 57410.02426058 17.192
 279  87.530779  64.074502    21.182    19.892 10 57419.93991348 17.802
 280  87.530370  64.072890    22.984    20.688  9 57429.85556351 17.183
 281  87.532410  64.072617    27.532    28.085  9 57439.77121144 15.985
 282  87.530139  64.074946    26.283    26.734 10 57449.68685765 16.882
 283  87.531102  64.076444    27.099    28.130 10 57459.60250282 16.660
 284  87.530393  64.076869    33.032    33.662 10 57469.51814477  4.525
 285  87.531211  64.075359    33.763    33.799 10 57479.43378299  8.543
 286  87.529659  64.074016    14.388    13.661  9 57489.34941795 12.260
 287  87.533283  64.073023    13.344    13.299  9 57499.26505139 20.437
 288  87.530121  64.074412    15.343    15.307  9 57509.18069428 24.354
 289  87.529621  64.074655    17.057    16.964  9 57519.09635022 28.600
 290  87.530096  64.074290    17.704    17.732  9 57529.01200351 55.481
 291  87.531876  64.072311    32.077    31.476  9 57538.92765396 26.183
 292  87.533358  64.070231    19.753    19.753  8 57548.84330169 54.788
 293  87.534000  64.069517    15.483    15.437  9 57558.75894782 53.707
 294  87.532165  64.071310    13.184    13.230  9 57568.67459267 53.560
 295  87.530177  64.073726    12.417    12.388  9 57578.59023689 29.402
 296  87.531840  64.074631    13.790    12.695 10 57588.50588009 27.488
 297  87.532788  64.074142    14.017    12.543  9 57598.42152076 25.510
