# NaN NaN NaN ;Mean Elev.(m), Avg Gradient(m/km), RMS Gradient(m/km) - SRTM1     
#  -16.606  -9.492   8.958 ;Mean Elev.(m), Avg Gradient(m/km), RMS Gradient(m/km) - ASTER GDEM
#    1.032  -1.139   4.985 ;Mean Elev.(m), Avg Gradient(m/km), RMS Gradient(m/km) - GMTED2010 
   1  88.038916  65.563346    18.920    20.797  7 54665.34192339 21.816
   2  88.035067  65.564672     8.238     8.142  7 54675.25756765 53.455
   3  88.035601  65.566234   -19.231   -19.276  7 54685.17321090  5.904
   4  88.037998  65.567155    22.471    23.203  6 54695.08885285 17.852
   5  88.034802  65.566877   -15.868   -15.918  7 54705.00449185 11.431
   6  88.039397  65.563828    16.522    16.706  7 54714.92014407 18.594
   7  88.033544  65.561791     3.625     4.176  7 54724.83579392 14.201
   8  88.035444  65.560688    13.749    14.129  8 54734.75144233 22.179
   9  88.031576  65.562268     7.480     7.414  6 54744.66708892 53.528
  10  88.036158  65.563257     7.307     7.290  7 54754.58273588 53.100
  11  88.033354  65.563339     6.062     6.033  7 54764.49838123 28.317
  12  88.035785  65.561141     6.366     6.363  7 54774.41402440 42.000
  13  88.035207  65.559448     7.791     7.750  7 54784.32966471 37.366
  14  88.034367  65.559850     7.402     7.384  8 54794.24530305 31.387
  15  88.035292  65.562162     8.908     7.951  8 54804.16094063 24.793
  16  88.035487  65.564332     9.892     8.053  7 54814.07657774 19.529
  17  88.036637  65.564634    12.443    12.575  7 54823.99222251 17.239
  18  88.035235  65.563549    14.163    14.911  7 54833.90786245 16.450
  19  88.034074  65.563153    11.332     9.759  7 54843.82351234 17.162
  20  88.034235  65.563995    13.201    13.323  7 54853.73916129 15.498
  21  88.035307  65.565596    14.168    14.101  7 54863.65481004 14.126
  22  88.039003  65.565936    14.158    14.066  7 54873.57045888 13.465
  23  88.036955  65.565038    13.930    14.037  6 54883.48610490 13.201
  24  88.034076  65.562670    14.342    14.186  7 54893.40174753 13.356
  25  88.034422  65.560351     7.710     6.732  8 54903.31738777 17.502
  26  88.035713  65.560104    14.113    13.791  8 54913.23302675 12.323
  27  88.035498  65.561734    14.710    15.085  8 54923.14866476 12.521
  28  88.036733  65.563308    23.930    23.800  7 54933.06430212 10.760
  29  88.036574  65.563441    13.942    13.728  7 54942.97993759 13.145
  30  88.035187  65.562136    10.199     9.330  8 54952.89557107 22.895
  31  88.035373  65.560220    13.310    13.295  8 54962.81121480 38.558
  32  88.035615  65.560178    15.913    16.015  7 54972.72686338 29.872
  33  88.037568  65.561768    19.124    19.051  7 54982.64251108 42.144
  34  88.039394  65.563649    77.132    76.320  7 54992.55815847 18.968
  35  88.034429  65.564705    18.180    18.212  7 55002.47380446 26.039
  36  88.038595  65.563851    20.577    21.306  7 55012.38944952 23.884
  37  88.036036  65.563401    12.382    10.212  8 55022.30509254 25.989
  38  88.037209  65.563896    15.032    15.625  7 55032.22073501 19.911
  39  88.038165  65.565145    15.918    16.300  7 55042.13637675 23.240
  40  88.035416  65.566339    11.064     9.770  7 55052.05201663 27.627
  41  88.037252  65.565291     7.174     5.438  7 55061.96765485 32.748
  42  88.035850  65.562976     7.111     5.990  8 55071.88329807 26.510
  43  88.034080  65.560753     7.136     5.869  7 55081.79894664 26.772
  44  88.033765  65.560295     8.105     8.122  7 55091.71459358 29.308
  45  88.033275  65.561543     6.379     6.384  7 55101.63023992 44.753
  46  88.034965  65.562883    25.644    25.482  7 55111.54588605 18.311
  47  88.033254  65.563035    15.839    15.344  7 55121.46152982 26.586
  48  88.035753  65.561275     6.023     6.016  7 55131.37717123 49.035
  49  88.033677  65.559795     8.064     7.984  7 55141.29281023 43.170
  50  88.033745  65.559989     7.155     7.196  8 55151.20844868 36.328
  51  88.037531  65.561665    13.530    13.862  7 55161.12408751 22.559
  52  88.035722  65.564087    13.833    14.009  7 55171.03972541 19.715
  53  88.034614  65.565317    14.343    14.525  7 55180.95536195 17.386
  54  88.035185  65.564610    13.489    13.426  7 55190.87101076 17.627
  55  88.034694  65.564188    13.664    13.547  7 55200.78666103 16.859
  56  88.033985  65.564477    13.907    13.758  7 55210.70231054 16.800
  57  88.039350  65.564637    13.939    14.078  7 55220.61796013 13.713
  58  88.035959  65.564566    14.409    14.648  7 55230.53360789 13.352
  59  88.036385  65.563321    14.712    14.644  7 55240.44925283 12.928
  60  88.034430  65.561649    14.703    14.513  7 55250.36489401 13.127
  61  88.034955  65.560358    14.729    15.149  7 55260.28053313 12.932
  62  88.034003  65.560632    14.938    14.869  7 55270.19617126 11.893
  63  88.034249  65.561700    14.259    14.051  7 55280.11180941 12.640
  64  88.036457  65.562433    19.053    16.836  7 55290.02744650 11.738
  65  88.033260  65.562919    16.468    16.164  7 55299.94308075 11.789
  66  88.036874  65.561407    27.625    29.799  7 55309.85872637  8.826
  67  88.034825  65.560561    12.042    12.193  8 55319.77437199 15.089
  68  88.034983  65.560700    11.257    11.258  7 55329.69001670 32.343
  69  88.035038  65.562139    17.623    17.593  7 55339.60566105 35.901
  70  88.038483  65.563365    18.637    18.606  7 55349.52130543 51.847
  71  88.037117  65.564342    18.044    18.145  7 55359.43694737 23.537
  72  88.038972  65.564249    17.474    17.529  7 55369.35258751 27.282
  73  88.036347  65.564576    21.307    24.461  7 55379.26822575 20.471
  74  88.037649  65.564962     8.163     8.173  7 55389.18386366 40.192
  75  88.036850  65.565470    19.563    18.586  6 55399.09950038 21.096
  76  88.036725  65.564765     7.910     7.966  6 55409.01514656 50.688
  77  88.035880  65.562949     7.207     6.778  8 55418.93079728 36.271
  78  88.035443  65.561170    12.974    13.356  7 55428.84644462 21.643
  79  88.034314  65.560758     9.083     8.903  8 55438.76208919 46.910
  80  88.033705  65.561501    21.737    23.523  7 55448.67773232 18.192
  81  88.033521  65.562247     8.365     8.119  7 55458.59337517 31.239
  82  88.033131  65.562385     7.527     7.007  7 55468.50901728 34.158
  83  88.037058  65.561367     9.377     9.145  7 55478.42465658 33.404
  84  88.037063  65.560822     7.127     7.112  7 55488.34029251 49.557
  85  88.038366  65.560806     8.472     6.614  7 55498.25592629 53.427
  86  88.037315  65.562025    13.640    14.136  7 55508.17156462 30.703
  87  88.035951  65.563083     6.624     6.624  7 55518.08721474 38.227
  88  88.034306  65.564038     6.770     6.779  7 55528.00286392 32.532
  89  88.037370  65.563954     6.324     6.350  7 55537.91851166 27.939
  90  88.036374  65.564086     8.850     9.971  7 55547.83415675 21.055
  91  88.037785  65.564277    10.900    11.104  7 55557.74980025 19.585
  92  88.038695  65.564820    11.982    12.373  7 55567.66544280 18.747
  93  88.034611  65.565114    14.288    14.745  7 55577.58108412 16.144
  94  88.034054  65.563817    14.775    14.937  7 55587.49672372 16.387
  95  88.034515  65.561897    15.589    14.816  7 55597.41236036 16.232
  96  88.033742  65.561019    15.369    15.337  7 55607.32799405 15.205
  97  88.037270  65.561239    14.534    14.599  7 55617.24362610 14.206
  98  88.034578  65.562908    17.702    17.705  7 55627.15927032 14.048
  99  88.034769  65.563297    16.373    17.323  7 55637.07492196 14.486
 100  88.036930  65.562343    25.629    25.490  7 55646.99057181  8.721
 101  88.033832  65.561039    15.667    15.706  7 55656.90621836 11.802
 102  88.035570  65.560129     8.092     6.841  7 55666.82186100 12.633
 103  88.033489  65.561076     8.948     8.982  7 55676.73750031 35.064
 104  88.034146  65.562866    18.055    18.045  7 55686.65313795 54.245
 105  88.039473  65.563984    18.268    18.263  7 55696.56877486 41.989
 106  88.035891  65.564940    16.610    16.658  7 55706.48440969 28.578
 107  88.034885  65.564428    19.160    17.423  7 55716.40005952 22.347
 108  88.035119  65.564099    16.163    16.719  7 55726.31570824 20.867
 109  88.035082  65.564676    19.628    20.269  7 55736.23135514 18.966
 110  88.039866  65.565036    12.177    12.645  7 55746.14700124 23.180
 111  88.036254  65.565122    17.934    16.752  7 55756.06264471 23.545
 112  88.034544  65.563535    14.909    15.484  7 55765.97828597 24.342
 113  88.034629  65.561244    20.823    22.496  7 55775.89392451 19.519
 114  88.036180  65.559960    15.640    16.906  7 55785.80956022 20.496
 115  88.034857  65.561350    18.288    17.895  7 55795.72519355 18.634
 116  88.033709  65.563439     8.614     8.378  7 55805.64083309 33.800
 117  88.036505  65.563989    10.722     9.443  8 55815.55648248 26.314
 118  88.036919  65.562756    19.653    18.215  7 55825.47212903 18.757
 119  88.035003  65.561164    18.118    17.597  7 55835.38777089 18.958
 120  88.034921  65.560302    21.047    17.537  8 55845.30340938 21.744
 121  88.034919  65.561730    16.573    16.821  8 55855.21904501 24.606
 122  88.038704  65.563662     6.150     6.197  7 55865.13468560 44.539
 123  88.036811  65.565179     8.376     8.373  7 55875.05033843 40.310
 124  88.034953  65.565238     7.728     7.729  7 55884.96598566 34.586
 125  88.035971  65.564470     8.871     7.640  7 55894.88162723 25.659
 126  88.038802  65.563845    13.917    14.029  7 55904.79726360 21.673
 127  88.036651  65.564653    16.172    16.626  7 55914.71290426 19.165
 128  88.035578  65.565294    16.130    16.135  7 55924.62855796 18.757
 129  88.037821  65.564949    16.494    16.848  7 55934.54420883 18.084
 130  88.037233  65.563055    16.426    16.804  7 55944.45985487 18.580
 131  88.035710  65.560593    16.155    16.406  8 55954.37549653 16.508
 132  88.034329  65.559464    16.257    16.692  8 55964.29113531 15.665
 133  88.034774  65.560643    16.545    16.756  8 55974.20677262 15.670
 134  88.037692  65.562942    16.615    16.431  7 55984.12240903 16.429
 135  88.037060  65.564546    16.457    16.797  7 55994.03804289 15.234
 136  88.038095  65.563149    16.913    16.757  7 56003.95369394 15.812
 137  88.034580  65.560946    16.874    16.990  8 56013.86934259 15.315
 138  88.034502  65.559800    37.559    37.426  7 56023.78498827  5.904
 139  88.035542  65.561131    17.214    16.668  7 56033.70063154 10.640
 140  88.035165  65.563931    28.000    28.686  7 56043.61627250  8.878
 141  88.037418  65.565694     8.562     8.364  7 56053.53191108 26.496
 142  88.039424  65.565697    15.886    15.797  7 56063.44754638 35.657
 143  88.039027  65.564466    18.351    18.329  7 56073.36318840 23.562
 144  88.036421  65.563727    20.237    18.161  8 56083.27883817 23.575
 145  88.038170  65.563764    15.472    16.825  7 56093.19448591 25.456
 146  88.034687  65.564954    15.129    13.896  7 56103.11013092 23.575
 147  88.035090  65.564693    14.046    13.957  7 56113.02576192 21.488
 148  88.035503  65.563335    10.121     9.672  7 56122.94140083 24.670
 149  88.033289  65.561590     5.598     5.634  7 56132.85703561 44.202
 150  88.034929  65.560509     5.223     5.270  7 56142.77267339 34.933
 151  88.034145  65.561135     4.985     5.003  7 56152.68832396 38.926
 152  88.034336  65.562838     5.018     5.026  7 56162.60397301 41.160
 153  88.037168  65.563681     4.825     4.809  7 56172.51962036 42.946
 154  88.034070  65.563405     5.552     5.590  7 56182.43526241 52.479
 155  88.035630  65.561672     5.355     5.319  8 56192.35090121 43.377
 156  88.036277  65.560748     5.154     5.131  7 56202.26653719 37.019
 157  88.037883  65.561975    11.622    10.083  7 56212.18217131 33.487
 158  88.035381  65.564951     4.227     4.213  7 56222.09780306 44.248
 159  88.038896  65.566206     7.575     6.199  7 56232.01345796 40.014
 160  88.037333  65.566137     7.280     6.646  7 56241.92911038 32.999
 161  88.034788  65.565080     6.425     5.009  7 56251.84475847 28.577
 162  88.039147  65.563586    12.820    13.750  7 56261.76040253 24.185
 163  88.035011  65.563951    12.970    14.069  7 56271.67604358 22.743
 164  88.034464  65.564441    15.644    15.466  7 56281.59168458 19.323
 165  88.037535  65.563888     8.084     6.876  7 56291.50733702 23.858
 166  88.038400  65.562372    13.891    13.834  7 56301.42298483 16.528
 167  88.033722  65.561028    13.333    13.153  7 56311.33862795 17.372
 168  88.034734  65.560242    12.180    12.180  7 56321.25426938 17.180
 169  88.035570  65.561164    11.715    12.795  7 56331.16991013 18.562
 170  88.033438  65.562978    13.116    13.613  7 56341.08555007 15.462
 171  88.037558  65.563638     7.979     9.332  7 56351.00118837 20.055
 172  88.036493  65.563207    14.013    14.037  7 56360.91682702 15.529
 173  88.036489  65.561745    13.168    13.698  7 56370.83247680 15.018
 174  88.034909  65.561434     9.944    10.356  7 56380.74812370 19.625
 175  88.037541  65.562492    12.348    12.120  7 56390.66376870 15.148
 176  88.039200  65.564213    14.071    14.840  7 56400.57941189 14.175
 177  88.038549  65.565513    13.884    13.786  7 56410.49505222 19.231
 178  88.035216  65.565929    12.371    11.224  7 56420.41068752 35.341
 179  88.036797  65.565225    20.019    19.960  6 56430.32632470 35.608
 180  88.037950  65.564256    18.298    18.335  7 56440.24197799 26.077
 181  88.037413  65.563888    16.708    16.562  7 56450.15762865 24.566
 182  88.036369  65.563666    17.968    19.704  7 56460.07327704 20.099
 183  88.037703  65.562596    13.215    12.491  7 56469.98892237 21.584
 184  88.037141  65.561754    16.641    16.074  7 56479.90456371 18.504
 185  88.035106  65.561374     6.880     6.895  8 56489.82020091 32.952
 186  88.034338  65.561835     5.862     5.925  7 56499.73583566 38.659
 187  88.033997  65.562832     5.553     5.544  7 56509.65146909 50.572
 188  88.037892  65.563262     5.230     5.358  7 56519.56711115 31.707
 189  88.036688  65.563256     5.473     5.352  7 56529.48276469 29.962
 190  88.034332  65.563007    16.670    15.932  7 56539.39841408 20.945
 191  88.036828  65.562235     7.354     7.377  7 56549.31405971 48.155
 192  88.037025  65.562554    15.449    15.661  7 56559.22970271 21.002
 193  88.037150  65.563692    17.544    17.513  7 56569.14534474 23.854
 194  88.037557  65.565214     5.292     5.165  7 56579.06098550 29.405
 195  88.039085  65.565847     5.646     5.532  7 56588.97662258 46.928
 196  88.037334  65.565557     6.644     6.542  6 56598.89226656 35.730
 197  88.038446  65.564336    11.369    11.437  7 56608.80791768 21.773
 198  88.036023  65.564345     7.419     7.364  7 56618.72356350 26.270
 199  88.038725  65.564241     6.774     6.829  7 56628.63920651 26.745
 200  88.039600  65.563920     8.664     7.741  7 56638.55484637 20.731
 201  88.037993  65.562783     9.081    10.445  7 56648.47049009 23.858
 202  88.033162  65.561498    10.063    10.093  7 56658.38614124 20.258
 203  88.034427  65.560752    11.098    11.526  8 56668.30178881 16.904
 204  88.033822  65.561876    12.060    12.790  7 56678.21743367 17.167
 205  88.036648  65.563039    15.553    15.566  7 56688.13307750 14.038
 206  88.034270  65.563730    15.651    15.856  7 56698.04871858 13.795
 207  88.033856  65.563228    17.212    17.781  7 56707.96435528 12.734
 208  88.034016  65.562488    15.736    15.039  7 56717.87999253 12.602
 209  88.035961  65.562184    85.795    85.953  8 56727.79564547  1.532
 210  88.037423  65.563323    20.738    24.967  7 56737.71129430 13.002
 211  88.036923  65.565124    23.873    25.318  7 56747.62693930 12.362
 212  88.039640  65.565677     6.416     6.476  7 56757.54258017  9.961
 213  88.034603  65.565898     7.872     7.797  7 56767.45821442 30.472
 214  88.035881  65.564642     8.926     8.941  7 56777.37385900 24.487
 215  88.038368  65.563663    17.143    17.102  7 56787.28951545 32.495
 216  88.037308  65.563813    20.333    20.337  7 56797.20516798 45.325
 217  88.035578  65.564295    18.240    18.284  7 56807.12081528 27.339
 218  88.039056  65.563410    15.006    15.016  7 56817.03645696 53.109
 219  88.037903  65.562089    16.140    16.147  7 56826.95209472 34.821
 220  88.035155  65.560994    75.676    75.232  7 56836.86772899 16.531
 221  88.034605  65.561427    20.280    20.689  8 56846.78336032 21.759
 222  88.035439  65.562492     7.035     6.978  7 56856.69901047 46.207
 223  88.037360  65.563713    19.279    17.430  7 56866.61466396 18.514
 224  88.037968  65.563664    18.192    17.297  7 56876.53031606 18.773
 225  88.037414  65.562716     6.795     6.840  7 56886.44596499 48.583
 226  88.035474  65.561640    22.959    23.812  8 56896.36161103 19.049
 227  88.038003  65.561652    24.297    24.356  7 56906.27725451 17.032
 228  88.034467  65.563776    24.704    25.348  7 56916.19289519 19.901
 229  88.035023  65.565925     7.616     7.656  7 56926.10853436 40.990
 230  88.037880  65.566696    22.421    25.001  7 56936.02417050 19.734
 231  88.037347  65.566150    11.007    12.290  7 56945.93980109 35.946
 232  88.034990  65.564277     5.838     5.827  7 56955.85545326 36.441
 233  88.036607  65.562978     9.529    10.583  7 56965.77110264 26.371
 234  88.038027  65.563524    16.285    15.972  7 56975.68674750 16.955
 235  88.037627  65.564819    13.489    13.723  7 56985.60238767 16.032
 236  88.037256  65.564892    13.295    13.352  7 56995.51802242 16.158
 237  88.038235  65.562903    13.091    13.151  7 57005.43366465 16.054
 238  88.035098  65.560710    14.941    14.909  7 57015.34931949 15.984
 239  88.036262  65.560129    16.557    17.132  7 57025.26497036 12.780
 240  88.036820  65.562018    16.874    17.071  7 57035.18061890 13.188
 241  88.036089  65.564163    16.979    17.568  7 57045.09626478 12.672
 242  88.034246  65.564852    16.869    16.939  7 57055.01190758 11.050
 243  88.037594  65.563242    21.812    24.199  7 57064.92754603 11.471
 244  88.033141  65.562749    24.852    24.448  7 57074.84317899  9.634
 245  88.035403  65.563331    25.137    25.139  7 57084.75880920 10.398
 246  88.034253  65.565325    25.247    25.090  7 57094.67446262 10.298
 247  88.037150  65.566686    24.399    25.301  7 57104.59011936 10.701
 248  88.036975  65.566940    20.410    17.893  7 57114.50577162 11.635
 249  88.034529  65.565606    14.094    15.372  7 57124.42141756 10.262
 250  88.035073  65.563716     8.006     7.462  7 57134.33705851 16.826
 251  88.035887  65.562986     9.013     8.963  8 57144.25269500 29.457
 252  88.036323  65.563941    14.948    14.989  7 57154.16832879 53.080
 253  88.039765  65.564790    18.113    18.089  7 57164.08396583 27.271
 254  88.038105  65.564610    20.956    20.913  7 57173.99962256 55.419
 255  88.035548  65.563027    17.767    17.766  7 57183.91527592 31.940
 256  88.035099  65.560979    16.801    17.210  8 57193.83092554 24.482
 257  88.035520  65.560367    20.364    21.279  8 57203.74657285 20.211
 258  88.036394  65.561797     7.056     7.107  7 57213.66220680 31.658
 259  88.034975  65.564117    17.310    17.832  7 57223.57785034 21.082
 260  88.035647  65.565029    15.437    15.559  7 57233.49349242 22.281
 261  88.037663  65.564185    11.521    10.862  7 57243.40913171 22.333
 262  88.037543  65.563059    18.740    17.374  7 57253.32476832 19.551
 263  88.036887  65.563463    22.836    22.439  7 57263.24040330 20.905
 264  88.037553  65.565370     7.269     7.311  7 57273.15604052 36.499
 265  88.039222  65.566791     8.072     8.006  7 57283.07169802 50.482
 266  88.039032  65.566851    24.359    24.329  7 57292.98735277 19.817
 267  88.037106  65.565312     6.713     6.792  7 57302.90300400 51.862
 268  88.033335  65.563462     6.256     6.285  7 57312.81865123 37.163
 269  88.035885  65.562153     6.177     6.187  8 57322.73429574 41.079
 270  88.035730  65.562709     8.355     7.289  8 57332.64993783 37.956
 271  88.039072  65.563665     7.484     7.453  7 57342.56557820 31.996
 272  88.036029  65.563658     7.633     6.293  7 57352.48123011 27.047
 273  88.033772  65.562653    13.796    14.883  7 57362.39687420 20.916
 274  88.036632  65.560825    16.487    16.016  7 57372.31251553 19.517
 275  88.036281  65.560830    16.224    16.258  7 57382.22815464 16.425
 276  88.036721  65.562316    13.881    14.612  7 57392.14379325 16.387
 277  88.037893  65.564226    15.099    14.806  7 57402.05943096 14.511
 278  88.038794  65.564956    16.753    16.757  7 57411.97507368 13.821
 279  88.036980  65.564361    16.396    16.939  7 57421.89072543 13.321
 280  88.037436  65.563556    16.236    16.242  7 57431.80637469 13.054
 281  88.034630  65.564053    16.222    17.118  7 57441.72202169 14.059
 282  88.035717  65.565178    16.744    16.239  7 57451.63766822 13.753
 283  88.037028  65.566065    16.271    16.706  7 57461.55331319 13.100
 284  88.035856  65.566179    25.362    25.097  7 57471.46895452 11.271
 285  88.039636  65.564827    19.825    15.720  7 57481.38459241  9.680
 286  88.038670  65.563677    11.014     8.979  7 57491.30022684  9.073
 287  88.035714  65.563703    16.716    13.048  7 57501.21585902 10.613
 288  88.034404  65.563925     8.822     8.815  7 57511.13150678 25.361
 289  88.038602  65.563527    10.757    10.750  7 57521.04716272 21.378
 290  88.035341  65.563446    13.286    13.291  7 57530.96281545 32.083
 291  88.033113  65.562683    15.568    15.548  7 57540.87846498 49.966
 292  88.034746  65.561619    16.834    16.920  8 57550.79411203 38.521
 293  88.035698  65.561498    10.679    10.627  7 57560.70975753 34.743
 294  88.034250  65.562629    16.450    15.896  7 57570.62540225 20.191
 295  88.037781  65.563463    14.838    15.667  7 57580.54104725 20.124
 296  88.038149  65.564095     5.783     5.811  7 57590.45669026 48.253
 297  88.038772  65.564025    14.117    15.918  7 57600.37233058 21.201
