#   58.093  -4.698  11.101 ;Mean Elev.(m), Avg Gradient(m/km), RMS Gradient(m/km) - SRTM1     
#   40.233  -5.358  12.926 ;Mean Elev.(m), Avg Gradient(m/km), RMS Gradient(m/km) - ASTER GDEM
#   58.070  -4.778  11.053 ;Mean Elev.(m), Avg Gradient(m/km), RMS Gradient(m/km) - GMTED2010 
   1  91.327598  59.218751    59.076    59.073  5 54665.18020993 45.547
   2  91.326758  59.220377    58.299    58.298  5 54675.09585478 35.654
   4  91.326853  59.223001    58.609    58.559  5 54694.92714005 48.592
   6  91.326234  59.217989    58.101    58.151  5 54714.75842981 26.585
   8  91.327061  59.217642    58.823    58.886  5 54734.58972836 52.116
   9  91.324635  59.219858    58.577    58.438  5 54744.50537561 42.677
  10  91.324546  59.222091    73.802    75.248  5 54754.42102271 25.278
  11  91.323936  59.221075    58.079    58.101  5 54764.33666841 33.956
  12  91.326990  59.219108    58.183    58.279  5 54774.25231157 41.901
  13  91.325858  59.216009    57.897    57.950  5 54784.16795154 48.041
  14  91.325737  59.215817    57.813    57.744  6 54794.08358998 34.517
  15  91.325803  59.217542   109.316   106.855  6 54803.99922771 22.516
  16  91.325297  59.218351    62.184    62.153  5 54813.91486482 30.551
  17  91.325070  59.218575    63.696    63.754  5 54823.83050912 22.847
  18  91.325641  59.218854    62.326    62.535  6 54833.74614913 22.827
  19  91.326614  59.220482    62.801    62.989  5 54843.66179937 20.461
  20  91.325097  59.222301    62.457    62.093  5 54853.57744848 22.436
  21  91.324375  59.224820    62.922    62.875  5 54863.49309757 19.155
  22  91.326049  59.226621    62.999    63.017  5 54873.40874666 21.098
  23  91.326941  59.225376    62.582    62.600  5 54883.32439294 19.018
  24  91.325255  59.221242    62.830    62.904  5 54893.24003519 16.476
  25  91.325648  59.218874    70.185    70.432  5 54903.15567509 14.684
  26  91.325679  59.218894    65.303    63.156  6 54913.07131389 16.775
  27  91.327375  59.221239    62.352    62.610  5 54922.98695227 19.512
  28  91.324736  59.220747    68.037    64.243  5 54932.90258905 22.802
  29  91.326082  59.219046    64.403    64.408  5 54942.81822421 24.844
  30  91.326920  59.215264    62.674    62.668  5 54952.73385717 47.394
  31  91.325648  59.212768    62.811    62.232  6 54962.64949996 51.817
  32  91.325558  59.214223    72.100    74.608  5 54972.56514873 31.305
  33  91.325810  59.217233    71.375    71.723  6 54982.48079687 29.772
  35  91.324386  59.220239    73.997    75.590  5 55002.31209126 22.502
  36  91.324987  59.220599    59.788    59.775  5 55012.22773616 29.719
  37  91.326240  59.220808    59.358    59.314  5 55022.14337962 28.534
  38  91.326767  59.221947    58.772    58.768  5 55032.05902218 30.529
  39  91.323896  59.221890    58.945    58.971  5 55041.97466352 42.021
  40  91.325525  59.222112    59.458    59.545  6 55051.89030375 48.502
  41  91.326103  59.219771    59.200    59.214  5 55061.80594135 52.744
  42  91.327154  59.217546    59.291    59.296  5 55071.72158406 50.885
  43  91.324483  59.215374    59.078    59.097  5 55081.63723216 33.537
  44  91.324775  59.216622    75.596    75.596  5 55091.55287946 17.345
  45  91.325601  59.219441    68.392    63.825  5 55101.46852655 25.953
  46  91.326514  59.221785    59.309    59.310  5 55111.38417321 53.087
  47  91.325600  59.220702    59.056    59.041  6 55121.29981717 41.552
  48  91.327040  59.218709    58.829    58.841  5 55131.21545837 49.579
  49  91.325416  59.215828    58.482    58.574  5 55141.13109712 45.925
  50  91.327236  59.216759    58.710    58.756  5 55151.04673587 49.370
  51  91.325636  59.217617    58.480    58.540  5 55160.96237427 47.610
  52  91.327009  59.219305    60.742    60.645  5 55170.87801263 45.910
  53  91.326723  59.218863    62.857    62.870  5 55180.79364910 19.349
  54  91.325244  59.218783    62.833    62.877  5 55190.70929734 18.017
  55  91.326804  59.221139    62.938    62.918  5 55200.62494807 16.048
  56  91.326836  59.222981    63.028    62.999  5 55210.54059801 13.620
  57  91.325274  59.223521    67.978    68.311  6 55220.45624719 13.357
  58  91.326831  59.223795    68.462    68.400  5 55230.37189564 13.047
  59  91.325835  59.221709    72.875    73.512  5 55240.28754030 13.411
  60  91.324958  59.219420    69.984    69.397  5 55250.20318132 13.238
  61  91.324335  59.218253    65.728    62.495  5 55260.11882012 14.744
  62  91.327236  59.219518    63.169    62.337  5 55270.03445868 13.735
  63  91.324356  59.218615    73.812    74.615  5 55279.95009627 13.748
  64  91.325448  59.218387    76.342    76.366  5 55289.86573305  9.587
  65  91.324309  59.215886    76.433    76.335  5 55299.78136695 12.100
  66  91.325909  59.215388    62.008    62.009  6 55309.69701182 25.264
  67  91.327142  59.215843    61.803    61.816  5 55319.61265773 51.286
  68  91.325535  59.216461    72.654    73.543  5 55329.52830246 31.918
  69  91.324581  59.218125    62.123    62.140  5 55339.44394716 48.491
  70  91.323773  59.219112    72.396    74.927  5 55349.35959148 26.856
  71  91.325799  59.220323    72.214    71.362  5 55359.27523409 25.709
  72  91.324035  59.219652    60.633    60.675  5 55369.19087391 39.186
  73  91.326509  59.220765    73.821    75.338  5 55379.10651282 20.072
  74  91.324139  59.219839    59.772    59.803  5 55389.02215022 33.611
  75  91.326082  59.219696    75.568    75.615  5 55398.93778709 21.963
  76  91.325950  59.218173    75.109    75.154  5 55408.85343262 17.428
  77  91.325978  59.216956    59.193    59.195  5 55418.76908306 35.369
  78  91.325653  59.216257    59.224    59.240  6 55428.68473017 28.858
  79  91.323916  59.216520    59.035    58.964  5 55438.60037474 46.302
  80  91.323774  59.218088    74.076    75.801  5 55448.51601834 22.440
  81  91.325674  59.219518    73.803    75.337  5 55458.43166186 23.435
  82  91.326406  59.219095    73.680    75.318  5 55468.34730430 27.262
  83  91.326233  59.217003    58.712    58.700  5 55478.26294317 39.980
  84  91.325832  59.215048    73.819    75.457  5 55488.17857896 28.193
  85  91.324050  59.213561    58.875    58.699  5 55498.09421233 51.650
  86  91.324595  59.215121    75.660    75.681  5 55508.00985076 26.597
  87  91.324367  59.217524    58.424    58.297  5 55517.92550126 50.161
  88  91.326994  59.220053    57.810    57.754  5 55527.84115111 46.451
  89  91.326315  59.220362    61.402    61.303  5 55537.75679843 25.586
  90  91.324258  59.220157    64.676    62.135  5 55547.67244334 20.030
  91  91.325052  59.221871    74.902    74.960  5 55557.58808707 13.572
  92  91.327106  59.223865    74.406    74.457  5 55567.50373015 13.147
  93  91.324998  59.222101    74.763    74.704  5 55577.41937162 12.471
  94  91.325729  59.219445    74.989    75.036  5 55587.33501115 11.678
  95  91.326492  59.215990    74.298    74.198  5 55597.25064746 11.956
  96  91.324875  59.213334    74.667    74.922  5 55607.16628077 12.776
  97  91.326101  59.213778    70.956    71.349  6 55617.08191261 13.278
  98  91.324122  59.215350    64.591    62.008  5 55626.99755668 16.531
  99  91.326397  59.217753    74.864    74.668  5 55636.91320869 14.256
 100  91.325703  59.216955    76.145    76.224  5 55646.82885794  6.613
 101  91.325074  59.215241    76.216    76.189  5 55656.74450428  7.863
 102  91.325632  59.214996    61.379    61.463  5 55666.66014662 40.965
 103  91.325670  59.216139    61.602    61.592  5 55676.57578632 52.823
 104  91.325711  59.217943    60.981    60.915  5 55686.49142437 43.761
 105  91.326927  59.219198    70.186    67.671  5 55696.40706130 28.661
 106  91.325471  59.217428    68.605    67.534  5 55706.32269632 26.985
 107  91.327492  59.218312    58.940    58.912  5 55716.23834638 37.411
 108  91.325613  59.218649    59.839    58.659  5 55726.15399502 26.619
 109  91.325598  59.220644    58.898    58.951  5 55736.06964218 51.787
 110  91.325833  59.222454    68.617    65.316  5 55745.98528802 19.614
 111  91.325405  59.221884    59.510    59.532  6 55755.90093159 48.578
 112  91.323942  59.218175    68.943    73.423  5 55765.81657218 27.297
 113  91.326101  59.215323    59.163    59.148  5 55775.73221035 51.724
 114  91.324816  59.212850    75.645    75.661  5 55785.64784538 20.773
 115  91.324210  59.213464    59.897    59.846  5 55795.56347899 51.158
 116  91.326736  59.216609    73.762    75.319  5 55805.47911929 24.908
 117  91.325376  59.217513    72.024    72.636  5 55815.39476870 26.169
 118  91.326661  59.216535    58.841    58.922  5 55825.31041548 37.555
 119  91.327169  59.214468    58.455    58.522  5 55835.22605749 34.735
 120  91.326522  59.213111    63.695    63.591  5 55845.14169586 30.453
 121  91.324182  59.213328    72.605    71.315  5 55855.05733139 22.086
 122  91.325657  59.216615    58.524    58.425  6 55864.97297187 39.737
 123  91.326178  59.220009    58.245    58.223  5 55874.88862540 46.549
 124  91.324007  59.219232    57.975    57.984  5 55884.80427247 47.824
 125  91.323890  59.218039    58.037    57.951  5 55894.71991371 47.354
 126  91.325637  59.217257    59.275    59.291  5 55904.63554989 43.707
 127  91.324837  59.217741    62.143    62.018  5 55914.55119049 32.076
 128  91.325508  59.220891    74.321    74.809  6 55924.46684497 12.219
 129  91.325517  59.221741    74.768    74.917  5 55934.38249599 12.203
 130  91.325337  59.219512    75.291    75.344  5 55944.29814192 10.758
 131  91.324769  59.215997    74.835    74.940  5 55954.21378328 11.852
 132  91.326539  59.215124    74.359    74.757  5 55964.12942225 11.134
 133  91.324996  59.215696    72.077    72.292  5 55974.04505940 13.291
 134  91.325747  59.217777    75.176    75.242  5 55983.96069578  8.976
 135  91.325159  59.216864    74.975    74.831  5 55993.87632940  9.391
 136  91.326218  59.216473    75.372    75.238  5 56003.79197982  8.655
 137  91.326464  59.214965    76.369    76.401  5 56013.70762841 10.454
 138  91.326847  59.215312    63.446    63.463  5 56023.62327410 21.727
 139  91.326776  59.217849    75.838    75.768  5 56033.53891773 27.105
 140  91.325147  59.219949    75.552    75.512  5 56043.45455912 24.170
 141  91.323859  59.220505    74.289    75.857  5 56053.37019770 31.004
 142  91.325670  59.219708    69.803    70.376  6 56063.28583309 31.309
 143  91.324101  59.217286    74.145    75.756  5 56073.20147442 30.388
 144  91.326769  59.219124    70.661    69.028  5 56083.11712494 25.133
 145  91.325300  59.219862    59.191    58.991  5 56093.03277243 52.983
 146  91.324065  59.220507    58.681    58.699  5 56102.94841766 43.696
 147  91.325983  59.220615    58.217    58.197  5 56112.86404864 45.855
 148  91.325553  59.217874    58.541    58.466  5 56122.77968693 50.364
 149  91.324637  59.213839    58.604    58.483  5 56132.69532115 49.387
 150  91.325663  59.212747    60.036    58.277  6 56142.61095840 21.204
 151  91.325192  59.215044    58.410    58.452  5 56152.52660950 32.909
 152  91.326794  59.218657    70.897    71.611  5 56162.44225946 15.884
 153  91.324819  59.219070    60.030    61.503  5 56172.35790671 21.454
 154  91.325567  59.218045    57.845    57.841  5 56182.27354924 22.624
 155  91.324705  59.215511    58.005    58.000  5 56192.18918762 46.453
 156  91.326729  59.215284    57.753    57.807  5 56202.10482380 41.806
 157  91.326758  59.215981    63.178    64.324  5 56212.02045790 20.572
 158  91.327004  59.217209    57.818    57.769  5 56221.93609011 32.169
 159  91.325562  59.219590    57.212    57.127  6 56231.85174440 32.897
 160  91.324893  59.220231    57.127    57.150  5 56241.76739690 44.424
 161  91.325642  59.220326    58.145    58.130  5 56251.68304528 45.524
 162  91.325153  59.219496    57.616    57.599  5 56261.59868880 44.976
 163  91.324531  59.219214    60.387    60.402  5 56271.51433031 21.920
 164  91.325118  59.219410    60.857    60.854  5 56281.42997142 20.702
 165  91.324007  59.219596    61.064    61.042  5 56291.34562372 19.942
 166  91.326771  59.219748    60.846    60.817  5 56301.26127187 20.548
 167  91.325144  59.217450    60.929    60.932  5 56311.17691506 17.457
 168  91.325746  59.217030    60.730    60.731  5 56321.09255639 14.125
 169  91.325044  59.217591    60.573    60.599  5 56331.00819700 14.345
 170  91.324271  59.218058    62.037    60.535  5 56340.92383701 16.647
 171  91.326882  59.218501    62.820    63.363  5 56350.83947505 14.191
 172  91.325007  59.215890    66.909    69.193  5 56360.75511280 11.346
 173  91.324481  59.215875    75.309    75.569  5 56370.67076237  8.836
 175  91.324140  59.219740    76.609    76.671  5 56390.50205487 12.378
 176  91.324317  59.221299    74.723    76.089  5 56400.41769839 16.483
 177  91.326813  59.222352    75.355    75.373  5 56410.33333940 28.231
 178  91.323946  59.219485    75.875    75.923  5 56420.24897456 31.020
 179  91.325810  59.218758    61.157    61.134  5 56430.16461134 43.268
 180  91.324392  59.219858    74.038    75.629  5 56440.08026450 28.292
 181  91.326761  59.221991    73.672    75.088  5 56449.99591563 30.130
 182  91.325666  59.221374    72.026    71.271  5 56459.91156380 24.876
 183  91.324106  59.219335    59.970    59.901  5 56469.82720842 52.117
 184  91.324692  59.218011    59.255    59.220  5 56479.74284951 29.488
 185  91.325963  59.217209    59.219    59.244  5 56489.65848683 49.690
 186  91.324122  59.215823    58.582    58.575  5 56499.57412140 33.128
 187  91.323986  59.215017    59.277    59.054  5 56509.48975499 53.392
 188  91.326504  59.216025    58.975    59.012  5 56519.40539696 21.415
 189  91.323985  59.216001    59.084    59.096  5 56529.32105065 28.884
 190  91.325536  59.216994    70.274    70.233  5 56539.23670074 19.726
 191  91.325974  59.217731    58.779    58.715  5 56549.15234641 41.525
 192  91.327040  59.219813    58.870    58.857  5 56559.06798983 46.752
 193  91.325471  59.220765    58.694    58.686  6 56568.98363185 39.584
 194  91.325183  59.221432    58.674    58.754  5 56578.89927261 31.110
 195  91.325793  59.220193    58.751    58.780  5 56588.81490940 48.082
 196  91.325274  59.218832    73.789    75.342  5 56598.73055288 27.226
 197  91.326517  59.220019    57.622    57.617  5 56608.64620414 34.969
 198  91.325706  59.220861    58.061    57.984  5 56618.56185035 29.845
 199  91.324700  59.220906    57.788    57.800  5 56628.47749323 29.088
 200  91.324828  59.219594    57.560    57.604  5 56638.39313311 39.650
 201  91.326682  59.217919    57.693    57.731  5 56648.30877681 46.662
 202  91.327405  59.217471    57.925    58.031  5 56658.22442858 49.401
 203  91.324743  59.216825    62.513    62.593  5 56668.14007576 32.418
 204  91.325008  59.218810    60.977    61.021  5 56678.05572096 47.449
 205  91.325160  59.220234    62.409    62.376  5 56687.97136465 33.621
 206  91.324282  59.219232    62.688    62.708  5 56697.88700563 33.206
 207  91.324697  59.216850    62.219    62.247  5 56707.80264193 26.540
 208  91.325492  59.215285    61.867    61.852  5 56717.71827847 24.634
 211  91.325060  59.223678    71.222    71.374  5 56747.46522643 18.452
 212  91.326226  59.223739    63.156    63.129  5 56757.38086742 34.863
 213  91.326308  59.220814    75.566    75.566  5 56767.29650201 27.990
 214  91.324316  59.218448    64.502    61.345  5 56777.21214556 39.830
 215  91.326557  59.221205    73.710    75.069  5 56787.12780237 32.156
 216  91.326625  59.223822    61.236    59.980  5 56797.04345529 39.415
 217  91.325196  59.224619    59.761    59.799  6 56806.95910271 44.200
 218  91.326580  59.223412    73.549    75.054  5 56816.87474386 30.713
 219  91.325801  59.219585    59.337    59.329  5 56826.79038096 42.359
 221  91.325978  59.214677    59.088    58.998  5 56846.62164604 51.691
 222  91.327605  59.218044    58.512    58.541  5 56856.53729647 37.313
 223  91.324535  59.219733    58.905    58.859  5 56866.45294996 27.613
 224  91.324832  59.220675    59.252    59.222  5 56876.36860242 27.107
 225  91.325585  59.220461    58.929    58.989  5 56886.28425165 38.166
 226  91.325561  59.219641    75.489    75.562  5 56896.19989790 25.559
 227  91.327129  59.221354    58.834    58.820  5 56906.11554161 38.755
 228  91.324691  59.222811    58.434    58.452  5 56916.03118265 39.697
 229  91.324063  59.224200    71.872    72.521  5 56925.94682191 26.558
 230  91.323770  59.223098    58.767    58.654  5 56935.86245759 52.803
 231  91.327280  59.220582    58.805    58.813  5 56945.77808813 52.198
 232  91.326360  59.218821    57.793    57.944  5 56955.69373967 39.798
 233  91.325080  59.218609    57.467    57.440  5 56965.60938877 46.903
 234  91.325095  59.220429    57.437    57.480  5 56975.52503395 47.674
 235  91.324583  59.221334    57.394    57.309  5 56985.44067451 45.761
 236  91.325207  59.219514    59.850    59.836  5 56995.35630943 26.741
 237  91.326761  59.216731    60.560    60.585  5 57005.27195105 24.702
 238  91.325745  59.215230    60.441    60.408  6 57015.18760605 25.346
 239  91.323967  59.215559    60.236    60.223  5 57025.10325671 25.075
 240  91.325414  59.219339    60.372    60.372  5 57035.01890583 21.711
 241  91.326981  59.222202    60.137    60.163  5 57044.93455224 21.041
 242  91.325115  59.221077    59.906    59.894  5 57054.85019478 22.042
 243  91.325713  59.218580    60.010    60.039  5 57064.76583249 22.974
 244  91.326452  59.216674    60.012    60.005  5 57074.68146558 20.609
 245  91.324468  59.215126    60.060    60.070  5 57084.59709523 19.847
 246  91.324223  59.219172    60.099    60.074  5 57094.51274897 22.113
 247  91.327119  59.224299    75.910    75.929  5 57104.42840666 17.345
 248  91.326869  59.225086    73.119    73.101  5 57114.34405927 13.421
 249  91.326182  59.222765    67.596    69.181  5 57124.25970521 13.782
 250  91.327058  59.220768    61.355    61.347  5 57134.17534597 35.636
 251  91.327022  59.219113    61.785    61.758  5 57144.09098215 51.671
 252  91.324162  59.217689    74.227    75.746  5 57154.00661539 32.296
 253  91.327182  59.218920    60.951    61.018  5 57163.92225197 52.614
 254  91.324216  59.219029    64.409    65.399  5 57173.83790841 30.975
 255  91.326737  59.219069    59.676    59.666  5 57183.75356205 52.089
 256  91.325893  59.217170    75.335    75.440  5 57193.66921125 16.492
 257  91.325821  59.217304    59.051    59.021  5 57203.58485856 52.722
 258  91.325917  59.219366    58.633    58.666  5 57213.50049293 29.182
 259  91.327185  59.221726    67.798    69.839  5 57223.41613732 17.742
 260  91.325136  59.220947    65.429    63.609  5 57233.33177929 18.645
 261  91.326431  59.219930    75.216    75.353  5 57243.24741858 18.156
 262  91.324550  59.217228    58.386    58.396  5 57253.16305477 26.087
 263  91.325657  59.217319    73.988    75.332  6 57263.07869000 15.759
 264  91.327557  59.219345    58.626    58.675  5 57272.99432723 51.060
 265  91.323703  59.221088    58.454    58.505  5 57282.90998442 35.594
 266  91.326022  59.223140    58.647    58.580  5 57292.82563956 46.558
 267  91.324721  59.221609    58.552    58.549  5 57302.74129052 51.695
 268  91.324302  59.219876    69.888    67.184  5 57312.65693776 24.125
 269  91.326903  59.220702    57.954    57.973  5 57322.57258246 45.166
 270  91.326212  59.221173    57.547    57.630  5 57332.48822478 43.322
 271  91.324473  59.220945    57.564    57.570  5 57342.40386495 48.770
 272  91.324733  59.221584    60.592    60.578  5 57352.31951733 31.367
 273  91.326989  59.220643    60.813    61.015  5 57362.23516189 39.356
 274  91.327567  59.218504    61.890    61.855  5 57372.15080282 42.421
 275  91.325756  59.217145    66.749    63.049  5 57382.06644163 20.619
 276  91.325821  59.217789    69.232    67.126  5 57391.98208024 16.281
 277  91.324930  59.217808    63.881    61.412  5 57401.89771768 15.688
 278  91.324257  59.217440    61.257    61.241  5 57411.81335975 16.229
 279  91.323982  59.218010    74.157    73.997  5 57421.72901157 12.797
 280  91.325079  59.219649    73.989    73.558  5 57431.64466106 12.933
 281  91.324089  59.220997    75.643    75.603  5 57441.56030850 12.943
 282  91.323601  59.222341    74.945    75.324  5 57451.47595526 12.679
 283  91.324343  59.223120    75.966    76.003  5 57461.39160050 18.007
 284  91.325120  59.221910    61.540    61.594  5 57471.30724204 19.593
 285  91.327003  59.220255    70.728    69.718  5 57481.22287960  9.646
 286  91.326078  59.217727    62.101    62.021  5 57491.13851369 26.518
 287  91.325853  59.216090    61.915    61.952  5 57501.05414583 47.315
 288  91.324277  59.216231    75.793    75.842  5 57510.96979306 26.432
 289  91.326012  59.218541    59.325    59.313  5 57520.88544890 52.235
 290  91.324966  59.218535    60.210    60.278  5 57530.80110163 51.767
 291  91.323895  59.217624    72.328    72.969  5 57540.71675096 26.725
 292  91.326378  59.218248    62.041    62.734  5 57550.63239807 28.190
 293  91.326843  59.218947    59.285    59.272  5 57560.54804371 50.017
 294  91.326145  59.219896    65.881    63.775  5 57570.46368885 17.328
 295  91.326475  59.220863    58.791    58.827  5 57580.37933391 31.045
 296  91.325991  59.220578    58.931    58.891  5 57590.29497702 51.612
 297  91.325595  59.220031    68.820    70.007  6 57600.21061733 21.068
