# NaN NaN NaN ;Mean Elev.(m), Avg Gradient(m/km), RMS Gradient(m/km) - SRTM1     
#   46.987  -7.768  10.993 ;Mean Elev.(m), Avg Gradient(m/km), RMS Gradient(m/km) - ASTER GDEM
#   46.199  -0.215   6.097 ;Mean Elev.(m), Avg Gradient(m/km), RMS Gradient(m/km) - GMTED2010 
   1  90.059369  60.349417    45.916    46.271  6 54661.44088605 29.983
   2  90.061135  60.348037    44.259    44.178  6 54671.35653167 46.220
   4  90.063282  60.349311    43.891    43.903  7 54691.18781821 45.554
   6  90.062715  60.349412    44.049    44.003  6 54711.01910532 51.386
   8  90.053049  60.347116    44.666    44.650  5 54730.85040459 50.485
   9  90.051345  60.346506    43.885    43.812  5 54740.76605139 31.709
  10  90.050891  60.346773    43.854    43.782  6 54750.68169812 43.548
  11  90.053058  60.346400    44.035    44.001  6 54760.59734497 34.227
  12  90.052234  60.346614    44.091    43.916  5 54770.51298909 51.139
  13  90.051296  60.346641    43.685    43.865  5 54780.42862999 48.196
  14  90.050607  60.346662    43.805    43.787  6 54790.34426843 47.393
  15  90.051511  60.347295    44.675    44.641  6 54800.25990593 47.132
  16  90.054684  60.348006    47.697    47.717  6 54810.17554379 25.333
  17  90.061278  60.347800    48.395    48.678  6 54820.09118363 21.331
  18  90.059600  60.348243    48.450    48.370  6 54830.00683582 25.483
  19  90.057215  60.348348    52.301    53.724  6 54839.92247447 18.668
  20  90.055401  60.348388    56.069    56.003  6 54849.83812337 17.431
  21  90.056520  60.348263    57.656    57.978  6 54859.75377203 15.729
  22  90.056233  60.348832    60.509    61.012  6 54869.66942055 15.368
  23  90.056859  60.347943    57.875    58.270  6 54879.58506822 15.951
  24  90.054132  60.347196    53.584    53.193  5 54889.50071241 15.345
  25  90.050487  60.346205    50.905    48.581  6 54899.41635343 20.012
  26  90.049707  60.345744    48.566    48.663  6 54909.33199243 20.236
  27  90.050959  60.346477    48.180    48.168  6 54919.24763027 20.371
  28  90.054104  60.347094    48.411    48.346  5 54929.16326807 29.735
  29  90.053943  60.347908    49.104    49.096  6 54939.07890469 31.249
  30  90.056067  60.347048    50.272    50.276  6 54948.99454006 31.921
  31  90.058110  60.345960    48.641    48.605  5 54958.91017780 52.842
  32  90.053274  60.347406    48.636    48.578  6 54968.82582574 53.175
  33  90.054402  60.347853    47.653    47.713  6 54978.74147313 52.637
  35  90.058281  60.347205    52.794    54.236  6 54998.57276815 26.372
  36  90.057348  60.347378    45.297    45.287  6 55008.48841360 41.025
  37  90.055229  60.348329    45.542    45.538  6 55018.40405700 46.174
  38  90.058244  60.348168    46.455    46.915  6 55028.31969969 25.875
  39  90.059482  60.349017    44.245    44.203  6 55038.23534163 38.391
  40  90.061719  60.349333    44.681    44.705  6 55048.15098262 38.087
  41  90.060112  60.349573    44.855    44.892  6 55058.06662129 51.176
  42  90.058188  60.348322    44.518    44.485  6 55067.98225948 38.001
  43  90.053095  60.346920    44.922    45.006  5 55077.89790936 50.422
  44  90.051747  60.345996    44.902    44.927  6 55087.81355706 51.833
  45  90.053289  60.346050    44.456    44.424  6 55097.72920326 44.449
  46  90.055249  60.346573    44.730    44.622  6 55107.64484893 46.653
  47  90.054301  60.346763    44.420    44.481  6 55117.56049362 41.413
  48  90.050886  60.346350    44.286    44.259  5 55127.47613587 38.632
  49  90.049043  60.345584    44.520    44.608  6 55137.39177611 48.026
  50  90.048925  60.346273    44.085    44.068  6 55147.30741460 47.846
  51  90.052940  60.347669    44.630    44.578  6 55157.22305281 44.833
  52  90.057523  60.348730    48.283    48.282  6 55167.13869108 23.819
  53  90.060878  60.348992    49.944    49.232  7 55177.05432892 18.930
  54  90.059990  60.348539    55.016    55.863  7 55186.96997231 14.658
  55  90.058650  60.347527    49.041    48.984  6 55196.88562334 15.458
  56  90.056035  60.348389    49.577    48.508  6 55206.80127278 15.262
  57  90.057693  60.348950    49.447    49.016  6 55216.71692200 14.512
  58  90.059131  60.348600    51.907    51.424  6 55226.63257065 14.862
  59  90.056607  60.347653    54.579    55.751  6 55236.54821648 14.678
  60  90.050977  60.346665    58.394    59.983  5 55246.46385862 13.616
  61  90.048399  60.345117    49.344    48.957  5 55256.37949856 16.482
  62  90.047331  60.345786    53.057    51.349  5 55266.29513728 14.939
  63  90.052479  60.346576    48.507    48.489  6 55276.21077592 16.204
  64  90.054852  60.348268    61.622    61.599  6 55286.12641325 12.661
  65  90.058097  60.347756    60.865    60.837  6 55296.04204884 14.596
  66  90.054189  60.347154    47.596    47.701  6 55305.95768862 25.588
  67  90.049326  60.346379    49.363    49.551  6 55315.87333531 32.471
  68  90.050156  60.346294    52.372    52.324  5 55325.78898089 47.789
  69  90.053539  60.347522    48.684    48.710  6 55335.70462529 37.652
  70  90.056360  60.348795    58.192    58.760  6 55345.62026919 22.641
  71  90.057517  60.348858    46.926    46.906  6 55355.53591201 33.207
  72  90.057727  60.348240    46.532    46.567  6 55365.45155283 45.521
  73  90.057433  60.348073    46.120    46.155  6 55375.36719206 46.510
  74  90.057758  60.349202    45.190    45.162  6 55385.28283019 40.085
  75  90.064171  60.348698    51.062    49.717  6 55395.19846826 23.140
  76  90.063791  60.350129    46.401    46.864  6 55405.11410774 25.919
  77  90.061000  60.348781    44.917    44.915  7 55415.02975922 49.833
  78  90.054846  60.347194    44.755    44.657  6 55424.94540728 50.407
  79  90.049163  60.346188    44.763    44.791  6 55434.86105261 31.946
  80  90.049304  60.345641    44.393    44.390  6 55444.77669689 38.042
  81  90.051943  60.346421    44.078    44.090  5 55454.69234012 37.032
  82  90.057100  60.346927    44.697    44.633  6 55464.60798282 51.534
  83  90.056419  60.347770    47.324    44.288  6 55474.52362228 31.505
  84  90.054581  60.347040    44.634    44.688  5 55484.43925888 53.865
  85  90.051500  60.346542    44.178    44.146  6 55494.35489330 38.232
  86  90.053991  60.346820    43.753    43.771  6 55504.27052717 32.393
  87  90.057671  60.347385    43.791    43.697  6 55514.18617662 49.670
  88  90.060425  60.348557    43.507    43.524  6 55524.10182645 47.685
  89  90.062014  60.348267    46.840    47.021  6 55534.01747459 31.763
  90  90.059623  60.347648    47.409    47.747  6 55543.93312051 26.312
  91  90.057900  60.346953    48.818    48.700  6 55553.84876453 23.140
  92  90.057469  60.347307    53.455    55.021  6 55563.76440737 19.106
  93  90.057042  60.348870    51.525    49.228  6 55573.68004939 18.596
  94  90.061407  60.347839    51.768    49.514  6 55583.59569075 18.509
  95  90.057160  60.348455    55.301    54.911  6 55593.51132772 17.305
  96  90.055512  60.347431    55.485    55.308  6 55603.42696182 17.108
  97  90.054509  60.347187    54.566    52.742  5 55613.34259387 17.252
  98  90.055759  60.347640    50.056    48.558  5 55623.25823062 17.926
  99  90.057768  60.347353    47.847    47.529  6 55633.17388379 19.983
 100  90.055947  60.348388    46.907    46.494  6 55643.08953420 22.603
 101  90.055789  60.347829    59.358    59.370  6 55653.00518209 12.860
 102  90.052724  60.347050    46.458    46.359  6 55662.92082543 28.139
 103  90.050911  60.346463    48.534    48.515  6 55672.83646576 37.107
 104  90.052678  60.346444    47.729    47.743  5 55682.75210475 53.491
 105  90.058720  60.347151    45.924    45.936  6 55692.66774252 42.588
 106  90.061848  60.349264    45.261    45.296  7 55702.58337825 46.335
 107  90.063864  60.349572    44.894    44.905  6 55712.49902157 50.025
 108  90.061502  60.348978    44.245    44.280  7 55722.41467081 39.610
 109  90.058738  60.348564    45.151    44.023  6 55732.33031803 32.010
 110  90.060296  60.347445    44.613    44.594  6 55742.24596454 49.873
 111  90.059611  60.347701    44.250    44.255  6 55752.16160942 36.862
 112  90.057616  60.348272    45.065    43.986  6 55762.07725185 29.939
 113  90.056900  60.347708    44.570    44.612  6 55771.99289171 50.116
 114  90.053470  60.347495    44.120    44.081  6 55781.90852775 36.981
 115  90.054894  60.346924    44.955    44.930  6 55791.82416158 49.863
 116  90.057076  60.347768    44.600    44.567  6 55801.73979452 45.800
 117  90.055606  60.348795    44.701    44.706  6 55811.65544424 48.693
 118  90.058481  60.348017    44.356    44.411  6 55821.57109301 46.442
 119  90.056793  60.348259    44.106    44.092  6 55831.48673646 47.818
 120  90.055879  60.347657    43.745    43.747  6 55841.40237556 31.877
 121  90.055632  60.347483    43.704    43.660  5 55851.31801169 30.058
 122  90.058072  60.348332    43.832    43.766  6 55861.23364598 50.738
 123  90.057843  60.349047    43.312    43.331  6 55871.14929902 41.158
 124  90.061148  60.348868    43.273    43.292  6 55881.06494975 45.918
 125  90.060672  60.349421    43.529    43.541  6 55890.98059339 45.037
 126  90.061645  60.349249    48.509    48.658  6 55900.89623140 25.049
 127  90.062726  60.349632    48.763    48.884  6 55910.81186459 21.752
 128  90.060847  60.348952    48.645    48.756  7 55920.72751838 22.936
 129  90.059278  60.348303    48.352    48.240  6 55930.64317040 25.157
 130  90.056471  60.347645    47.773    47.713  5 55940.55881841 26.029
 131  90.053161  60.346726    48.349    48.233  5 55950.47446181 19.770
 132  90.050123  60.346820    48.116    48.011  6 55960.39010113 18.657
 133  90.051972  60.346871    48.493    48.428  6 55970.30573869 18.013
 134  90.057107  60.347147    48.157    48.052  6 55980.22137550 24.233
 135  90.058081  60.348596    47.798    47.560  6 55990.13701088 20.550
 136  90.058829  60.348003    47.113    47.114  6 56000.05265515 22.357
 137  90.054505  60.347518    62.227    62.320  6 56009.96830564 16.077
 138  90.052645  60.347000    60.674    60.468  6 56019.88395225 16.127
 139  90.054206  60.346515    47.365    47.332  6 56029.79959612 29.731
 140  90.056528  60.347172    48.107    48.198  6 56039.71523792 31.065
 141  90.059513  60.347942    48.771    48.785  6 56049.63087769 37.969
 142  90.059863  60.349618    46.708    46.711  6 56059.54651442 37.642
 143  90.063064  60.349494    56.930    56.485  6 56069.46214970 22.527
 144  90.061136  60.348822    44.774    44.758  7 56079.37780063 36.471
 145  90.060493  60.348210    44.744    44.735  6 56089.29344901 44.249
 146  90.059467  60.348711    44.311    44.271  6 56099.20909477 52.514
 147  90.057355  60.349037    43.738    43.743  6 56109.12472653 35.228
 148  90.058435  60.347305    43.457    43.399  6 56119.04036749 32.643
 149  90.053794  60.347647    44.391    44.427  6 56128.95600400 46.237
 150  90.055267  60.346882    43.709    43.635  6 56138.87163778 42.503
 151  90.052990  60.347890    43.946    43.938  6 56148.78728574 49.628
 152  90.057262  60.347631    43.804    43.788  6 56158.70293512 52.053
 153  90.059091  60.347584    43.757    43.770  6 56168.61858304 49.680
 154  90.054688  60.348085    43.708    43.710  6 56178.53422727 47.597
 155  90.053258  60.347125    43.227    43.212  5 56188.44986756 31.759
 156  90.053009  60.346971    43.141    43.112  6 56198.36550455 51.470
 157  90.056869  60.347875    42.959    42.998  6 56208.28113902 44.146
 158  90.063917  60.348903    43.006    43.032  6 56218.19677219 48.674
 159  90.066004  60.349650    42.831    42.808  6 56228.11241748 39.133
 160  90.062360  60.349691    42.538    42.566  6 56238.02807147 45.702
 161  90.059940  60.348633    44.632    44.646  6 56247.94372183 42.472
 162  90.058617  60.348054    46.205    46.190  6 56257.85936720 41.475
 163  90.059773  60.348305    46.018    46.038  6 56267.77500937 29.652
 164  90.060939  60.348787    46.828    46.772  7 56277.69064977 28.222
 165  90.057855  60.349144    47.424    47.330  6 56287.60629775 24.231
 166  90.056580  60.346896    47.824    47.872  6 56297.52194704 21.694
 167  90.050907  60.346064    47.468    47.371  5 56307.43759183 18.863
 168  90.048236  60.345919    47.748    47.577  5 56317.35323410 16.442
 169  90.052250  60.346255    47.998    47.831  6 56327.26887555 15.748
 170  90.057844  60.347194    48.414    48.407  6 56337.18451613 15.788
 171  90.060731  60.348111    51.726    50.588  6 56347.10015484 16.565
 172  90.059414  60.348267    57.209    57.294  6 56357.01579068 13.241
 173  90.054283  60.347041    61.128    61.073  6 56366.93143879 14.508
 176  90.058885  60.348014    46.055    45.776  6 56396.67837668 16.034
 177  90.061409  60.349264    46.883    46.879  6 56406.59401794 38.036
 178  90.063162  60.349130    50.712    50.697  6 56416.50965572 35.437
 179  90.062636  60.348963    48.615    48.597  6 56426.42528859 42.232
 180  90.058419  60.348376    61.571    61.597  6 56436.34093873 26.703
 181  90.057116  60.347886    45.905    45.881  5 56446.25659044 41.859
 182  90.059382  60.347629    45.573    45.597  6 56456.17224017 33.109
 183  90.057194  60.348087    48.850    45.538  6 56466.08788631 27.142
 184  90.056003  60.346798    45.151    45.111  6 56476.00352887 48.073
 185  90.051011  60.346542    45.021    44.917  5 56485.91916737 51.195
 186  90.051789  60.345968    44.542    44.614  6 56495.83480353 48.525
 187  90.056282  60.346901    44.280    44.202  6 56505.75043816 47.292
 188  90.060906  60.349479    44.200    44.219  6 56515.66607108 46.671
 189  90.062061  60.349252    44.889    44.054  7 56525.58172555 32.836
 190  90.060367  60.347965    44.642    44.619  6 56535.49737613 39.195
 192  90.052546  60.346611    44.318    44.155  5 56555.32866656 42.410
 193  90.056771  60.346805    44.263    44.221  6 56565.24430972 45.313
 194  90.060816  60.348678    57.815    58.480  6 56575.15995136 21.680
 195  90.064975  60.349862    43.822    43.798  7 56585.07559015 43.923
 196  90.065514  60.350267    43.665    43.658  6 56594.99122657 32.231
 197  90.062590  60.348161    43.787    43.811  6 56604.90687948 42.304
 198  90.056590  60.348075    43.640    43.617  6 56614.82252698 38.630
 199  90.055644  60.348445    43.433    43.426  6 56624.73817103 45.953
 200  90.056985  60.348901    43.656    43.407  6 56634.65381244 48.368
 201  90.059983  60.349004    43.346    43.280  6 56644.56944983 42.838
 202  90.056710  60.347741    46.576    46.476  6 56654.48510245 42.603
 203  90.053063  60.346297    51.093    49.094  6 56664.40075085 19.421
 204  90.049947  60.346033    49.442    49.469  6 56674.31639655 32.536
 205  90.050674  60.346900    48.096    48.147  6 56684.23204139 22.310
 206  90.055132  60.347753    48.829    48.766  6 56694.14768454 19.317
 207  90.059566  60.348510    48.305    48.332  6 56704.06332333 18.745
 208  90.061292  60.348455    48.767    48.800  6 56713.97895662 18.839
 210  90.051373  60.347360    48.106    47.971  6 56733.81025627 22.325
 211  90.053258  60.347850    50.999    51.749  6 56743.72590335 16.957
 212  90.061472  60.347791    48.773    48.779  6 56753.64154673 23.127
 213  90.063682  60.349628    50.023    50.044  6 56763.55718389 31.293
 214  90.065330  60.349665    55.372    55.701  6 56773.47281777 32.282
 215  90.060314  60.347972    61.213    61.222  6 56783.38847490 26.229
 216  90.054274  60.347468    46.862    46.080  6 56793.30412820 36.206
 217  90.054185  60.346366    56.266    56.620  6 56803.21977929 26.359
 218  90.052887  60.347528    46.215    45.346  6 56813.13542217 33.049
 219  90.053751  60.347628    45.632    45.623  6 56823.05106188 47.837
 221  90.055807  60.347067    44.450    44.403  6 56842.88232958 40.851
 222  90.055495  60.347397    44.399    44.333  5 56852.79797009 47.657
 223  90.053702  60.347780    44.330    44.331  6 56862.71362386 39.699
 224  90.055773  60.347466    45.300    45.300  6 56872.62927749 42.122
 225  90.055456  60.347590    45.297    44.303  6 56882.54492773 25.941
 226  90.053462  60.347749    44.877    44.859  6 56892.46057426 48.235
 227  90.052467  60.347027    45.600    44.724  6 56902.37621795 26.085
 228  90.054773  60.346309    45.234    44.210  6 56912.29186007 27.367
 229  90.055074  60.347829    50.067    47.815  6 56922.20750019 26.081
 230  90.060972  60.348404    44.290    44.230  6 56932.12313870 50.908
 231  90.064148  60.349492    43.808    43.741  6 56942.03877170 31.145
 232  90.063417  60.349455    43.431    43.501  7 56951.95441449 35.455
 233  90.060726  60.347954    42.888    43.023  6 56961.87006554 48.840
 234  90.057427  60.347686    43.145    43.110  6 56971.78571136 46.698
 235  90.056344  60.348169    43.032    42.983  6 56981.70135311 42.614
 236  90.059633  60.347896    45.825    45.099  6 56991.61699085 21.471
 237  90.060062  60.348735    46.331    45.556  6 57001.53262284 21.266
 238  90.054941  60.347986    47.989    47.813  6 57011.44827987 21.192
 239  90.054643  60.346303    47.551    47.972  6 57021.36393169 20.372
 240  90.052202  60.347207    47.210    47.421  6 57031.27958022 20.216
 241  90.055315  60.346969    46.697    45.899  6 57041.19522757 18.834
 242  90.056606  60.347589    49.729    49.147  6 57051.11087256 16.695
 243  90.058150  60.347557    45.361    45.347  6 57061.02651349 21.588
 244  90.059951  60.347444    45.485    45.451  6 57070.94214889 22.375
 245  90.061284  60.348167    46.064    45.333  6 57080.85777979 18.892
 246  90.060807  60.349475    46.261    45.449  6 57090.77342122 20.776
 247  90.062300  60.348881    46.512    45.673  6 57100.68907902 22.065
 248  90.061293  60.349167    46.630    45.959  7 57110.60473330 21.634
 249  90.060448  60.348704    45.617    45.655  7 57120.52038204 21.609
 250  90.058394  60.348071    46.253    46.190  6 57130.43602493 31.391
 251  90.056902  60.348335    48.442    48.447  6 57140.35166254 40.600
 252  90.061561  60.347856    46.410    46.428  6 57150.26729742 44.698
 253  90.061656  60.349725    61.283    61.467  6 57160.18292859 25.179
 254  90.061576  60.348247    46.751    46.769  6 57170.09858182 52.694
 255  90.057180  60.347112    45.528    45.537  6 57180.01423710 48.374
 256  90.051605  60.346840    45.154    45.134  5 57189.92988815 45.511
 257  90.051055  60.346738    44.585    44.508  6 57199.84553598 49.591
 258  90.054367  60.346889    44.202    44.199  6 57209.76117034 40.178
 259  90.056889  60.347649    44.216    44.237  6 57219.67681442 43.760
 260  90.055891  60.348549    44.024    44.030  6 57229.59245708 43.548
 261  90.058091  60.347626    43.935    43.930  6 57239.50809801 31.173
 262  90.057444  60.347975    43.975    44.024  6 57249.42373559 44.473
 263  90.059724  60.348657    43.876    43.879  7 57259.33937112 40.337
 264  90.064566  60.349491    45.883    46.438  6 57269.25500567 27.336
 265  90.065723  60.349993    58.929    59.766  6 57279.17065695 22.940
 266  90.065862  60.349050    43.927    43.992  6 57289.08631299 43.861
 267  90.061496  60.348383    53.481    56.383  6 57299.00196571 25.257
 268  90.057562  60.347246    55.362    55.398  6 57308.91761488 28.168
 269  90.054090  60.347149    43.785    43.806  6 57318.83326033 37.634
 270  90.053015  60.347802    43.301    43.215  6 57328.74890275 51.395
 271  90.055856  60.348391    43.014    43.033  6 57338.66454330 45.305
 272  90.054268  60.348360    45.225    45.274  6 57348.58019182 34.791
 273  90.053848  60.346635    45.980    45.994  6 57358.49583796 31.588
 274  90.049680  60.346298    47.138    46.629  5 57368.41148036 26.994
 275  90.050194  60.346476    46.162    46.111  5 57378.32712039 26.175
 276  90.054460  60.347950    45.740    45.761  6 57388.24275909 23.039
 277  90.062423  60.348443    47.222    47.589  6 57398.15839745 21.606
 278  90.064473  60.349449    47.734    47.920  7 57408.07403365 21.079
 279  90.061009  60.348126    47.732    47.892  6 57417.98968677 20.096
 280  90.057363  60.347174    48.629    49.021  6 57427.90533730 19.432
 281  90.054936  60.347952    46.012    45.995  6 57437.82098501 25.625
 282  90.059450  60.348429    46.491    45.958  7 57447.73663192 23.195
 283  90.061986  60.349544    45.862    45.841  6 57457.65227743 24.171
 284  90.064746  60.348883    55.042    57.917  6 57467.56792051 18.889
 285  90.060775  60.348965    46.070    46.069  7 57477.48355892 22.252
 286  90.057565  60.348504    46.041    45.996  6 57487.39919431 32.157
 287  90.058784  60.348305    46.579    46.594  7 57497.31482798 40.644
 288  90.061037  60.349405    46.296    46.305  6 57507.23046639 39.756
 289  90.060597  60.349247    56.934    58.975  6 57517.14612273 26.918
 290  90.059033  60.348677    45.935    45.907  6 57527.06177621 50.968
 291  90.053817  60.347835    61.956    62.112  6 57536.97742673 25.635
 292  90.050370  60.346601    45.299    45.275  5 57546.89307474 39.398
 293  90.049692  60.346403    45.091    45.017  5 57556.80872117 50.330
 294  90.053156  60.347353    44.412    44.346  6 57566.72436653 44.144
 295  90.056372  60.348687    44.520    44.491  6 57576.64001103 47.603
 296  90.060170  60.348343    44.074    44.076  6 57586.55565472 35.069
 297  90.057246  60.348660    44.508    44.428  6 57596.47129543 45.564
