# NaN NaN NaN ;Mean Elev.(m), Avg Gradient(m/km), RMS Gradient(m/km) - SRTM1     
#  -10.920  -0.371   6.229 ;Mean Elev.(m), Avg Gradient(m/km), RMS Gradient(m/km) - ASTER GDEM
#    1.334   0.263   3.384 ;Mean Elev.(m), Avg Gradient(m/km), RMS Gradient(m/km) - GMTED2010 
   1  87.825970  65.802669    19.076    19.828  7 54659.32796426 19.767
   2  87.827100  65.802361    20.486    19.521  7 54669.24361048 18.083
   3  87.821315  65.802848    -9.812    -9.842  7 54679.15925413 22.472
   4  87.816749  65.803830    15.117    14.177  8 54689.07489672 19.339
   5  87.817765  65.804414    -9.870    -9.943  8 54698.99053771 18.842
   6  87.820910  65.803558     6.847     6.867  8 54708.90618165 33.285
   7  87.823938  65.802037     6.251     6.334  7 54718.82183339 24.169
   8  87.826709  65.800520    11.397    11.588  8 54728.73748252 26.000
   9  87.827516  65.800280    15.766    17.392  7 54738.65312997 20.606
  10  87.828577  65.801265    17.437    17.974  7 54748.56877741 21.163
  11  87.826939  65.802193     5.690     5.641  7 54758.48442431 35.826
  12  87.822909  65.801947     5.256     5.460  7 54768.40006874 29.433
  13  87.827775  65.801017     6.717     6.715  8 54778.31571057 44.425
  14  87.828016  65.799580     6.314     6.314  8 54788.23134952 32.074
  15  87.827776  65.799268     6.715     6.705  8 54798.14698742 26.568
  16  87.828901  65.800540     6.743     6.743  8 54808.06262544 22.667
  17  87.826033  65.801758     6.741     6.744  8 54817.97826256 20.541
  18  87.825642  65.802740     6.502     6.550  7 54827.89391311 19.112
  19  87.823576  65.802797     9.051     9.535  8 54837.80955187 17.790
  20  87.818909  65.802926    12.529    12.704  8 54847.72520074 15.878
  21  87.817270  65.803562    15.790    16.405  8 54857.64084938 16.698
  22  87.816613  65.804427    12.747    12.866  8 54867.55649820 15.492
  23  87.817964  65.804380    12.935    12.787  9 54877.47214650 16.131
  24  87.819993  65.803226    12.722    12.813  9 54887.38779178 15.236
  25  87.825400  65.801769    11.389    10.988  7 54897.30343398 15.612
  26  87.826530  65.800815    13.142    12.404  8 54907.21907316 15.469
  27  87.827306  65.800999    11.326    10.974  7 54917.13471113 15.064
  28  87.827072  65.801563    23.030    24.280  7 54927.05034887  8.279
  29  87.826366  65.801532    13.591    13.601  7 54936.96598591  9.756
  30  87.827932  65.800926     7.374     7.335  8 54946.88162131 32.465
  31  87.827442  65.799633     8.352     8.333  7 54956.79725482 24.549
  32  87.828342  65.799370    11.976    11.965  8 54966.71290348 29.719
  33  87.827152  65.799935    18.101    18.102  7 54976.62855104 54.148
  34  87.826206  65.801121    19.065    19.104  7 54986.54419865 41.857
  35  87.827129  65.802160    20.560    20.362  7 54996.45984655 26.737
  36  87.823905  65.802482    15.040    16.300  7 55006.37549239 26.355
  37  87.823799  65.802863     8.723     8.714  8 55016.29113633 36.849
  38  87.818627  65.803068    13.620    13.663  8 55026.20677836 25.319
  39  87.817015  65.803938    10.204     7.157  8 55036.12242027 27.048
  40  87.817106  65.804161     5.116     5.198  8 55046.03806145 29.890
  41  87.818236  65.803086     5.296     5.305  8 55055.95370085 31.771
  42  87.828041  65.801559     5.400     5.394  7 55065.86933871 54.039
  43  87.826848  65.800189     9.106     8.254  8 55075.78498743 26.851
  44  87.827801  65.800290    11.655    12.373  8 55085.70063535 29.239
  45  87.827187  65.801254    11.608    12.935  7 55095.61628154 22.893
  46  87.827372  65.801900    11.668    11.924  7 55105.53192758 24.857
  47  87.828179  65.801636    16.730    16.766  7 55115.44757337 20.564
  48  87.826498  65.800396    16.258    16.976  8 55125.36321650 21.615
  49  87.827870  65.799648     6.091     6.092  8 55135.27885730 43.759
  50  87.829695  65.799742     5.974     6.044  8 55145.19449604 31.074
  51  87.825970  65.800539     6.031     6.039  8 55155.11013358 25.253
  52  87.826398  65.801561     9.659    10.524  7 55165.02577175 21.364
  53  87.827695  65.802301    11.799    12.275  7 55174.94140977 19.496
  54  87.828089  65.802170    11.486    12.529  7 55184.85704991 18.114
  55  87.822978  65.802233    10.911    10.202  7 55194.77270057 18.175
  56  87.820349  65.803130    10.568    10.290  9 55204.68835020 17.819
  57  87.818040  65.804333    10.778    11.968  9 55214.60399924 17.707
  58  87.818914  65.804691    11.858    12.376  9 55224.51964804 16.261
  59  87.818464  65.803165     9.625    10.121  9 55234.43529484 16.565
  60  87.824464  65.801038     9.365     9.553  7 55244.35093895 17.153
  61  87.830071  65.799726     9.648     9.692  8 55254.26658005 16.204
  62  87.826530  65.799899    10.256    10.137  8 55264.18221851 15.670
  63  87.826315  65.801656    10.131    10.062  8 55274.09785638 14.990
  64  87.822624  65.802192    12.950    13.093  7 55284.01349336 15.966
  65  87.825571  65.801193    12.525    12.730  7 55293.92912940 15.889
  66  87.831037  65.799482    12.531    12.275  8 55303.84476712 15.216
  67  87.827833  65.798323    30.338    30.498  8 55313.76041424  9.798
  68  87.826535  65.799273     6.817     6.817  8 55323.67605959 29.503
  69  87.827782  65.801386    11.402    11.369  7 55333.59170394 23.095
  70  87.825273  65.802699    18.496    18.479  6 55343.50734778 41.524
  71  87.826291  65.802785    21.941    21.985  7 55353.42299143 26.771
  72  87.827756  65.802410    23.153    22.832  7 55363.33863299 23.881
  73  87.822437  65.802040    21.600    21.452  7 55373.25427208 21.246
  74  87.823526  65.803052    19.298    19.181  8 55383.16991050 24.018
  75  87.817391  65.803621     8.866     6.920  8 55393.08554745 33.259
  76  87.819126  65.803685    10.822    10.242  8 55403.00118364 27.166
  77  87.822667  65.802381    11.082    13.288  7 55412.91683587 26.807
  78  87.827562  65.800308    12.954    12.643  7 55422.83248536 24.333
  79  87.829487  65.798847    12.237    13.162  8 55432.74813195 27.204
  80  87.828546  65.799609     9.015     6.756  7 55442.66377651 32.795
  81  87.827048  65.801358    10.580    10.102  8 55452.57941959 28.927
  82  87.822611  65.802367    13.532    13.319  7 55462.49506160 26.253
  83  87.824647  65.801525    13.194    12.954  7 55472.41070230 25.316
  84  87.829461  65.799742    11.805    12.208  8 55482.32634038 25.686
  85  87.831839  65.798303     6.560     5.898  8 55492.24197603 31.911
  86  87.828311  65.798754     4.875     4.694  8 55502.15760950 43.041
  87  87.827903  65.801133     5.241     5.246  7 55512.07325474 47.316
  88  87.823494  65.802906     6.467     6.408  7 55521.98890396 36.587
  89  87.820866  65.803225     5.909     5.978  8 55531.90455200 33.639
  90  87.824994  65.802745     5.489     5.431  7 55541.82019897 31.019
  91  87.828020  65.802462     5.466     5.468  7 55551.73584379 25.552
  92  87.821819  65.802784     6.031     6.085  8 55561.65148639 23.952
  93  87.820193  65.803901     6.472     6.495  8 55571.56712870 22.404
  94  87.819123  65.803917     8.407     6.788  9 55581.48276989 20.408
  95  87.825008  65.802386    10.835    11.792  7 55591.39840851 18.848
  96  87.830317  65.799883    10.033    10.629  8 55601.31404381 19.203
  97  87.830065  65.798111     9.826     9.974  8 55611.22967645 18.895
  98  87.827216  65.798544    10.012    11.199  8 55621.14530845 18.110
  99  87.826707  65.800968    10.853    11.417  8 55631.06096133 17.677
 100  87.827929  65.802383     8.986     9.673  7 55640.97661226 17.568
 101  87.827103  65.801508     7.630     8.763  7 55650.89226026 16.201
 102  87.826777  65.799303    18.777    18.454  8 55660.80790458 14.811
 103  87.828892  65.798408     5.983     5.982  8 55670.72354584 48.789
 104  87.828127  65.799381    15.440    15.230  7 55680.63918519 28.402
 105  87.825613  65.801488    18.451    18.284  7 55690.55482260 43.256
 106  87.822430  65.802901    17.948    17.995  7 55700.47045834 51.350
 107  87.818906  65.802841    16.058    16.062  8 55710.38609781 48.284
 108  87.825627  65.802734    20.749    20.304  7 55720.30174854 20.670
 109  87.826245  65.802566    13.448    13.128  7 55730.21739650 26.073
 110  87.821844  65.802627    10.803    12.883  7 55740.13304268 25.191
 111  87.818890  65.803013    16.352    19.026  9 55750.04868776 23.325
 112  87.819342  65.802843    12.357    12.717  8 55759.96433076 26.610
 113  87.827808  65.802159    12.866    12.585  7 55769.87997161 24.196
 114  87.827387  65.800023     7.070     7.108  7 55779.79560828 41.947
 115  87.826277  65.798538    17.450    17.663  8 55789.71124236 20.911
 116  87.827954  65.798878    18.335    18.211  8 55799.62687560 20.491
 117  87.827158  65.800449    14.678    15.260  7 55809.54252266 20.672
 118  87.827766  65.801833     7.286     7.338  7 55819.45817171 41.600
 119  87.828071  65.801469     6.156     6.157  7 55829.37381624 48.991
 120  87.828493  65.799844     4.564     4.776  7 55839.28945627 25.763
 121  87.829301  65.798669    17.871    17.383  8 55849.20509329 21.730
 122  87.829498  65.799439     7.566     6.105  8 55859.12072827 30.085
 123  87.826510  65.801574     5.327     5.306  7 55869.03637677 46.711
 124  87.818742  65.802987     6.392     6.397  9 55878.95202747 29.125
 125  87.818331  65.803374    11.938    12.081  9 55888.86767217 25.702
 126  87.822288  65.802929    14.314    13.416  8 55898.78331146 23.060
 127  87.825342  65.802395    15.983    16.386  6 55908.69894573 21.392
 128  87.827037  65.802881    16.722    16.933  7 55918.61459525 20.582
 129  87.822755  65.802947    14.430    16.336  7 55928.53024784 21.847
 130  87.827456  65.802781    16.642    17.116  7 55938.44589769 20.497
 131  87.826081  65.801152    16.841    17.093  7 55948.36154203 20.175
 132  87.828421  65.799946    17.243    17.261  8 55958.27718222 19.296
 133  87.828405  65.799579    17.290    17.243  7 55968.19281976 18.309
 134  87.826463  65.800157    15.681    16.868  8 55978.10845627 19.944
 135  87.827353  65.800909    14.367    16.777  8 55988.02409239 20.491
 136  87.826038  65.800895    16.959    16.966  8 55997.93973231 18.882
 137  87.825992  65.800447    16.154    16.953  8 56007.85538347 19.068
 138  87.828318  65.799929    17.264    17.340  8 56017.77103065 16.126
 139  87.826851  65.800070     4.877     4.986  8 56027.68667462 14.157
 140  87.827962  65.801282    11.901    11.509  7 56037.60231723  9.890
 141  87.825718  65.802438     5.700     5.688  7 56047.51795759 15.989
 142  87.819429  65.802851     7.381     7.463  8 56057.43359478 34.101
 143  87.820828  65.802848    17.858    17.810  8 56067.34922831 43.982
 144  87.820702  65.802800    20.816    21.419  8 56077.26487758 25.117
 145  87.822840  65.803128    14.795    14.758  8 56087.18052663 52.257
 146  87.819477  65.803019    20.644    20.914  9 56097.09617270 20.097
 147  87.824320  65.802855    12.890    13.718  8 56107.01181734 28.262
 148  87.826979  65.801719    10.429    12.525  7 56116.92744734 25.828
 149  87.825729  65.800218     4.772     4.773  8 56126.84308485 44.061
 150  87.829975  65.799562     6.760     4.482  8 56136.75871906 26.074
 151  87.827093  65.799836     4.322     4.363  8 56146.67436312 38.580
 152  87.828517  65.800978     6.163     3.402  7 56156.59001274 28.360
 153  87.828174  65.801633     3.718     3.731  7 56166.50566128 27.960
 154  87.825891  65.801157     3.867     3.932  8 56176.42130721 33.273
 155  87.828420  65.800542     7.532     5.757  7 56186.33694865 24.800
 156  87.827220  65.799880     4.616     4.623  8 56196.25258600 52.277
 157  87.827911  65.800522    13.708    15.935  7 56206.16822056 24.302
 158  87.826479  65.801804     3.959     3.947  7 56216.08385344 35.822
 159  87.823767  65.802941     4.386     4.387  7 56225.99949329 46.414
 160  87.819371  65.803031     9.008     9.459  9 56235.91514808 26.288
 161  87.823946  65.802994     9.114     9.502  8 56245.83079982 23.962
 162  87.825290  65.802845     9.960    10.980  7 56255.74644616 22.726
 163  87.821933  65.803114    10.533    10.594  8 56265.66208825 22.229
 164  87.819935  65.803442    12.390    12.441  9 56275.57772878 19.796
 165  87.822810  65.803068    13.115    12.137  8 56285.49337498 19.020
 166  87.825798  65.801484    11.833    11.763  8 56295.40902568 18.588
 167  87.828211  65.799721    11.713    11.730  7 56305.32467216 18.159
 168  87.829829  65.799494    14.090    12.157  8 56315.24031511 16.363
 169  87.826851  65.800718    13.048    11.871  7 56325.15595576 16.660
 170  87.827860  65.802310    12.119    10.602  7 56335.07159595 16.574
 171  87.823821  65.802006    13.633    13.265  7 56344.98723463 16.402
 172  87.826259  65.800772    13.447    10.973  8 56354.90287153 15.916
 173  87.827661  65.799667    12.483    10.451  8 56364.81851671 16.270
 174  87.828385  65.800035    12.381    10.227  7 56374.73416563 16.255
 176  87.819455  65.803281     9.966    10.016  9 56394.56545474 15.930
 177  87.819162  65.804006    18.165    18.480  9 56404.48109668 11.146
 178  87.818084  65.803489     5.307     5.320  8 56414.39673547 41.599
 179  87.827017  65.802770    16.993    16.932  7 56424.31237027 45.910
 180  87.822697  65.802198    20.195    20.179  7 56434.22801573 53.022
 181  87.823066  65.802925    17.828    17.494  8 56444.14366794 30.026
 182  87.817955  65.803595    18.435    19.311  9 56454.05931713 21.865
 183  87.820512  65.803308     8.871     8.814  9 56463.97496417 33.994
 184  87.825556  65.801740     6.198     6.174  7 56473.89060793 28.498
 185  87.829672  65.799728     6.635     6.579  8 56483.80624820 54.717
 186  87.829571  65.799092     5.629     5.523  8 56493.72188486 36.479
 187  87.827944  65.800292     4.810     4.768  8 56503.63751924 36.068
 188  87.825524  65.801888     8.710     9.556  8 56513.55315197 30.820
 189  87.824275  65.802425     4.150     4.145  7 56523.46880179 32.123
 190  87.828399  65.801587     4.891     4.931  7 56533.38445406 32.917
 192  87.828599  65.800118     6.303     6.288  7 56553.21574695 40.342
 193  87.822917  65.801726     5.673     5.635  7 56563.13138922 42.058
 194  87.819552  65.803879     5.224     5.128  8 56573.04703046 36.288
 195  87.818388  65.804796     4.249     4.306  8 56582.96266967 31.961
 196  87.818975  65.803627     4.870     4.783  9 56592.87830447 48.591
 197  87.825260  65.802611     6.571     6.528  6 56602.79395655 39.876
 198  87.826229  65.802039     6.772     6.780  7 56612.70960579 20.772
 199  87.823379  65.802666     6.413     6.412  7 56622.62525046 17.163
 200  87.819105  65.803226     9.913    10.709  8 56632.54089211 17.579
 201  87.820686  65.802950     8.065     9.207  8 56642.45652986 18.509
 202  87.825587  65.801420     7.861     9.852  7 56652.37218014 17.654
 203  87.829707  65.799752    15.440    16.382  8 56662.28783008 17.835
 204  87.825883  65.798977    11.645    11.461  8 56672.20347641 15.134
 205  87.827056  65.800883    10.218    10.279  7 56682.11912161 15.405
 206  87.824723  65.802569    11.597    11.883  7 56692.03476445 15.036
 207  87.820436  65.802776    11.304    11.562  8 56701.95040310 15.055
 208  87.824386  65.801478    11.224    11.149  7 56711.86603749 15.525
 209  87.828688  65.800542     7.965     8.679  8 56721.78168327 16.011
 210  87.827248  65.800647    11.321    11.299  7 56731.69733461 14.669
 211  87.827690  65.802824    11.539    11.177  7 56741.61298255 15.061
 212  87.817797  65.804390     8.871     6.920  8 56751.52862523 11.717
 213  87.815336  65.804944     5.637     5.658  8 56761.44426344 16.619
 214  87.819821  65.803999     6.111     6.134  8 56771.35989550 22.955
 215  87.823105  65.802846     8.450     8.405  7 56781.27555088 30.362
 216  87.827460  65.802477    16.505    16.451  7 56791.19120597 28.454
 217  87.825513  65.802881    17.695    18.141  7 56801.10685747 25.870
 218  87.820960  65.803437    20.302    20.565  8 56811.02250167 21.580
 219  87.819347  65.803173    21.803    21.634  8 56820.93814152 24.823
 220  87.825599  65.801916    14.803    14.783  8 56830.85377798 50.494
 221  87.829776  65.800014    12.918     9.858  8 56840.76941094 34.289
 222  87.828507  65.799174    15.503    16.307  7 56850.68504669 23.224
 223  87.828335  65.800692    11.931    12.886  8 56860.60070119 24.709
 224  87.827522  65.802711    17.226    18.564  7 56870.51635492 21.360
 225  87.818591  65.802921    12.653    12.849  8 56880.43200513 28.299
 226  87.824892  65.802680     7.741     5.500  7 56890.34765306 26.494
 227  87.826752  65.801642    11.496    12.605  7 56900.26329771 23.508
 228  87.827055  65.801983     7.701     7.716  7 56910.17894015 50.284
 229  87.822667  65.803183    16.528    16.088  8 56920.09458052 23.406
 230  87.817127  65.804476    11.615    12.507  9 56930.01021866 28.203
 231  87.818561  65.804808    12.746    12.460  8 56939.92585262 29.471
 232  87.819165  65.803776     5.034     5.041  9 56949.84149004 50.234
 233  87.824704  65.802879     6.403     6.356  7 56959.75714270 38.928
 234  87.827829  65.802434     5.962     5.938  7 56969.67279009 23.428
 235  87.822391  65.802145     6.188     6.205  7 56979.58843281 20.487
 236  87.827820  65.802773     5.839     5.824  7 56989.50407214 19.962
 237  87.825674  65.802025    10.923    10.436  7 56999.41970444 17.021
 238  87.824716  65.801173     8.374     5.657  7 57009.33535685 17.370
 239  87.826322  65.800291    11.511    11.420  8 57019.25100949 19.556
 240  87.828343  65.800358    10.528    10.903  8 57029.16665912 15.665
 241  87.827041  65.801238    12.443    12.542  7 57039.08230678 14.154
 242  87.825684  65.802352    12.648    12.573  7 57048.99795210 14.380
 243  87.822802  65.802567    13.055    12.891  7 57058.91359332 13.062
 244  87.825106  65.802192    12.235    11.996  7 57068.82922930 16.407
 245  87.825743  65.801708    12.637    11.220  8 57078.74486084 14.695
 246  87.826775  65.802131     9.580    10.667  7 57088.66049657 16.242
 247  87.817872  65.803162    11.682    12.313  8 57098.57615417 15.804
 248  87.815984  65.804388    12.619    12.907  8 57108.49180945 14.376
 249  87.819637  65.804620     5.561     5.546  8 57118.40746003 19.301
 250  87.819479  65.803562    28.816    28.746  9 57128.32310411  6.566
 251  87.823987  65.802820     7.921     5.715  8 57138.23874313 18.348
 252  87.825302  65.802499     8.902     8.867  7 57148.15437802 27.503
 253  87.824811  65.802317    16.868    16.665  7 57158.07001017 44.798
 254  87.825678  65.802182    20.014    20.016  7 57167.98565765 55.103
 255  87.823431  65.801525    19.648    19.706  7 57177.90131361 37.577
 256  87.827387  65.800997    15.670    14.574  7 57187.81696606 29.307
 257  87.826811  65.800739    18.771    18.728  7 57197.73261403 21.749
 258  87.824178  65.801099     6.988     7.055  7 57207.64824822 37.212
 259  87.825882  65.802098    13.204    12.824  7 57217.56389310 26.008
 260  87.824295  65.802364    10.683    12.953  7 57227.47953663 26.253
 261  87.828153  65.802504     5.508     5.507  7 57237.39517853 40.171
 262  87.828283  65.802239    12.791    12.474  7 57247.31081667 23.988
 263  87.825251  65.802257     8.717     6.624  7 57257.22645197 25.312
 264  87.817904  65.802780     6.772     6.835  8 57267.14208566 30.421
 265  87.818879  65.803989    14.178    13.452  8 57277.05773216 28.662
 266  87.818751  65.804349     6.872     6.912  9 57286.97338873 51.634
 267  87.819899  65.803648    16.006    16.324  9 57296.88904247 25.946
 268  87.822051  65.802707     6.948     7.466  7 57306.80469267 31.012
 269  87.823316  65.802445     5.545     5.567  7 57316.72033904 50.270
 270  87.824262  65.802842     5.781     5.721  8 57326.63598217 49.440
 271  87.819673  65.802852     7.600     7.522  8 57336.55162272 44.435
 272  87.827099  65.802841     6.107     6.139  7 57346.46727066 30.193
 273  87.825563  65.801426     5.617     5.609  8 57356.38291764 24.782
 274  87.828214  65.800475    11.253     9.197  7 57366.29856138 21.149
 275  87.827629  65.800402     6.634     6.648  8 57376.21420155 19.543
 276  87.827472  65.801504    14.040    13.310  7 57386.12983992 17.921
 277  87.823307  65.802136    11.176    11.764  7 57396.04547731 18.746
 278  87.825617  65.802385    10.953    11.384  7 57405.96111423 17.427
 279  87.825669  65.801840    11.176    11.095  7 57415.87676388 17.322
 280  87.825174  65.801658    11.413    11.218  7 57425.79241503 17.423
 281  87.822283  65.802433     8.747    10.850  7 57435.70806305 18.469
 282  87.819113  65.804083    12.197    12.295  8 57445.62370941 17.133
 283  87.818195  65.805304     9.836    10.528  8 57455.53935517 18.141
 284  87.817808  65.804919    10.072    11.249  8 57465.45499887 16.741
 285  87.820553  65.803052    12.208    12.816  9 57475.37063898 14.767
 286  87.827157  65.801576    12.282    12.279  7 57485.28627601 14.570
 287  87.826223  65.801085    16.490    17.787  8 57495.20190973 12.593
 288  87.823240  65.801965     6.404     6.398  7 57505.11754214 22.658
 289  87.819272  65.802855     8.552     8.457  8 57515.03319824 20.800
 290  87.827332  65.802824     9.712     9.672  7 57524.94885305 24.456
 291  87.827214  65.800898    13.479    13.444  7 57534.86450471 52.229
 292  87.826977  65.799525    17.420    15.770  8 57544.78015344 29.545
 293  87.829567  65.800269    19.332    19.564  8 57554.69580029 24.010
 294  87.825714  65.801942     8.225     8.233  8 57564.61144509 46.238
 295  87.820777  65.803068     8.193     6.148  8 57574.52708917 30.753
 296  87.820600  65.802999     5.061     5.019  8 57584.44273315 39.361
 297  87.825135  65.802336     5.098     5.120  7 57594.35837552 26.807
