# NaN NaN NaN ;Mean Elev.(m), Avg Gradient(m/km), RMS Gradient(m/km) - SRTM1     
#   20.438   2.297  12.972 ;Mean Elev.(m), Avg Gradient(m/km), RMS Gradient(m/km) - ASTER GDEM
#   24.382   3.288  12.046 ;Mean Elev.(m), Avg Gradient(m/km), RMS Gradient(m/km) - GMTED2010 
   7  88.979637  62.466974   -14.137   -14.228  7 54726.86766235  7.971
   8  88.985270  62.463844    21.204    21.196 11 54736.78331099 42.104
   9  88.985603  62.464621    25.258    26.442 10 54746.69895814 28.311
  10  88.978131  62.468132    21.237    21.064  3 54756.61460383 39.689
  12  88.984309  62.465235    19.795    19.793  9 54776.44589153 45.595
  13  88.984274  62.463498    19.499    19.478 13 54786.36153119 42.049
  14  88.985857  62.463192    22.156    21.728 12 54796.27716968 31.497
  15  88.983351  62.466653    26.407    27.959  3 54806.19280704 23.773
  24  88.982299  62.466532    24.208    22.808  6 54895.43361485 18.553
  25  88.986818  62.463002    22.835    22.881 12 54905.34925513 19.827
  26  88.986699  62.462721    24.495    23.934 13 54915.26489357 16.774
  27  88.986541  62.464279    95.224    95.183 10 54925.18053152  1.842
  28  88.984346  62.466908    23.510    23.510  2 54935.09616846 16.731
  31  88.979819  62.466778    32.598    32.591  8 54964.84308325 36.767
  32  88.985367  62.464516    29.399    29.347 11 54974.75873209 36.795
  33  88.979730  62.467372    30.137    30.131  4 54984.67437891 52.251
  43  88.986049  62.464579    20.709    20.694 10 55083.83081592 47.089
  44  88.985584  62.464085    20.641    20.600 11 55093.74646233 52.205
  45  88.984637  62.464860    20.542    20.503 10 55103.66210838 35.710
  46  88.978579  62.467205    20.730    20.752  7 55113.57775354 34.248
  47  88.980359  62.466670    25.578    27.311  7 55123.49339729 26.601
  48  88.983949  62.465050    19.964    19.960 10 55133.40903846 49.065
  49  88.986133  62.463719    19.800    19.802 11 55143.32467744 38.675
  50  88.983984  62.464796    22.767    22.738 10 55153.24031525 29.194
  51  88.983606  62.466603    23.522    23.467  3 55163.15595355 25.758
  59  88.979792  62.467395    23.955    23.316  4 55242.48111980 17.737
  60  88.986287  62.463864    24.025    23.332 11 55252.39676171 16.119
  61  88.984615  62.463531    23.917    23.344 13 55262.31240041 15.769
  62  88.984302  62.464660    22.900    22.859 10 55272.22803820 15.849
  63  88.978943  62.467490    96.863    96.800  4 55282.14367519  3.885
  64  88.984758  62.466691    22.775    22.775  2 55292.05931243 15.560
  65  88.978993  62.468206    22.140    22.134  3 55301.97494663 20.204
  66  88.981691  62.466018    22.292    22.280  9 55311.89059499 20.905
  67  88.984693  62.464879    24.606    24.582 10 55321.80624084 35.533
  68  88.980235  62.466855    33.611    33.573  6 55331.72188441 39.993
  77  88.983406  62.467030    21.068    21.068  2 55420.96266585 37.260
  78  88.985426  62.464202    24.721    24.723 11 55430.87831332 26.799
  79  88.984402  62.464289    22.854    23.581 11 55440.79395780 33.711
  80  88.983413  62.465787    22.578    22.491  8 55450.70960056 33.861
  81  88.985220  62.466432    20.969    20.969  2 55460.62524305 38.346
  82  88.979709  62.467571    23.275    21.615  4 55470.54088366 33.634
  83  88.981297  62.466108    21.575    21.542  9 55480.45652219 45.205
  84  88.986036  62.464353    23.827    24.057 10 55490.37215853 33.238
  85  88.980043  62.467250    20.241    20.229  4 55500.28779134 38.931
  95  88.978386  62.467870    22.974    22.946  4 55599.44422533 20.651
  96  88.981030  62.466031    22.592    22.646  9 55609.35985908 21.003
  97  88.983094  62.466812    22.398    22.398  2 55619.27549098 18.732
 101  88.984804  62.464745    21.923    21.960 10 55658.93808643 15.330
 102  88.984456  62.463346    22.396    22.338 13 55668.85372843 41.087
 103  88.984251  62.464730    29.823    29.823 10 55678.76936774 37.242
 113  88.978885  62.467361    21.221    21.250  4 55777.92579027 32.667
 114  88.984698  62.464569    21.414    20.830 11 55787.84142603 31.877
 115  88.978331  62.467707    21.707    21.645  4 55797.75705851 38.226
 119  88.985195  62.466476    27.973    27.973  2 55837.41963759 29.555
 120  88.980738  62.466096    26.927    28.031  9 55847.33527496 24.027
 121  88.983670  62.466779    23.253    21.202  3 55857.25091064 28.813
 131  88.984686  62.464807    22.711    22.377 11 55956.40736351 22.603
 132  88.985193  62.463462    22.869    22.599 13 55966.32300182 21.521
 133  88.985559  62.464654    22.837    22.869 10 55976.23863888 23.875
 137  88.978552  62.467364    22.103    22.092  7 56015.90121059 21.755
 138  88.985503  62.463955    21.981    22.001 12 56025.81685639 29.532
 139  88.984070  62.465305    23.043    22.429  9 56035.73249906 25.000
 150  88.979242  62.467430    19.354    19.376  4 56144.80454234 52.143
 151  88.982657  62.466322    24.956    27.478  6 56154.72019275 25.926
 152  88.985045  62.466629    23.567    23.567  2 56164.63584176 36.101
 155  88.985435  62.466420    23.350    23.350  2 56194.38276784 30.216
 156  88.982421  62.466880    18.342    18.342  2 56204.29840252 36.785
 166  88.982894  62.466009    20.875    20.888  6 56303.45485262 19.798
 167  88.984922  62.464229    21.183    20.779 12 56313.37049595 20.509
 168  88.984865  62.464599    20.398    20.357 10 56323.28613683 19.980
 169  88.977870  62.468005    20.348    20.346  4 56333.20177622 20.175
 173  88.980023  62.467339    21.492    21.029  4 56372.86434539 15.900
 183  88.977399  62.468134    23.580    22.123  4 56472.02078885 33.012
 184  88.987287  62.464230    20.767    20.768 10 56481.93643103 34.509
 185  88.985433  62.464746    20.761    20.758 10 56491.85206790 35.595
 186  88.982428  62.467157    20.033    20.033  2 56501.76770186 32.277
 191  88.979870  62.467300    22.845    21.320  4 56551.34592701 36.323
 202  88.986665  62.464005    22.913    22.958 11 56660.41801026 26.819
 203  88.986912  62.463083    22.685    22.563 12 56670.33365750 23.853
 204  88.978250  62.467233    23.614    23.658  7 56680.24930132 30.222
 208  88.982081  62.467264    22.956    22.956  2 56719.91186232 17.696
 209  88.982531  62.466258    95.939    96.267  6 56729.82751469  1.772
 216  88.978926  62.468136    28.414    28.601  3 56799.23703663 28.054
 219  88.982386  62.467193    24.963    24.963  2 56828.98396053 43.876
 220  88.985721  62.464925    88.021    95.248 10 56838.89959472  6.184
 221  88.982505  62.466256    20.708    20.680  6 56848.81522600 45.539
 222  88.984138  62.466503    20.241    20.314  3 56858.73088061 37.598
 226  88.985891  62.464522    23.806    23.971 10 56898.39347893 27.101
 227  88.984411  62.464582    24.802    24.521 11 56908.30912165 26.773
 228  88.984207  62.466897    20.991    20.991  2 56918.22476234 34.780
 238  88.978853  62.466917    22.924    22.955  7 57017.38118801 21.923
 239  88.984590  62.464141    26.034    25.268 11 57027.29683899 15.304
 240  88.984520  62.465526    23.104    23.080  8 57037.21248725 16.430
 256  88.983922  62.465400    25.363    24.991  9 57195.86279458 31.739
 257  88.984155  62.464602    20.823    20.865 11 57205.77842960 54.896
 258  88.982126  62.466356    20.625    20.615  7 57215.69407431 47.096
 269  88.983400  62.466722    19.309    19.240  3 57324.76616327 38.884
 270  88.984335  62.466755    18.738    18.738  2 57334.68180483 40.856
 272  88.983404  62.466679    20.457    20.404  3 57354.51309820 30.380
 273  88.982102  62.466355    22.017    22.055  7 57364.42874185 33.227
 274  88.982018  62.465924    21.917    21.894  9 57374.34438228 27.037
 275  88.980992  62.466983    21.551    21.585  5 57384.26002074 27.129
 290  88.984242  62.467028    26.561    26.561  2 57532.99468480 34.710
 291  88.984165  62.465537    26.984    26.789  8 57542.91033438 28.637
 292  88.982079  62.465847    27.419    27.817  8 57552.82598075 23.532
 293  88.979253  62.467647    23.398    21.824  4 57562.74162531 31.823
