-126200.069    72.250     0.00   19.56
-125914.194    70.655    -5.58   18.43
-125628.328    68.559    -7.33   16.79
-125342.472    69.098     1.89   15.64
-125056.625    69.395     1.04   14.24
-124770.788    71.047     5.78   13.12
-124484.960    73.032     6.94   11.84
-124199.143    75.032     7.00   10.64
-123913.334    77.758     9.54   10.20
-123627.536    80.571     9.84    9.94
-123341.746    84.135    12.47   10.02
-123055.967    87.689    12.44    9.78
-122770.197    91.321    12.71    8.28
-122484.436    94.570    11.37    6.28
-122198.685    96.667     7.34    5.36
-121912.944    97.657     3.47    5.23
-121627.212    98.289     2.21    5.30
-121341.490    98.895     2.12    5.77
-121055.778   100.459     5.48    6.32
-120770.075   101.714     4.39    6.40
-120484.381   103.578     6.52    6.44
-120198.697   105.403     6.39    6.42
-119913.023   106.589     4.15    6.08
-119627.358   106.802     0.75    6.35
-119341.703   106.307    -1.73    7.36
-119056.057   104.981    -4.64    9.17
-118770.421   104.688    -1.03   10.11
-118484.794   105.525     2.93   10.27
-118199.177   107.215     5.92   10.13
-117913.570   109.047     6.42    9.95
-117627.972   111.443     8.39    9.14
-117342.384   112.867     4.98    7.69
-117056.805   113.229     1.27    6.55
-116771.236   112.922    -1.08    6.02
-116485.676   112.502    -1.47    6.55
-116200.126   112.943     1.54    6.95
-115914.585   112.966     0.08    7.21
-115629.054   113.207     0.84    7.53
-115343.532   114.413     4.23    7.68
-115058.020   115.859     5.06    7.31
-114772.518   116.618     2.66    6.94
-114487.025   117.499     3.09    6.81
-114201.542   118.159     2.31    6.40
-113916.068   118.936     2.72    5.82
-113630.603   120.060     3.94    5.04
-113344.815   120.262     0.71    4.35
-113057.206   120.729     1.62    4.32
-112769.607   121.059     1.15    4.57
-112482.019   121.645     2.04    4.98
-112194.442   122.178     1.85    5.43
-111906.875   121.973    -0.71    5.60
-111619.318   121.710    -0.92    5.48
-111331.772   122.095     1.34    5.84
-111044.236   122.864     2.67    5.69
-110756.711   124.039     4.09    6.56
-110469.197   125.109     3.72    7.14
-110181.693   125.645     1.86    7.06
-109894.199   125.046    -2.08    7.77
-109606.716   123.742    -4.54    7.53
-109319.243   121.293    -8.52    8.33
-109031.781   117.959   -11.60    8.17
-108744.329   115.188    -9.64    7.25
-108456.888   112.024   -11.01    8.44
-108169.457   109.757    -7.89    9.16
-107882.037   106.584   -11.04    9.76
-107594.627   104.010    -8.96    9.63
-107307.228   103.142    -3.02    8.77
-107019.839   103.887     2.59    8.59
-106732.460   105.995     7.34    8.79
-106445.092   108.251     7.85    8.80
-106157.735   110.776     8.79    8.33
-105870.388   113.585     9.77    6.94
-105583.051   115.602     7.02    5.08
-105295.725   115.622     0.07    4.82
-105008.409   115.630     0.03    4.84
-104721.104   115.557    -0.25    4.80
-104433.809   115.592     0.12    4.65
-104146.525   115.562    -0.10    5.20
-103859.251   115.959     1.38    5.63
-103571.988   116.718     2.64    6.12
-103284.735   118.117     4.87    6.28
-102997.492   118.898     2.72    6.40
-102710.260   119.214     1.10    6.74
-102423.039   118.898    -1.10    6.33
-102135.827   118.317    -2.03    6.26
-101848.627   116.974    -4.68    6.58
-101561.436   115.937    -3.61    6.55
-101274.257   115.074    -3.01    6.98
-100987.087   114.597    -1.66    7.41
-100699.928   113.466    -3.94    8.31
-100412.780   111.981    -5.17    8.99
-100125.642   110.615    -4.76    8.56
 -99838.514   109.781    -2.90    7.94
 -99551.397   109.242    -1.88    6.53
 -99264.290   110.718     5.14    7.47
 -98977.193   112.382     5.80    8.79
 -98690.107   114.682     8.01    9.61
 -98403.032   116.695     7.01    9.33
 -98115.967   116.848     0.53    8.00
 -97828.912   117.032     0.64    7.69
 -97541.868   115.967    -3.71    6.48
 -97254.834   114.570    -4.87    5.33
 -96967.811   113.662    -3.16    4.48
 -96680.798   112.951    -2.48    3.91
 -96393.795   113.809     2.99    4.70
 -96106.803   115.341     5.34    5.65
 -95819.821   116.813     5.13    6.10
 -95532.850   118.559     6.09    6.36
 -95245.889   120.529     6.86    5.87
 -94958.938   122.806     7.93    5.35
 -94671.998   124.149     4.68    5.06
 -94385.068   124.175     0.09    4.75
 -94098.149   125.474     4.53    5.36
 -93811.240   126.899     4.97    5.76
 -93524.342   129.346     8.53    7.58
 -93237.453   132.149     9.77    9.52
 -92950.576   135.301    10.99   11.51
 -92663.708   139.474    14.54   12.38
 -92376.851   142.877    11.86   13.01
 -92090.005   146.711    13.37   12.62
 -91803.169   149.852    10.95   12.71
 -91516.343   151.966     7.37   13.07
 -91229.528   152.406     1.54   13.29
 -90942.723   151.847    -1.95   13.62
 -90655.928   150.778    -3.73   13.53
 -90369.144   148.652    -7.41   12.65
 -90082.370   146.084    -8.96   11.23
 -89795.606   143.693    -8.34    8.77
 -89508.853   141.921    -6.18    6.61
 -89222.111   141.900    -0.07    5.71
 -88935.378   142.851     3.32    6.07
 -88648.656   144.351     5.23    6.15
 -88361.945   145.807     5.08    6.23
 -88075.244   146.622     2.84    5.97
 -87788.553   146.669     0.16    5.50
 -87501.872   146.182    -1.70    5.02
 -87215.202   145.011    -4.09    5.34
 -86928.543   142.564    -8.54    6.36
 -86641.893   139.576   -10.42    7.30
 -86355.254   136.376   -11.16    7.67
 -86068.626   133.394   -10.40    7.14
 -85782.007   130.832    -8.94    6.35
 -85495.399   129.445    -4.84    5.54
 -85208.802   129.269    -0.61    4.75
 -84922.215   129.387     0.41    4.17
 -84635.638   129.513     0.44    3.71
 -84349.071   129.269    -0.85    4.08
 -84062.515   127.824    -5.05    5.53
 -83775.969   125.168    -9.27    7.30
 -83489.434   122.240   -10.22    9.32
 -83202.909   118.722   -12.28   10.40
 -82916.394   115.660   -10.69   10.66
 -82629.890   114.124    -5.36    9.94
 -82343.396   113.488    -2.22   10.27
 -82056.912   113.803     1.10   10.74
 -81770.439   114.470     2.33   10.38
 -81483.976   114.301    -0.59    9.88
 -81197.523   111.865    -8.51   10.81
 -80911.081   109.025    -9.92   12.08
 -80624.649   104.830   -14.64   12.82
 -80338.227   100.362   -15.60   11.69
 -80051.816    96.535   -13.36   10.78
 -79765.415    93.565   -10.37   10.08
 -79479.024    91.238    -8.12    9.53
 -79192.644    89.100    -7.47    9.21
 -78906.274    87.981    -3.91    9.34
 -78619.914    86.548    -5.00    8.41
 -78333.565    85.574    -3.40    7.46
 -78047.226    85.062    -1.79    6.22
 -77760.897    85.966     3.16    6.73
 -77474.579    87.535     5.48    8.14
 -77188.270    89.597     7.20    7.93
 -76901.973    91.426     6.39    7.00
 -76615.685    93.097     5.84    5.56
 -76329.408    94.454     4.74    4.06
 -76043.141    94.571     0.41    4.00
 -75756.885    93.929    -2.24    3.64
 -75470.639    93.370    -1.95    2.80
 -75184.403    94.096     2.53    3.23
 -74898.177    95.234     3.98    3.27
 -74611.962    96.053     2.86    3.20
 -74325.757    96.558     1.77    3.04
 -74039.562    96.556    -0.01    2.94
 -73753.378    96.981     1.48    2.80
 -73467.204    97.069     0.31    2.92
 -73181.040    96.881    -0.66    2.96
 -72894.887    96.291    -2.06    3.16
 -72608.743    94.848    -5.04    3.87
 -72322.610    93.156    -5.91    4.71
 -72036.488    90.787    -8.28    6.49
 -71750.376    86.771   -14.04    8.76
 -71464.274    82.018   -16.61   10.64
 -71178.182    76.795   -18.25   10.98
 -70892.100    71.376   -18.94   11.30
 -70606.029    65.361   -21.03   11.56
 -70319.968    59.200   -21.54   10.61
 -70033.918    53.869   -18.63   10.55
 -69747.878    48.719   -18.01    9.90
 -69461.848    44.981   -13.07    7.81
 -69175.828    42.195    -9.74    5.85
 -68889.818    40.097    -7.34    4.73
 -68603.819    38.553    -5.40    3.94
 -68317.830    37.618    -3.27    3.54
 -68031.852    37.138    -1.68    3.53
 -67745.883    36.637    -1.75    3.35
 -67459.925    36.584    -0.19    3.69
 -67173.977    37.576     3.47    4.58
 -66888.040    38.966     4.86    4.62
 -66602.113    40.384     4.96    4.26
 -66316.196    41.436     3.68    3.91
 -66030.289    41.820     1.34    3.43
 -65744.392    41.091    -2.55    4.11
 -65458.506    39.155    -6.77    5.35
 -65172.630    37.046    -7.38    5.88
 -64886.764    35.039    -7.02    5.62
 -64600.909    33.336    -5.96    4.74
 -64315.064    32.559    -2.72    3.51
 -64029.229    32.301    -0.90    2.69
 -63743.404    32.528     0.79    2.28
 -63457.590    32.481    -0.17    2.17
 -63171.786    32.295    -0.65    2.25
 -62885.992    32.466     0.60    2.44
 -62600.208    32.234    -0.81    2.49
 -62314.434    32.348     0.40    3.90
 -62028.671    32.402     0.19    4.57
 -61742.918    32.451     0.17    4.81
 -61457.176    32.419    -0.11    5.19
 -61171.443    31.898    -1.82    5.14
 -60885.721    31.674    -0.78    4.87
 -60600.009    31.488    -0.65    4.56
 -60314.307    31.462    -0.09    4.40
 -60028.615    32.398     3.28    4.51
 -59742.934    33.107     2.48    4.34
 -59457.263    33.647     1.89    4.04
 -59171.602    33.687     0.14    3.87
 -58885.952    33.279    -1.43    3.72
 -58600.311    32.798    -1.68    3.34
 -58314.681    32.539    -0.91    3.05
 -58029.061    31.787    -2.64    3.01
 -57743.451    31.292    -1.73    3.26
 -57457.852    31.085    -0.72    3.20
 -57172.263    30.729    -1.25    3.43
 -56886.684    30.710    -0.07    3.59
 -56601.115    30.419    -1.02    3.52
 -56315.556    30.459     0.14    3.59
 -56030.008    31.102     2.25    3.52
 -55744.469    32.053     3.33    3.42
 -55458.941    32.581     1.85    3.04
 -55173.424    32.762     0.63    2.95
 -54887.916    33.731     3.39    3.47
 -54602.419    34.891     4.06    3.43
 -54316.932    35.827     3.28    2.99
 -54031.455    35.884     0.20    2.83
 -53745.988    35.717    -0.58    3.03
 -53460.531    35.039    -2.37    3.68
 -53175.085    34.077    -3.37    3.75
 -52889.649    32.895    -4.14    3.61
 -52604.223    32.219    -2.37    3.43
 -52318.807    31.135    -3.80    3.46
 -52033.402    29.827    -4.58    4.76
 -51748.006    27.898    -6.76    6.25
 -51462.076    25.245    -9.28    6.94
 -51174.389    23.344    -6.61    6.46
 -50886.713    22.189    -4.01    5.41
 -50599.049    21.844    -1.20    4.84
 -50311.395    22.166     1.12    4.54
 -50023.753    22.713     1.90    4.32
 -49736.122    23.642     3.23    4.26
 -49448.502    25.202     5.42    4.56
 -49160.894    26.354     4.00    4.37
 -48873.296    27.348     3.46    3.78
 -48585.710    28.188     2.92    3.58
 -48298.135    29.210     3.55    3.66
 -48010.571    29.492     0.98    3.88
 -47723.018    29.025    -1.62    4.43
 -47435.476    28.082    -3.28    5.00
 -47147.946    28.123     0.15    4.93
 -46860.426    28.432     1.08    4.86
 -46572.918    28.667     0.81    4.56
 -46285.421    28.787     0.42    4.19
 -45997.936    28.893     0.37    3.63
 -45710.461    29.794     3.13    3.48
 -45422.997    30.531     2.56    3.31
 -45135.545    31.210     2.36    3.28
 -44848.104    31.562     1.22    3.50
 -44560.674    32.225     2.31    3.88
 -44273.255    33.533     4.55    3.56
 -43985.847    34.565     3.59    3.07
 -43698.451    34.861     1.03    3.65
 -43411.065    35.758     3.12    4.35
 -43123.691    36.885     3.92    4.66
 -42836.328    37.469     2.03    4.92
 -42548.976    37.242    -0.79    4.76
 -42261.635    36.227    -3.53    4.71
 -41974.305    36.032    -0.68    4.48
 -41686.986    36.764     2.55    4.38
 -41399.679    37.559     2.77    5.05
 -41112.382    38.231     2.34    4.67
 -40825.097    38.788     1.94    4.03
 -40537.823    39.611     2.87    3.57
 -40250.560    40.406     2.77    3.36
 -39963.308    39.967    -1.53    4.36
 -39676.068    38.785    -4.11    4.56
 -39388.838    36.909    -6.53    5.09
 -39101.620    35.091    -6.33    5.39
 -38814.412    34.092    -3.48    5.61
 -38527.216    33.305    -2.74    5.53
 -38240.031    32.559    -2.59    4.68
 -37952.857    32.820     0.91    4.73
 -37665.694    33.167     1.21    5.29
 -37378.542    34.334     4.06    5.20
 -37091.401    35.499     4.06    4.88
 -36804.272    36.249     2.61    4.64
 -36517.153    36.159    -0.31    4.48
 -36230.046    35.794    -1.27    4.93
 -35942.950    34.623    -4.08    5.39
 -35655.865    32.900    -6.00    5.36
 -35368.791    31.522    -4.80    5.22
 -35081.728    30.178    -4.68    4.70
 -34794.676    29.840    -1.18    4.85
 -34507.635    29.865     0.09    4.94
 -34220.605    29.160    -2.46    4.82
 -33933.587    29.214     0.19    4.82
 -33646.579    29.267     0.19    4.63
 -33359.583    28.935    -1.16    4.22
 -33072.597    29.455     1.81    3.84
 -32785.623    29.719     0.92    3.89
 -32498.660    30.894     4.09    5.59
 -32211.708    32.672     6.20    7.23
 -31924.767    34.269     5.57    7.80
 -31637.837    35.207     3.27    8.06
 -31350.918    35.943     2.56    8.44
 -31064.010    35.908    -0.12    8.62
 -30777.114    35.630    -0.97    8.87
 -30490.228    34.427    -4.19    8.40
 -30203.354    32.936    -5.20    6.79
 -29916.490    32.018    -3.20    5.26
 -29629.638    32.188     0.59    4.61
 -29342.796    32.697     1.77    4.34
 -29055.966    32.718     0.07    3.85
 -28769.147    31.787    -3.25    4.17
 -28482.339    31.409    -1.31    4.58
 -28195.542    30.758    -2.27    4.62
 -27908.755    30.610    -0.52    4.81
 -27621.980    30.872     0.91    4.97
 -27335.217    30.973     0.35    4.74
 -27048.464    31.556     2.03    4.36
 -26761.722    30.951    -2.11    3.71
 -26474.991    30.252    -2.44    4.02
 -26188.271    29.319    -3.26    4.18
 -25901.563    28.262    -3.69    3.90
 -25614.865    27.405    -2.99    4.06
 -25328.178    27.153    -0.88    4.29
 -25041.503    27.455     1.05    4.63
 -24754.838    28.137     2.38    4.83
 -24468.185    28.795     2.30    4.59
 -24181.542    28.884     0.31    4.63
 -23894.911    28.869    -0.05    4.47
 -23608.290    28.424    -1.55    4.33
 -23321.681    27.891    -1.86    4.30
 -23035.083    27.260    -2.20    4.01
 -22748.495    27.097    -0.57    3.89
 -22461.919    27.424     1.14    3.87
 -22175.354    27.966     1.89    3.78
 -21888.800    28.219     0.88    3.47
 -21602.256    28.082    -0.48    3.57
 -21315.724    27.847    -0.82    3.69
 -21029.203    27.855     0.03    3.90
 -20742.693    27.395    -1.60    3.75
 -20456.194    27.055    -1.19    3.59
 -20169.705    26.503    -1.93    3.56
 -19883.228    25.734    -2.68    3.58
 -19596.762    24.952    -2.73    3.72
 -19310.307    23.772    -4.12    3.52
 -19023.863    23.684    -0.30    3.54
 -18737.430    23.506    -0.62    3.58
 -18451.008    23.264    -0.84    3.44
 -18164.597    23.587     1.13    3.98
 -17878.197    23.253    -1.16    4.25
 -17591.808    23.411     0.55    4.43
 -17305.429    23.469     0.20    4.49
 -17019.062    22.725    -2.60    4.28
 -16732.706    21.872    -2.98    4.71
 -16446.361    20.182    -5.90    5.88
 -16160.027    17.851    -8.14    6.77
 -15873.704    15.640    -7.72    6.47
 -15587.392    13.973    -5.82    5.40
 -15301.091    13.995     0.08    5.21
 -15014.800    15.814     6.35    6.48
 -14728.521    17.600     6.24    7.15
 -14442.253    19.319     6.01    6.77
 -14155.996    19.887     1.99    6.11
 -13869.750    19.351    -1.87    6.70
 -13583.514    17.680    -5.84    7.12
 -13297.290    15.126    -8.92    7.07
 -13011.077    13.511    -5.64    6.25
 -12724.874    12.995    -1.80    6.01
 -12438.683    12.840    -0.54    5.96
 -12152.502    12.652    -0.66    5.85
 -11866.333    12.679     0.09    5.76
 -11580.174    12.965     1.00    5.37
 -11294.027    13.103     0.48    4.91
 -11007.890    11.913    -4.16    4.58
 -10721.765    11.916     0.01    4.66
 -10435.650    12.477     1.96    4.74
 -10149.546    13.409     3.26    5.37
  -9863.454    13.951     1.89    5.67
  -9577.372    14.398     1.56    5.94
  -9291.301    14.302    -0.34    6.32
  -9005.241    13.488    -2.85    6.56
  -8719.192    12.025    -5.11    6.62
  -8433.154    10.077    -6.81    5.97
  -8147.127     8.417    -5.80    4.41
  -7861.111     7.692    -2.53    4.13
  -7575.106     8.026     1.17    4.30
  -7289.112     7.843    -0.64    4.33
  -7003.129     7.158    -2.39    4.25
  -6717.156     6.758    -1.40    4.03
  -6431.195     6.931     0.60    3.90
  -6145.244     8.114     4.14    5.30
  -5859.305    10.054     6.78    7.42
  -5573.376    12.770     9.50    8.15
  -5287.459    14.734     6.87    7.57
  -5001.552    15.785     3.67    6.77
  -4715.656    16.099     1.10    6.50
  -4429.771    15.117    -3.44    6.64
  -4143.897    12.845    -7.95    6.39
  -3858.034    10.309    -8.87    5.89
  -3572.182     8.026    -7.99    4.92
  -3286.341     6.388    -5.73    3.57
  -3000.511     6.018    -1.30    3.17
  -2714.691     5.761    -0.90    2.92
  -2428.883     5.689    -0.25    2.97
  -2143.085     6.219     1.86    3.25
  -1857.299     5.778    -1.54    3.65
  -1571.523     5.041    -2.58    4.16
  -1285.758     4.085    -3.34    4.38
  -1000.004     2.718    -4.78    4.03
   -714.261     1.836    -3.08    3.79
   -428.529     0.620    -4.26    2.54
   -142.808    -0.012    -2.21    0.00
    142.903     0.139     0.53    0.89
    428.602     1.573     5.02    4.36
    714.290     4.018     8.56    6.76
    999.968     7.176    11.06    8.69
   1285.635    11.152    13.92    9.75
   1571.291    14.937    13.25    9.12
   1856.935    18.530    12.58    7.18
   2142.570    20.819     8.01    4.59
   2428.193    21.091     0.95    4.60
   2713.805    18.988    -7.36    7.19
   2999.406    15.204   -13.25    9.20
   3284.997    11.503   -12.96    9.93
   3570.576     7.578   -13.74    9.29
   3856.145     4.484   -10.83    7.63
   4141.703     2.921    -5.47    5.75
   4427.250     5.112     7.67    9.03
   4712.786    10.405    18.54   13.05
   4998.311    16.620    21.77   14.75
   5283.826    23.212    23.09   15.75
   5569.329    30.745    26.39   14.36
   5854.822    38.529    27.26   11.40
   6140.304    45.266    23.60   11.83
   6425.775    52.394    24.97   14.73
   6711.235    59.764    25.82   16.00
   6996.684    65.075    18.61   14.07
   7282.122    68.056    10.44   11.74
   7567.550    69.473     4.96    9.99
   7852.966    68.944    -1.85   10.24
   8138.372    65.823   -10.94   10.86
   8423.767    62.145   -12.89    8.91
   8709.151    59.740    -8.43    6.55
   8994.524    58.441    -4.55    5.56
   9279.886    58.003    -1.53    4.53
   9565.238    57.443    -1.96    3.72
   9850.579    57.200    -0.85    2.99
  10135.908    57.662     1.62    3.15
  10422.018    58.105     1.55    3.22
  10709.773    58.514     1.42    3.30
  10997.517    58.369    -0.50    3.86
  11285.249    57.331    -3.61    5.00
  11572.969    56.136    -4.15    5.85
  11860.677    53.336    -9.73    6.98
  12148.374    49.808   -12.26    7.51
  12436.058    46.689   -10.84    7.15
  12723.731    43.443   -11.28    6.16
  13011.391    41.448    -6.93    5.19
  13299.040    40.469    -3.40    4.38
  13586.677    40.379    -0.31    3.65
  13874.303    40.417     0.13    3.31
  14161.916    40.249    -0.58    3.32
  14449.517    40.758     1.77    3.62
  14737.107    41.324     1.97    3.97
  15024.685    42.397     3.73    4.32
  15312.251    42.607     0.73    4.48
  15599.805    43.317     2.47    4.84
  15887.348    43.540     0.78    4.67
  16174.878    43.776     0.82    4.43
  16462.397    44.721     3.28    4.24
  16749.904    46.240     5.28    4.64
  17037.399    48.206     6.84    5.60
  17324.882    50.622     8.40    6.21
  17612.353    53.271     9.21    5.90
  17899.813    54.928     5.77    5.36
  18187.260    56.837     6.64    4.89
  18474.696    58.319     5.16    3.90
  18762.121    59.321     3.49    3.87
  19049.533    60.026     2.45    4.50
  19336.933    61.090     3.70    5.27
  19624.322    62.529     5.01    5.45
  19911.699    63.758     4.28    5.58
  20199.064    65.243     5.17    5.45
  20486.417    66.049     2.80    4.83
  20773.759    65.441    -2.11    4.58
  21061.088    64.574    -3.02    4.78
  21348.406    63.245    -4.63    5.29
  21635.712    62.943    -1.05    5.66
  21923.007    63.031     0.31    6.63
  22210.289    62.995    -0.12    6.63
  22497.560    63.652     2.29    6.58
  22784.819    64.657     3.50    6.44
  23072.066    65.689     3.59    6.23
  23359.301    65.886     0.68    6.37
  23646.525    66.041     0.54    6.46
  23933.736    65.740    -1.05    6.17
  24220.936    65.294    -1.55    5.88
  24508.125    65.292    -0.01    5.93
  24795.301    65.839     1.90    5.62
  25082.466    66.788     3.31    5.76
  25369.619    67.867     3.76    6.56
  25656.760    69.188     4.60    6.93
  25943.889    71.346     7.51    6.91
  26231.007    72.230     3.08    6.63
  26518.112    73.112     3.07    6.68
  26805.206    73.339     0.79    7.46
  27092.289    72.771    -1.98    8.52
  27379.359    71.229    -5.37    9.17
  27666.418    69.680    -5.40    9.13
  27953.465    69.274    -1.41    9.14
  28240.500    69.667     1.37    9.31
  28527.524    70.703     3.61    9.09
  28814.536    73.246     8.86    9.07
  29101.536    76.238    10.43    7.91
  29388.524    78.913     9.32    6.82
  29675.500    81.024     7.36    6.11
  29962.465    82.582     5.43    5.94
  30249.418    83.988     4.90    5.94
  30536.359    85.864     6.54    5.87
  30823.289    87.259     4.86    5.34
  31110.207    88.277     3.55    5.10
  31397.113    88.518     0.84    5.34
  31684.007    88.155    -1.27    6.66
  31970.890    87.443    -2.48    7.52
  32257.761    85.715    -6.02    7.88
  32544.620    84.700    -3.54    7.59
  32831.467    83.055    -5.74    7.60
  33118.303    82.484    -1.99    6.81
  33405.127    82.740     0.89    6.89
  33691.939    83.294     1.93    6.88
  33978.740    85.246     6.80    7.26
  34265.529    88.290    10.62    8.19
  34552.306    92.352    14.16    7.01
  34839.071    95.807    12.05    6.35
  35125.825    99.215    11.89    5.93
  35412.567   102.092    10.03    5.27
  35699.297   104.437     8.18    4.52
  35986.016   105.672     4.31    3.75
  36272.723   106.469     2.78    3.16
  36559.418   107.283     2.84    2.92
  36846.102   108.139     2.98    4.23
  37132.773   109.299     4.04    5.93
  37419.433   111.273     6.89    7.88
  37706.082   114.274    10.47    9.02
  37992.719   118.018    13.06    8.66
  38279.344   121.782    13.13    8.40
  38565.957   125.590    13.28    8.71
  38852.559   129.309    12.98    7.73
  39139.148   131.670     8.24    7.38
  39425.727   134.278     9.10    6.79
  39712.293   136.973     9.40    6.26
  39998.848   140.198    11.26    6.05
  40285.391   143.905    12.94    6.83
  40571.923   147.069    11.04    7.92
  40858.443   151.062    13.93    8.10
  41144.951   155.301    14.80    8.18
  41431.448   159.764    15.58    7.97
  41717.933   164.033    14.90    9.16
  42004.406   168.742    16.43   10.22
  42290.867   172.965    14.74   10.03
  42577.317   177.814    16.93   11.10
  42863.755   183.965    21.48   12.96
  43150.182   190.840    24.00   14.77
  43436.597   199.194    29.17   16.18
  43723.000   206.048    23.93   15.52
  44009.392   212.692    23.20   13.34
  44295.772   219.223    22.81   10.70
  44582.140   223.915    16.38    8.32
  44868.496   227.286    11.77    6.88
  45154.841   229.176     6.60    5.58
  45441.175   230.026     2.97    4.84
  45727.496   230.329     1.06    5.68
  46013.807   231.356     3.59    7.28
  46300.105   233.860     8.75    9.87
  46586.392   237.951    14.29   13.06
  46872.667   244.347    22.34   16.40
  47158.930   252.908    29.91   18.61
  47445.182   261.281    29.25   18.59
  47731.422   269.669    29.30   16.28
  48017.651   276.188    22.77   14.03
  48303.868   280.225    14.10   10.83
  48590.073   280.894     2.34    9.13
  48876.267   279.599    -4.53   10.08
  49162.449   276.181   -11.94   10.82
  49448.620   272.339   -13.42   11.56
  49734.779   267.484   -16.97   11.27
  50020.926   263.078   -15.40   10.10
  50307.061   260.162   -10.19    8.90
  50593.185   259.612    -1.92    9.35
  50879.298   258.892    -2.52    8.92
  51165.399   259.448     1.94    8.81
  51451.488   261.454     7.01    9.01
  51737.565   264.836    11.82    8.95
  52023.631   265.721     3.09    8.20
  52309.686   265.135    -2.05    7.80
  52595.729   264.138    -3.48    7.76
  52881.760   263.618    -1.82    7.33
  53167.779   262.556    -3.71    7.47
  53453.787   260.782    -6.20    7.77
  53739.784   258.297    -8.69    7.49
  54025.769   256.647    -5.77    8.01
  54311.742   254.966    -5.88    8.30
  54597.703   253.299    -5.83    8.32
  54883.653   251.410    -6.60    6.71
  55169.592   251.117    -1.03    5.46
  55455.519   251.557     1.54    6.31
  55741.434   252.314     2.65    6.19
  56027.338   252.771     1.60    5.72
  56313.230   253.459     2.41    5.34
  56599.110   254.687     4.30    5.49
  56884.979   256.763     7.26    7.06
  57170.837   258.868     7.36    7.28
  57456.683   261.182     8.10    7.61
  57742.517   262.852     5.84    6.73
  58028.340   263.514     2.32    6.10
  58314.151   263.776     0.92    5.40
  58599.950   263.445    -1.16    4.91
  58885.738   263.592     0.52    4.92
  59171.515   264.682     3.81    5.07
  59457.280   265.060     1.32    4.94
  59743.033   266.515     5.09    5.28
  60028.775   267.886     4.80    4.50
  60314.505   268.049     0.57    5.38
  60600.224   266.086    -6.87    8.49
  60885.931   262.281   -13.32   11.05
  61171.626   260.040    -7.85   11.56
  61457.310   256.410   -12.70   11.52
  61742.983   253.881    -8.85    9.98
  62028.644   251.273    -9.13    9.40
  62314.293   250.782    -1.72    9.25
  62599.931   249.981    -2.80    9.42
  62885.557   247.249    -9.56   11.18
  63171.172   241.484   -20.18   14.95
  63456.776   233.574   -27.69   18.17
  63742.367   226.137   -26.04   18.27
  64027.947   219.218   -24.23   16.29
  64313.516   213.603   -19.66   12.53
  64599.073   208.813   -16.78    8.30
  64884.619   207.033    -6.23    6.54
  65170.153   206.379    -2.29    7.21
  65455.676   205.655    -2.54    7.55
  65741.187   203.229    -8.50    8.85
  66026.686   201.373    -6.50    8.59
  66312.174   198.367   -10.53    9.91
  66597.651   192.214   -21.55   13.81
  66883.116   185.761   -22.61   15.95
  67168.569   182.816   -10.31   15.58
  67454.011   183.746     3.26   16.46
  67739.442   186.657    10.20   18.80
  68024.861   192.609    20.85   21.81
  68310.268   203.278    37.38   25.66
  68595.664   218.212    52.33   28.83
  68881.048   236.354    63.57   35.76
  69166.421   255.401    66.74   41.79
  69451.783   276.642    74.43   44.71
  69737.133   297.781    74.08   42.25
  70022.471   318.768    73.55   37.54
  70307.798   334.469    55.03   27.89
  70593.114   343.852    32.88   19.69
  70878.418   346.356     8.78   15.62
  71163.710   343.627    -9.56   18.18
  71448.991   337.751   -20.60   20.34
  71734.261   329.017   -30.62   20.76
  72019.519   321.438   -26.57   18.83
  72305.819   313.781   -26.75   16.32
  72593.653   305.838   -27.60   14.07
  72881.475   301.856   -13.83   14.67
  73169.284   298.759   -10.76   16.28
  73457.081   295.061   -12.85   17.82
  73744.865   292.510    -8.86   18.73
  74032.636   289.312   -11.11   18.78
  74320.395   286.408   -10.09   17.71
  74608.142   282.760   -12.68   15.13
  74895.876   278.899   -13.42   12.10
  75183.597   274.897   -13.91    9.73
  75471.306   272.010   -10.03    9.49
  75759.002   269.170    -9.87    9.14
  76046.686   266.131   -10.56    8.89
  76334.357   263.807    -8.08    9.73
  76622.016   261.477    -8.10    9.56
