 -95424.580    17.266     0.00    2.91
 -95137.491    17.544     0.97    2.83
 -94850.408    17.881     1.17    3.06
 -94563.331    18.194     1.09    3.26
 -94276.261    18.353     0.55    3.41
 -93989.197    18.504     0.52    3.50
 -93702.139    18.637     0.47    3.55
 -93415.087    18.337    -1.05    3.64
 -93128.041    17.785    -1.92    3.72
 -92841.002    16.842    -3.29    4.32
 -92553.968    15.954    -3.09    4.41
 -92266.941    15.019    -3.26    4.24
 -91979.920    15.626     2.12    4.70
 -91692.906    15.961     1.17    4.57
 -91405.897    16.577     2.15    4.55
 -91118.894    17.142     1.97    4.36
 -90831.898    18.496     4.72    3.70
 -90544.908    19.586     3.80    3.05
 -90257.924    20.414     2.89    2.65
 -89970.946    20.839     1.48    2.63
 -89683.975    21.318     1.67    2.47
 -89397.009    21.926     2.12    2.34
 -89110.050    22.240     1.09    2.54
 -88823.097    22.599     1.25    2.60
 -88536.150    23.358     2.65    2.78
 -88249.209    24.356     3.48    3.36
 -87962.275    25.875     5.29    4.46
 -87675.347    27.797     6.70    5.46
 -87388.424    30.486     9.37    6.41
 -87101.508    33.274     9.72    6.90
 -86814.598    36.180    10.13    6.60
 -86527.695    38.213     7.09    6.21
 -86240.797    40.194     6.90    4.73
 -85953.906    40.830     2.22    3.83
 -85667.021    40.088    -2.59    4.26
 -85380.141    37.925    -7.54    5.22
 -85093.269    35.583    -8.17    5.57
 -84806.402    33.150    -8.48    5.46
 -84519.541    31.444    -5.95    4.52
 -84232.687    30.483    -3.35    3.26
 -83945.839    29.426    -3.69    2.80
 -83658.997    28.668    -2.64    3.03
 -83372.161    27.426    -4.33    3.51
 -83085.331    26.190    -4.31    4.15
 -82798.507    24.652    -5.36    4.38
 -82511.690    23.570    -3.77    3.93
 -82224.879    23.234    -1.17    3.22
 -81938.073    23.386     0.53    3.15
 -81651.274    23.882     1.73    3.04
 -81364.482    24.545     2.31    2.71
 -81077.695    24.934     1.36    2.56
 -80790.915    25.307     1.30    2.62
 -80504.140    25.208    -0.35    2.58
 -80217.372    25.309     0.35    2.68
 -79930.610    25.409     0.35    2.68
 -79643.854    25.727     1.11    2.90
 -79357.104    26.583     2.98    3.32
 -79070.361    27.511     3.24    3.53
 -78783.623    28.046     1.87    3.62
 -78496.892    28.623     2.01    3.57
 -78210.167    28.534    -0.31    3.32
 -77923.448    28.397    -0.48    3.66
 -77636.735    27.759    -2.23    4.14
 -77350.029    26.773    -3.44    4.17
 -77063.328    26.576    -0.69    3.98
 -76776.634    27.227     2.27    4.45
 -76489.946    28.567     4.67    5.94
 -76203.263    30.996     8.47    6.86
 -75916.588    33.939    10.27    6.54
 -75629.918    36.594     9.26    5.45
 -75343.254    38.684     7.29    4.13
 -75056.597    39.982     4.53    2.73
 -74769.945    40.626     2.24    1.97
 -74483.300    40.918     1.02    2.18
 -74196.661    41.171     0.88    2.22
 -73910.028    41.476     1.06    2.05
 -73623.401    41.285    -0.66    2.11
 -73336.781    40.702    -2.03    2.68
 -73050.166    39.863    -2.93    2.98
 -72763.558    39.122    -2.59    3.39
 -72476.956    38.105    -3.55    3.84
 -72190.360    37.098    -3.51    4.01
 -71903.770    36.448    -2.27    4.09
 -71617.186    36.295    -0.53    4.06
 -71330.609    36.081    -0.75    3.74
 -71044.037    35.715    -1.28    3.21
 -70757.472    35.201    -1.79    2.87
 -70470.913    35.107    -0.33    2.51
 -70184.359    35.060    -0.17    2.35
 -69897.812    35.170     0.38    2.43
 -69611.272    35.554     1.34    2.72
 -69324.737    36.137     2.04    3.03
 -69038.209    36.637     1.75    2.69
 -68751.686    37.148     1.78    2.40
 -68465.170    37.717     1.98    2.54
 -68178.660    38.468     2.62    3.00
 -67892.156    38.877     1.43    3.15
 -67605.658    39.128     0.87    3.17
 -67319.166    39.563     1.52    2.79
 -67032.681    39.796     0.81    2.70
 -66746.201    39.537    -0.90    2.43
 -66459.728    39.184    -1.23    2.05
 -66173.261    39.098    -0.30    1.93
 -65886.799    39.115     0.06    1.83
 -65600.345    38.940    -0.61    2.06
 -65313.896    38.443    -1.74    2.15
 -65027.453    38.352    -0.32    2.12
 -64741.016    38.309    -0.15    2.17
 -64454.586    38.468     0.56    2.59
 -64168.162    38.783     1.10    2.73
 -63881.744    39.511     2.54    2.81
 -63595.331    40.623     3.88    3.20
 -63308.926    41.382     2.65    3.02
 -63022.526    42.082     2.44    2.88
 -62736.132    42.368     1.00    3.04
 -62449.745    42.715     1.21    3.05
 -62163.363    42.729     0.05    2.93
 -61876.988    42.517    -0.74    2.88
 -61590.619    42.233    -0.99    2.80
 -61304.256    41.802    -1.50    3.15
 -61017.899    41.195    -2.12    3.27
 -60731.548    40.102    -3.82    2.99
 -60445.203    39.193    -3.18    3.10
 -60158.864    38.673    -1.81    3.01
 -59872.532    38.234    -1.53    3.44
 -59586.206    38.423     0.66    3.32
 -59299.885    38.954     1.85    3.17
 -59013.571    39.681     2.54    2.91
 -58727.263    40.206     1.84    2.85
 -58440.961    39.907    -1.04    3.42
 -58154.666    38.932    -3.40    4.26
 -57868.376    37.280    -5.77    4.77
 -57582.092    35.899    -4.82    5.07
 -57295.815    34.605    -4.52    4.89
 -57009.544    33.068    -5.37    4.50
 -56723.278    31.823    -4.35    3.95
 -56437.019    31.292    -1.86    4.07
 -56150.766    31.194    -0.34    4.37
 -55864.520    30.828    -1.28    4.32
 -55578.279    29.911    -3.20    4.17
 -55292.044    28.415    -5.23    4.66
 -55005.816    26.829    -5.54    4.96
 -54719.593    25.579    -4.37    5.06
 -54433.377    24.439    -3.98    5.01
 -54147.167    23.613    -2.89    4.90
 -53860.963    23.703     0.31    5.01
 -53574.765    24.353     2.27    5.59
 -53288.573    25.055     2.45    5.51
 -53002.387    25.119     0.23    5.03
 -52716.207    25.066    -0.19    4.90
 -52430.034    24.358    -2.47    5.63
 -52143.866    22.191    -7.57    7.65
 -51857.705    18.616   -12.49    8.95
 -51571.550    14.767   -13.45    8.73
 -51285.401    12.086    -9.37    7.44
 -50999.258     9.910    -7.60    5.71
 -50713.121     8.026    -6.58    3.94
 -50426.990     7.602    -1.48    3.31
 -50140.865     8.492     3.11    3.52
 -49854.746     9.961     5.13    4.34
 -49568.634    11.737     6.20    5.69
 -49282.527    13.416     5.87    7.16
 -48996.427    15.696     7.97    7.36
 -48710.333    17.701     7.01    6.60
 -48424.245    18.606     3.16    5.68
 -48138.163    17.833    -2.70    6.23
 -47852.087    16.335    -5.24    6.81
 -47566.017    14.820    -5.29    6.52
 -47279.953    13.760    -3.71    5.55
 -46993.896    13.200    -1.96    4.89
 -46707.844    13.626     1.49    5.18
 -46421.799    14.316     2.41    5.53
 -46135.759    14.737     1.47    5.41
 -45849.726    14.403    -1.17    5.40
 -45563.699    12.850    -5.43    5.51
 -45277.678    11.687    -4.07    4.99
 -44991.663    10.186    -5.25    3.83
 -44705.654     9.026    -4.05    3.15
 -44419.651     8.377    -2.27    3.16
 -44133.654     7.433    -3.30    3.35
 -43847.664     6.206    -4.29    3.38
 -43561.679     4.847    -4.75    2.98
 -43275.701     3.752    -3.83    2.17
 -42989.728     3.417    -1.17    2.28
 -42703.762     3.146    -0.95    2.32
 -42417.802     3.393     0.86    2.69
 -42131.848     3.770     1.32    2.87
 -41845.900     4.359     2.06    3.14
 -41559.958     4.521     0.57    3.02
 -41274.022     5.126     2.11    3.65
 -40988.092     7.404     7.97    5.95
 -40702.169    10.181     9.71    7.44
 -40416.251    12.990     9.82    7.86
 -40130.340    15.041     7.17    7.34
 -39844.434    16.229     4.16    6.50
 -39558.535    16.982     2.63    5.30
 -39272.642    16.926    -0.20    4.89
 -38986.754    16.077    -2.97    4.38
 -38700.873    14.352    -6.03    4.63
 -38414.998    12.513    -6.43    4.83
 -38129.129    10.816    -5.94    4.68
 -37843.267     9.393    -4.98    4.27
 -37557.410     8.361    -3.61    3.19
 -37271.559     7.220    -3.99    2.49
 -36985.714     6.500    -2.52    2.53
 -36699.876     6.280    -0.77    2.76
 -36414.043     6.545     0.93    3.09
 -36128.217     6.511    -0.12    3.26
 -35842.397     6.525     0.05    3.47
 -35556.583     7.429     3.17    4.04
 -35270.774     9.787     8.25    5.84
 -34984.972    13.273    12.20    8.23
 -34699.176    17.155    13.58   10.04
 -34413.107    21.486    15.14   10.81
 -34125.922    27.142    19.70   10.17
 -33838.743    31.285    14.43    8.43
 -33551.571    34.609    11.57    6.22
 -33264.407    36.244     5.69    5.61
 -32977.249    38.287     7.12    4.83
 -32690.098    39.395     3.86    4.27
 -32402.953    39.556     0.56    3.72
 -32115.816    39.273    -0.99    3.51
 -31828.686    38.666    -2.11    4.10
 -31541.563    37.955    -2.48    4.44
 -31254.446    37.053    -3.14    4.66
 -30967.336    36.302    -2.62    4.16
 -30680.234    36.118    -0.64    3.82
 -30393.138    35.898    -0.77    4.15
 -30106.049    35.373    -1.83    4.87
 -29818.967    34.302    -3.73    5.49
 -29531.892    32.678    -5.66    5.72
 -29244.824    30.961    -5.98    4.95
 -28957.762    30.142    -2.85    3.92
 -28670.708    29.611    -1.85    3.07
 -28383.660    29.961     1.22    2.83
 -28096.620    30.409     1.56    2.40
 -27809.586    30.976     1.97    2.22
 -27522.559    31.722     2.60    2.30
 -27235.539    32.492     2.68    2.64
 -26948.526    32.948     1.59    2.51
 -26661.520    33.140     0.67    2.38
 -26374.521    33.082    -0.20    2.30
 -26087.528    33.123     0.14    2.13
 -25800.543    32.790    -1.16    1.95
 -25513.564    32.290    -1.74    1.59
 -25226.592    31.982    -1.07    1.40
 -24939.627    31.989     0.02    1.44
 -24652.669    32.350     1.26    1.21
 -24365.718    32.534     0.64    1.35
 -24078.774    32.649     0.40    1.57
 -23791.837    32.884     0.82    1.61
 -23504.906    33.410     1.83    1.94
 -23217.983    33.860     1.57    2.20
 -22931.066    34.201     1.19    2.19
 -22644.156    34.607     1.41    2.22
 -22357.254    35.108     1.75    1.91
 -22070.358    35.550     1.54    1.64
 -21783.468    35.771     0.77    1.68
 -21496.586    35.925     0.54    1.83
 -21209.711    36.005     0.28    2.11
 -20922.842    35.884    -0.42    2.40
 -20635.981    35.662    -0.77    2.37
 -20349.126    35.447    -0.75    2.11
 -20062.278    35.357    -0.31    2.05
 -19775.437    35.353    -0.01    2.17
 -19488.603    35.199    -0.54    1.91
 -19201.776    35.019    -0.63    1.55
 -18914.955    34.776    -0.85    1.43
 -18628.142    34.363    -1.44    1.38
 -18341.335    34.032    -1.15    1.42
 -18054.535    33.753    -0.98    1.66
 -17767.742    33.773     0.07    1.83
 -17480.956    33.894     0.42    1.93
 -17194.177    34.019     0.44    2.06
 -16907.405    34.468     1.57    2.08
 -16620.640    35.257     2.75    2.18
 -16333.881    36.178     3.21    2.77
 -16047.129    37.111     3.25    2.93
 -15760.384    37.904     2.76    3.10
 -15473.647    38.697     2.77    3.28
 -15186.915    39.447     2.62    3.38
 -14900.191    39.833     1.34    3.47
 -14613.474    39.968     0.47    3.67
 -14326.763    39.996     0.10    3.55
 -14040.060    39.983    -0.05    3.38
 -13753.363    39.483    -1.74    3.18
 -13466.673    39.395    -0.31    2.99
 -13179.990    39.628     0.81    2.66
 -12893.314    40.171     1.89    2.69
 -12606.644    40.155    -0.06    3.09
 -12319.982    39.116    -3.63    4.52
 -12033.326    37.194    -6.71    6.49
 -11746.678    34.515    -9.34    7.42
 -11460.036    31.932    -9.01    7.22
 -11173.401    29.822    -7.36    6.25
 -10886.772    28.399    -4.96    4.91
 -10600.151    28.208    -0.67    4.73
 -10313.537    29.245     3.62    6.00
 -10026.929    30.142     3.13    5.98
  -9740.328    30.134    -0.03    6.51
  -9453.734    29.360    -2.70    7.14
  -9167.147    28.883    -1.66    7.38
  -8880.567    28.018    -3.02    7.45
  -8593.994    26.618    -4.89    6.35
  -8307.427    25.606    -3.53    4.76
  -8020.867    26.215     2.12    4.80
  -7734.315    27.067     2.97    4.41
  -7447.769    26.700    -1.28    4.45
  -7161.230    25.910    -2.76    5.19
  -6874.697    24.856    -3.68    5.70
  -6588.172    23.722    -3.96    5.95
  -6301.653    23.063    -2.30    6.46
  -6015.141    22.465    -2.09    6.93
  -5728.637    22.685     0.77    7.53
  -5442.139    22.789     0.36    7.38
  -5155.647    22.580    -0.73    6.71
  -4869.163    22.472    -0.38    5.69
  -4582.685    22.527     0.19    4.80
  -4296.215    22.077    -1.57    3.91
  -4009.751    22.063    -0.05    3.30
  -3723.294    22.621     1.95    3.35
  -3436.844    23.736     3.89    2.94
  -3150.400    24.465     2.54    2.73
  -2863.964    24.348    -0.41    2.92
  -2577.534    24.025    -1.13    3.40
  -2291.111    24.750     2.53    3.99
  -2004.695    24.226    -1.83    6.90
  -1718.286    21.080   -10.98   10.93
  -1431.884    17.044   -14.09   13.14
  -1145.488    12.396   -16.23   13.78
   -859.100     8.258   -14.45   13.05
   -572.718     3.982   -14.93   10.15
   -286.343     0.532   -12.05    3.16
      0.025    -0.032    -1.97    0.00
    286.387     0.637     2.34    3.54
    572.741     4.640    13.98   12.05
    859.089    13.402    30.60   22.32
   1145.430    24.645    39.26   28.52
   1431.764    37.177    43.77   30.99
   1718.091    51.078    48.55   29.21
   2004.411    64.568    47.12   21.12
   2290.725    73.461    31.06   12.10
   2577.031    77.255    13.25    7.89
   2863.331    78.687     5.00    5.88
   3149.624    78.370    -1.11    5.52
   3435.911    78.737     1.28    5.96
   3722.190    79.764     3.59    6.97
   4008.463    81.940     7.60    8.31
   4294.728    84.796     9.97    8.74
   4580.987    87.526     9.54    7.80
   4867.239    90.608    10.76    6.07
   5153.485    93.898    11.49    7.46
   5439.723    97.544    12.74   10.08
   5725.955   100.789    11.34   10.81
   6012.180   104.143    11.72   10.69
   6298.398   107.593    12.05    9.42
   6584.609   109.976     8.33    7.24
   6870.813   110.328     1.23    6.85
   7157.011   108.243    -7.28    7.25
   7443.202   106.331    -6.68    7.16
   7729.386   104.026    -8.05    8.07
   8015.563   100.122   -13.64    9.74
   8301.733    94.816   -18.54   10.37
   8587.897    90.601   -14.73    9.69
   8874.053    88.063    -8.87    8.63
   9160.203    86.718    -4.70    7.25
   9446.346    86.704    -0.05    6.12
   9732.483    88.691     6.94    7.57
  10018.612    94.068    18.79   13.09
  10304.735   102.220    28.49   20.09
  10590.851   110.518    29.00   21.56
  10876.960   115.157    16.21   19.88
  11163.062   117.849     9.41   18.04
  11449.157   118.577     2.54   16.18
  11735.246   116.563    -7.04   15.54
  12021.328   112.990   -12.49   13.00
  12307.403   110.792    -7.68    8.24
  12593.471   113.011     7.76    8.53
  12879.532   116.494    12.18    8.53
  13165.587   119.613    10.90    7.30
  13451.635   122.258     9.25    5.97
  13737.676   125.124    10.02    4.82
  14023.710   127.425     8.04    5.58
  14309.738   128.454     3.60    5.72
  14595.758   129.577     3.93    5.64
  14881.772   131.968     8.36    6.76
  15167.779   135.255    11.49    8.17
  15453.779   139.025    13.18    9.03
  15739.773   141.461     8.52    8.78
  16025.759   143.012     5.42    8.05
  16311.739   143.389     1.32    7.72
  16597.712   142.213    -4.11    8.73
  16883.678   139.600    -9.14   10.19
  17169.638   135.479   -14.41    9.48
  17455.590   132.399   -10.77    6.93
  17741.536   131.154    -4.35    5.88
  18027.475   132.476     4.62    7.37
  18313.408   135.662    11.14    9.30
  18599.333   140.447    16.74   10.99
  18885.252   145.850    18.90   11.40
  19171.164   152.218    22.28   11.99
  19457.069   157.519    18.54   10.85
  19742.967   161.032    12.29    9.12
  20028.859   163.031     6.99    7.63
  20314.744   163.512     1.68    7.02
  20600.621   162.063    -5.07    8.46
  20886.493   157.799   -14.92    9.91
  21172.357   152.756   -17.64   10.45
  21458.215   148.333   -15.47   10.41
  21744.066   143.868   -15.62    9.90
  22029.910   138.637   -18.30    9.04
  22315.747   134.316   -15.12    8.10
  22601.577   130.034   -14.98    7.09
  22887.401   126.768   -11.42    6.46
  23173.218   123.269   -12.24    5.63
  23459.028   120.543    -9.54    5.10
  23744.832   118.255    -8.00    4.54
  24030.628   116.229    -7.09    4.50
  24316.418   113.990    -7.84    5.66
  24602.201   111.555    -8.52    6.60
  24887.977   109.106    -8.57    6.77
  25173.747   107.180    -6.74    6.14
  25459.509   105.465    -6.00    5.49
  25745.265   103.983    -5.19    4.95
  26031.015   102.976    -3.52    4.83
  26316.757   102.461    -1.80    4.99
  26602.493   102.522     0.21    4.68
  26888.221   102.910     1.36    4.93
  27173.943   104.119     4.23    6.22
  27460.078   105.561     5.04    6.87
  27747.341   107.408     6.43    6.77
  28034.596   109.780     8.26    6.00
  28321.844   112.349     8.94    5.34
  28609.084   115.306    10.30    6.57
  28896.316   118.019     9.45    7.47
  29183.541   120.749     9.50    8.25
  29470.758   124.202    12.03    8.62
  29757.968   128.392    14.59    7.64
  30045.170   131.512    10.86    6.38
  30332.364   134.465    10.28    6.80
  30619.551   135.990     5.31    6.72
  30906.730   138.077     7.27    6.11
  31193.901   140.332     7.85    6.95
  31481.065   143.451    10.86    8.48
  31768.221   147.439    13.89    9.99
  32055.370   150.859    11.91   11.04
  32342.510   153.066     7.69   10.27
  32629.644   152.609    -1.59   11.04
  32916.770   150.425    -7.61   13.30
  33203.888   147.163   -11.36   14.62
  33490.998   143.306   -13.43   13.97
  33778.101   139.968   -11.63   10.99
  34065.196   139.699    -0.94   10.48
  34352.284   140.590     3.10   10.20
  34639.364   141.700     3.87    9.69
  34926.436   142.932     4.29    9.08
  35213.501   144.486     5.41    9.09
  35500.558   147.240     9.59    9.91
  35787.608   150.657    11.90   10.95
  36074.650   155.137    15.61    9.91
  36361.684   158.947    13.27    7.55
  36648.711   161.814     9.99    5.21
  36935.730   163.407     5.55    4.16
  37222.742   164.940     5.34    4.97
  37509.746   167.450     8.75    6.88
  37796.742   170.515    10.68    8.32
  38083.731   174.906    15.30    8.94
  38370.712   179.213    15.01    8.77
  38657.686   183.447    14.75    7.84
  38944.652   187.159    12.93    6.89
  39231.610   189.976     9.82    6.21
  39518.561   191.534     5.43    6.35
  39805.504   192.660     3.92    7.11
  40092.440   192.715     0.19    8.92
  40379.368   193.211     1.73    9.58
  40666.288   193.635     1.48   10.41
  40953.201   195.167     5.34   11.06
  41240.107   196.482     4.59   11.55
  41527.004   198.790     8.04   12.40
  41813.894   201.304     8.76   13.31
  42100.777   205.656    15.17   14.70
  42387.652   208.742    10.76   14.68
  42674.519   212.348    12.57   14.86
  42961.379   217.630    18.41   16.38
  43248.231   222.472    16.88   16.94
  43535.075   226.191    12.97   17.55
  43821.912   230.573    15.27   18.22
  44108.742   233.234     9.28   18.95
  44395.563   235.821     9.02   18.49
  44682.378   237.142     4.61   17.60
  44969.184   237.522     1.32   17.00
  45255.983   237.770     0.87   15.98
  45542.775   238.681     3.18   14.73
  45829.559   240.405     6.01   12.34
  46116.335   241.437     3.60   10.74
  46403.104   243.229     6.25    9.52
  46689.865   245.692     8.59    9.00
  46976.619   249.217    12.29    8.72
  47263.365   253.418    14.65    9.31
  47550.103   257.655    14.78   10.48
  47836.834   263.144    19.15   11.76
  48123.557   268.975    20.34   13.17
  48410.273   275.092    21.33   14.06
  48696.981   281.526    22.44   14.31
  48983.682   287.996    22.57   14.78
  49270.375   294.932    24.19   13.78
  49557.060   300.319    18.79   13.52
  49843.738   305.699    18.77   13.65
  50130.408   310.515    16.80   12.41
  50417.071   314.055    12.35   11.60
  50703.726   317.870    13.31   10.92
  50990.374   321.238    11.75   10.58
  51277.014   324.280    10.61   11.16
  51563.646   326.543     7.89   12.54
  51850.271   327.811     4.43   14.24
  52136.888   328.918     3.86   13.95
  52423.498   328.282    -2.22   14.07
  52710.101   325.876    -8.40   14.41
  52996.695   322.451   -11.95   14.23
  53283.282   319.092   -11.72   12.67
  53569.862   314.883   -14.69   11.49
  53856.434   311.475   -11.89    9.59
  54142.998   309.363    -7.37    6.60
  54429.555   308.516    -2.95    5.05
  54716.105   309.210     2.42    5.32
  55002.646   311.400     7.64    5.43
  55289.181   313.659     7.88    5.64
  55575.707   316.708    10.64    5.88
  55862.226   319.103     8.36    6.37
  56148.738   321.403     8.03    6.25
  56435.242   323.841     8.51    6.92
  56721.738   327.076    11.29    8.34
  57008.227   330.650    12.48    9.36
  57294.709   334.472    13.34   11.35
  57581.183   339.602    17.91   12.95
  57867.649   345.482    20.53   13.10
  58154.108   351.098    19.60   12.15
  58440.559   356.734    19.68   12.10
  58727.002   362.349    19.60   13.34
  59013.438   368.299    20.77   13.02
  59299.867   373.968    19.79   14.28
  59586.288   381.394    25.92   17.70
  59872.702   389.139    27.04   20.14
  60159.107   396.034    24.07   21.21
  60445.506   405.647    33.57   26.48
  60731.897   412.764    24.85   30.17
  61018.280   421.012    28.80   33.02
  61304.656   429.692    30.31   36.01
  61591.024   440.834    38.91   39.71
  61877.385   454.253    46.86   39.96
  62163.738   464.792    36.80   37.87
  62450.084   472.766    27.85   33.90
  62736.422   479.204    22.49   26.43
  63022.752   483.367    14.54   20.02
  63309.075   483.311    -0.20   17.21
  63595.391   481.018    -8.01   16.98
  63881.699   476.013   -17.48   15.57
  64167.999   469.384   -23.15   15.60
  64454.292   461.536   -27.41   15.21
  64740.578   453.697   -27.38   15.80
  65026.856   446.208   -26.16   15.57
  65313.126   438.387   -27.32   14.52
  65599.389   432.018   -22.25   13.43
  65885.644   424.997   -24.53   12.84
  66171.892   419.645   -18.70   12.71
  66458.132   415.297   -15.19   12.60
  66744.365   411.704   -12.55   12.17
  67030.590   409.875    -6.39   11.24
  67316.808   409.058    -2.85   10.51
  67603.018   409.371     1.09   10.63
  67889.220   411.896     8.82   11.32
  68175.416   415.511    12.63   11.35
  68461.603   420.875    18.74   10.87
  68747.783   427.186    22.05   12.00
  69033.956   432.888    19.93   13.88
  69320.121   438.187    18.52   14.26
  69606.278   443.695    19.25   13.94
  69892.428   448.468    16.68   11.40
  70178.571   452.749    14.96    8.38
  70464.706   455.532     9.73    7.29
  70750.833   455.837     1.07    7.89
  71036.953   454.342    -5.22    8.67
  71323.066   453.213    -3.95    9.40
  71609.171   453.439     0.79    9.38
  71895.268   453.258    -0.63    9.38
  72181.358   451.899    -4.75    8.88
  72467.441   450.954    -3.30    8.89
  72753.516   449.450    -5.26    9.60
  73039.583   447.954    -5.23   10.05
  73325.643   443.012   -17.28   12.45
  73611.695   435.520   -26.19   14.27
  73897.740   428.063   -26.07   15.77
  74183.778   419.592   -29.61   17.46
  74469.808   410.251   -32.66   18.28
  74755.830   400.635   -33.62   17.90
  75041.845   392.556   -28.25   17.08
  75327.852   385.354   -25.18   17.06
  75613.852   378.187   -25.06   16.37
  75899.845   373.450   -16.56   16.16
  76185.830   368.353   -17.82   17.56
  76471.807   363.119   -18.30   18.09
  76757.777   359.447   -12.84   18.45
  77043.739   354.891   -15.93   19.10
  77329.694   350.096   -16.77   18.93
  77615.642   344.209   -20.59   17.96
  77901.582   339.240   -17.38   17.61
  78187.514   334.278   -17.35   16.93
  78473.439   328.596   -19.87   15.05
  78759.357   325.128   -12.13   14.18
  79045.267   321.711   -11.95   12.66
  79331.169   318.116   -12.57   10.49
  79617.064   314.983   -10.96    8.91
  79902.952   313.183    -6.30    8.39
  80188.832   311.774    -4.93    7.54
  80474.704   312.187     1.45    8.05
  80760.569   314.867     9.37   11.35
  81046.427   322.099    25.30   17.15
  81332.277   331.515    32.94   21.88
  81618.120   343.253    41.06   28.31
  81903.955   358.771    54.29   36.77
  82189.782   379.479    72.45   44.31
  82475.602   402.365    80.07   47.70
  82761.415   421.025    65.29   48.27
  83047.220   441.734    72.46   46.93
  83333.018   464.253    78.79   39.04
  83618.808   477.903    47.76   32.55
  83904.591   488.954    38.67   29.24
  84190.366   498.190    32.32   25.34
  84476.134   503.874    19.89   22.75
  84761.895   504.673     2.79   23.25
  85047.647   501.066   -12.62   26.14
  85333.393   494.113   -24.33   29.87
  85619.131   485.545   -29.99   33.13
  85904.861   473.117   -43.49   32.86
  86190.584   457.940   -53.12   32.56
  86476.300   438.706   -67.32   33.71
  86762.008   420.360   -64.21   38.01
  87047.708   400.088   -70.95   40.69
  87333.402   378.403   -75.90   42.98
  87619.087   356.265   -77.49   41.96
  87904.765   334.820   -75.07   37.65
  88190.436   313.904   -73.22   34.09
  88476.099   294.679   -67.30   31.90
  88761.755   275.834   -65.97   31.81
  89047.403   258.770   -59.74   33.56
  89333.628   241.925   -58.85   38.56
  89620.971   221.112   -72.43   44.60
  89908.307   197.454   -82.33   53.54
  90195.634   167.263  -105.08   57.28
  90482.952   136.504  -107.05   59.29
  90770.263   105.717  -107.16   52.77
  91057.565    82.421   -81.08   43.33
  91344.858    65.731   -58.09   27.35
  91632.143    58.921   -23.70   17.01
  91919.420    62.113    11.11   21.73
  92206.689    75.019    44.93   35.25
  92493.949    94.240    66.91   45.98
  92781.201   119.555    88.13   54.74
  93068.445   137.156    61.28   52.64
  93355.680   156.780    68.32   47.32
