-139701.981    20.305     0.00    7.89
-139415.983    18.323    -6.93    7.95
-139129.969    16.209    -7.39    7.25
-138843.938    14.507    -5.95    6.19
-138557.890    12.973    -5.36    5.22
-138271.825    12.252    -2.52    5.26
-137985.744    11.544    -2.48    5.39
-137699.646    10.459    -3.79    5.16
-137413.532     9.405    -3.68    5.21
-137127.401     8.956    -1.57    4.65
-136841.253     8.849    -0.38    4.58
-136555.088     8.917     0.24    4.26
-136268.907     8.859    -0.20    3.47
-135982.709     8.823    -0.12    3.05
-135696.494     8.881     0.20    3.39
-135410.263     9.405     1.83    4.06
-135124.015     9.899     1.72    4.46
-134837.750    10.576     2.37    4.68
-134551.468    11.836     4.40    4.29
-134265.170    12.544     2.47    4.11
-133978.855    13.221     2.36    3.86
-133692.523    13.357     0.47    3.90
-133406.175    12.812    -1.90    3.92
-133119.810    12.910     0.34    3.61
-132833.428    12.747    -0.57    3.63
-132547.029    12.417    -1.15    3.54
-132260.613    11.897    -1.81    3.20
-131974.181    11.663    -0.82    2.86
-131687.732    11.550    -0.39    2.68
-131401.267    11.956     1.42    2.40
-131114.784    12.104     0.51    2.35
-130828.285    12.179     0.27    2.36
-130541.769    12.568     1.36    3.16
-130255.236    13.405     2.92    4.83
-129968.687    15.989     9.02    7.88
-129682.120    18.014     7.07    8.90
-129395.537    20.951    10.25    9.66
-129108.937    24.038    10.77    8.91
-128822.320    25.352     4.59    7.34
-128535.687    26.507     4.03    6.70
-128249.037    25.873    -2.21    6.84
-127962.370    25.045    -2.89    6.40
-127675.686    24.833    -0.74    5.35
-127388.985    24.300    -1.86    4.74
-127102.268    24.478     0.62    4.59
-126815.533    22.842    -5.70    7.76
-126528.782    20.647    -7.66   10.01
-126242.014    19.599    -3.65   11.04
-125955.229    19.830     0.80   11.96
-125668.428    20.332     1.75   12.65
-125381.609    21.575     4.33   13.20
-125094.774    23.340     6.15   13.92
-124807.922    25.647     8.04   13.70
-124521.053    28.221     8.97   13.19
-124234.167    31.592    11.75   11.57
-123947.264    35.908    15.04    8.40
-123660.345    38.199     7.99    6.30
-123373.408    38.710     1.78    6.87
-123086.455    38.688    -0.07    6.91
-122799.485    38.437    -0.88    7.10
-122512.498    38.765     1.14    6.54
-122225.494    38.091    -2.35    5.67
-121938.474    36.678    -4.92    5.89
-121651.436    36.363    -1.10    6.38
-121364.382    35.151    -4.22    6.26
-121077.310    35.096    -0.19    6.14
-120790.222    35.276     0.63    6.12
-120503.117    35.520     0.85    5.47
-120215.995    36.591     3.73    4.47
-119928.856    38.018     4.97    3.35
-119641.700    39.998     6.90    5.24
-119354.527    41.767     6.16    6.41
-119067.337    44.373     9.07    7.41
-118780.131    46.762     8.32    7.28
-118492.907    48.534     6.17    6.22
-118205.667    49.279     2.59    6.09
-117918.410    52.123     9.90    6.62
-117631.135    55.220    10.78    7.73
-117343.844    58.710    12.15    8.67
-117056.536    61.845    10.91    9.49
-116769.211    64.973    10.88    9.35
-116481.869    68.750    13.15    9.02
-116194.510    71.899    10.96    9.03
-115907.134    75.131    11.24   10.41
-115619.741    79.150    13.98   10.88
-115332.331    82.809    12.73   11.47
-115044.904    85.577     9.63   10.76
-114757.461    88.412     9.86   10.06
-114470.000    89.527     3.88    9.95
-114182.522    90.639     3.87    9.60
-113895.027    92.208     5.46    8.66
-113607.516    93.623     4.92    7.68
-113319.987    94.568     3.29    7.04
-113032.441    95.034     1.62    6.39
-112744.879    95.536     1.74    6.81
-112457.299    95.734     0.69    7.12
-112169.703    95.123    -2.13    7.75
-111882.089    95.214     0.32    8.62
-111594.458    94.951    -0.91    9.27
-111306.811    94.438    -1.79    9.50
-111019.146    93.097    -4.66    9.75
-110731.464    90.712    -8.29    9.43
-110443.766    87.703   -10.46    9.27
-110156.050    85.197    -8.71    9.27
-109868.317    83.188    -6.98    9.10
-109580.567    82.091    -3.81    7.86
-109292.801    81.928    -0.57    6.51
-109005.017    82.809     3.06    6.01
-108717.216    84.167     4.72    6.18
-108429.398    84.897     2.54    6.08
-108141.563    84.393    -1.75    6.32
-107853.711    82.537    -6.45    7.67
-107565.842    79.083   -12.00    8.60
-107277.956    75.108   -13.81    9.04
-106990.053    71.951   -10.96    8.12
-106702.132    69.599    -8.17    6.74
-106414.195    68.100    -5.21    5.22
-106126.240    68.115     0.05    6.46
-105838.269    69.975     6.46    9.45
-105550.280    72.171     7.62   10.49
-105262.275    75.180    10.45   12.02
-104974.252    77.478     7.98   12.24
-104686.212    79.584     7.31   12.32
-104398.155    81.897     8.03   11.25
-104110.081    83.858     6.80    9.87
-103821.990    84.817     3.33    9.11
-103533.882    83.841    -3.39    8.59
-103245.756    83.264    -2.00    8.38
-102957.614    81.631    -5.67    8.35
-102669.454    78.938    -9.35    8.23
-102381.278    76.486    -8.51    7.76
-102093.084    75.083    -4.87    8.24
-101804.873    74.095    -3.43    9.96
-101516.645    71.306    -9.68   11.93
-101228.399    68.115   -11.07   13.46
-100940.137    63.325   -16.62   13.95
-100651.858    59.115   -14.60   14.23
-100363.561    54.139   -17.26   13.86
-100075.247    49.355   -16.59   12.02
 -99786.916    46.943    -8.37   10.52
 -99498.568    46.090    -2.96    9.27
 -99210.203    45.615    -1.65    7.90
 -98921.820    46.050     1.51    7.25
 -98634.578    47.332     4.46    7.13
 -98349.742    49.885     8.96    6.11
 -98064.890    50.783     3.15    4.75
 -97780.023    51.228     1.56    4.24
 -97495.139    50.809    -1.47    4.25
 -97210.239    49.893    -3.21    4.84
 -96925.323    49.608    -1.00    5.08
 -96640.392    49.099    -1.79    5.61
 -96355.444    47.256    -6.47    6.47
 -96070.481    45.303    -6.85    7.67
 -95785.501    43.836    -5.15    8.20
 -95500.506    43.441    -1.39    8.89
 -95215.495    41.891    -5.44    8.77
 -94930.467    41.272    -2.17    9.11
 -94645.424    39.397    -6.58    8.85
 -94360.365    37.855    -5.41   10.25
 -94075.290    34.446   -11.96   12.64
 -93790.199    31.050   -11.91   14.23
 -93505.092    28.615    -8.54   13.86
 -93219.969    28.807     0.67   14.73
 -92934.830    30.591     6.26   17.23
 -92649.675    31.941     4.73   18.80
 -92364.504    35.712    13.22   19.50
 -92079.317    37.926     7.76   18.10
 -91794.114    40.135     7.75   17.20
 -91508.895    40.865     2.56   17.24
 -91223.660    41.592     2.55   17.42
 -90938.409    42.078     1.70   17.61
 -90653.142    42.812     2.57   18.07
 -90367.859    43.891     3.78   19.14
 -90082.560    43.543    -1.22   19.35
 -89797.245    45.245     5.97   18.65
 -89511.914    46.873     5.70   17.06
 -89226.567    48.600     6.05   15.01
 -88941.204    48.956     1.25   11.41
 -88655.825    49.501     1.91    8.62
 -88370.430    49.608     0.37    7.04
 -88085.019    48.817    -2.77    7.95
 -87799.592    45.639   -11.13    9.06
 -87514.149    40.430   -18.25   10.73
 -87228.689    37.479   -10.34   10.32
 -86943.214    36.922    -1.95   10.57
 -86657.723    38.591     5.84   11.66
 -86372.215    40.607     7.06   12.06
 -86086.692    42.919     8.10   12.30
 -85801.153    46.623    12.97   11.15
 -85515.597    50.954    15.17    7.32
 -85230.025    52.800     6.47    6.80
 -84944.438    53.772     3.40    7.88
 -84658.834    54.873     3.86    9.07
 -84373.214    56.696     6.38   10.33
 -84087.578    58.350     5.79   11.61
 -83801.926    61.060     9.49   11.67
 -83516.258    64.266    11.22   10.92
 -83230.574    67.334    10.74    9.81
 -82944.874    69.429     7.33    8.24
 -82659.158    71.859     8.50    6.70
 -82373.425    74.018     7.55    6.09
 -82087.677    76.534     8.81    5.91
 -81801.912    78.529     6.98    6.46
 -81516.131    81.671    11.00    8.09
 -81230.334    84.862    11.16    8.80
 -80944.522    87.639     9.72    8.76
 -80658.692    88.847     4.23    9.15
 -80372.847    89.730     3.09    9.62
 -80086.986    91.921     7.66   10.00
 -79801.109    95.198    11.46   11.25
 -79515.215    98.395    11.18   12.07
 -79229.305   101.075     9.37   12.45
 -78943.379   103.867     9.77   12.28
 -78657.437   107.494    12.68   11.62
 -78371.479   109.694     7.69   11.66
 -78085.505   112.039     8.20   11.45
 -77799.515   114.204     7.57   11.63
 -77513.508   116.724     8.81   12.06
 -77227.485   120.212    12.19   13.39
 -76941.446   124.623    15.42   14.20
 -76655.391   129.267    16.23   12.15
 -76369.320   133.399    14.44    9.39
 -76083.233   136.889    12.20    9.53
 -75797.129   140.815    13.72   11.20
 -75511.010   145.361    15.89   12.08
 -75224.874   148.537    11.10   11.95
 -74938.722   152.631    14.31   12.72
 -74652.553   157.308    16.34   13.56
 -74366.369   162.147    16.91   13.85
 -74080.168   165.631    12.17   13.30
 -73793.951   168.647    10.54   12.70
 -73507.718   170.399     6.12   12.40
 -73221.469   171.846     5.06   10.93
 -72935.204   173.359     5.28    9.94
 -72648.922   173.039    -1.12    8.80
 -72362.624   173.768     2.55    8.34
 -72076.310   173.727    -0.14    8.38
 -71789.980   173.233    -1.73    8.46
 -71503.633   173.951     2.51    8.53
 -71217.270   175.471     5.31    9.53
 -70930.891   177.949     8.65   10.34
 -70644.496   180.518     8.97   11.27
 -70358.085   181.425     3.17   11.43
 -70071.657   183.433     7.01   10.77
 -69785.213   183.857     1.48    9.79
 -69498.753   184.135     0.97   10.60
 -69212.276   184.357     0.77   10.32
 -68925.784   183.111    -4.35   10.49
 -68639.275   181.990    -3.91   10.34
 -68352.749   180.244    -6.10    8.83
 -68066.208   178.197    -7.14    8.41
 -67779.650   175.825    -8.28    6.92
 -67493.076   173.233    -9.04    6.31
 -67206.486   171.365    -6.52    6.23
 -66919.879   170.191    -4.10    6.76
 -66633.257   167.850    -8.17    7.87
 -66346.617   164.865   -10.41    9.39
 -66059.962   162.199    -9.30   13.05
 -65773.290   160.053    -7.49   16.20
 -65486.602   162.542     8.68   20.21
 -65199.898   164.928     8.32   23.51
 -64913.177   170.250    18.56   24.32
 -64626.441   176.421    21.52   23.91
 -64339.687   182.259    20.36   21.61
 -64052.918   188.359    21.27   14.37
 -63766.132   189.964     5.60    8.82
 -63479.330   188.444    -5.30    8.62
 -63192.511   187.239    -4.20    8.20
 -62905.677   184.723    -8.77    8.06
 -62618.826   181.663   -10.67    8.22
 -62331.958   179.103    -8.92    7.40
 -62045.074   176.916    -7.62    6.44
 -61758.174   174.695    -7.74    5.20
 -61471.258   173.930    -2.66    4.86
 -61184.325   173.938     0.03    4.84
 -60897.376   173.775    -0.57    5.23
 -60610.410   174.131     1.24    5.33
 -60323.429   174.171     0.14    5.52
 -60036.430   174.295     0.43    5.54
 -59749.416   173.115    -4.11    6.39
 -59462.385   171.729    -4.83    8.32
 -59175.338   170.329    -4.88   10.85
 -58888.274   166.007   -15.05   16.11
 -58601.194   158.375   -26.58   22.02
 -58314.098   148.375   -34.83   24.81
 -58026.985   140.543   -27.28   24.36
 -57739.856   137.181   -11.71   24.94
 -57452.710   137.807     2.18   26.38
 -57165.548   139.583     6.18   29.88
 -56878.370   146.877    25.40   30.32
 -56591.175   156.520    33.57   25.53
 -56303.964   165.772    32.21   13.64
 -56016.736   169.099    11.58    9.65
 -55729.492   168.183    -3.19   10.53
 -55442.232   166.017    -7.54   12.71
 -55154.955   163.462    -8.89   15.22
 -54867.662   160.209   -11.32   16.17
 -54580.353   156.274   -13.70   17.20
 -54293.027   153.389   -10.04   16.62
 -54005.684   151.251    -7.44   16.74
 -53718.325   147.215   -14.05   17.12
 -53430.950   144.050   -11.01   16.90
 -53143.558   141.174   -10.00   15.96
 -52856.150   138.696    -8.62   14.00
 -52568.725   137.539    -4.02   12.93
 -52281.284   135.381    -7.51   11.49
 -51993.827   134.028    -4.71   11.99
 -51706.352   132.716    -4.56   12.11
 -51418.862   130.175    -8.84   12.38
 -51131.355   126.786   -11.79   12.74
 -50843.832   123.794   -10.41   12.98
 -50556.292   119.986   -13.24   13.48
 -50268.735   116.280   -12.89   14.35
 -49981.163   112.059   -14.68   13.43
 -49693.573   107.335   -16.42   13.26
 -49405.968   103.522   -13.26   14.13
 -49118.345    98.002   -19.19   13.67
 -48830.707    91.694   -21.93   13.70
 -48543.051    86.933   -16.55   13.87
 -48255.380    81.949   -17.32   13.77
 -47967.691    78.583   -11.70   13.82
 -47679.987    75.921    -9.25   13.22
 -47392.265    73.408    -8.74   12.88
 -47104.528    70.849    -8.89   12.46
 -46816.773    67.487   -11.68   10.15
 -46529.002    66.308    -4.10   10.00
 -46241.215    64.068    -7.78    9.51
 -45953.411    62.524    -5.36    9.76
 -45665.591    60.127    -8.33    9.67
 -45377.754    57.800    -8.08    8.64
 -45089.901    56.593    -4.19    8.49
 -44802.031    54.393    -7.64    9.09
 -44514.144    51.956    -8.46   10.00
 -44226.241    49.487    -8.58   10.43
 -43938.321    47.528    -6.80   10.19
 -43650.385    45.678    -6.43    9.43
 -43362.433    43.475    -7.65    8.76
 -43074.463    42.290    -4.12    7.88
 -42786.478    41.546    -2.58    7.37
 -42498.475    41.688     0.49    7.45
 -42210.456    41.321    -1.27    7.07
 -41922.421    40.758    -1.95    6.90
 -41634.369    39.818    -3.26    6.40
 -41346.300    39.467    -1.22    6.22
 -41058.215    38.712    -2.62    5.90
 -40770.113    37.802    -3.16    5.37
 -40481.994    36.991    -2.81    4.38
 -40193.859    36.383    -2.11    3.72
 -39905.708    35.918    -1.61    3.81
 -39617.539    35.647    -0.94    3.70
 -39329.354    35.405    -0.84    3.70
 -39041.153    35.748     1.19    3.69
 -38752.935    35.782     0.12    3.54
 -38464.700    35.470    -1.08    3.37
 -38176.449    34.734    -2.55    3.06
 -37888.181    34.357    -1.31    3.10
 -37599.897    33.852    -1.75    3.13
 -37311.595    33.399    -1.57    3.04
 -37023.278    33.159    -0.83    2.89
 -36736.391    32.946    -0.74    2.86
 -36451.495    33.135     0.66    3.02
 -36166.584    33.256     0.42    3.05
 -35881.658    33.712     1.60    3.11
 -35596.716    34.537     2.90    3.17
 -35311.759    34.322    -0.76    3.61
 -35026.787    33.099    -4.29    4.87
 -34741.799    31.837    -4.43    5.53
 -34456.795    31.462    -1.32    5.52
 -34171.776    31.251    -0.74    5.84
 -33886.742    31.567     1.11    6.12
 -33601.692    32.073     1.78    6.29
 -33316.627    32.936     3.03    5.88
 -33031.547    34.327     4.88    4.53
 -32746.451    35.608     4.49    4.32
 -32461.339    35.885     0.97    4.76
 -32176.212    35.553    -1.16    4.67
 -31891.070    35.037    -1.81    4.52
 -31605.912    35.091     0.19    3.97
 -31320.739    35.344     0.89    3.75
 -31035.550    35.591     0.86    3.39
 -30750.346    35.037    -1.94    2.89
 -30465.126    35.298     0.91    2.41
 -30179.891    35.158    -0.49    2.54
 -29894.640    35.063    -0.33    2.63
 -29609.374    35.015    -0.17    3.10
 -29324.092    35.476     1.62    3.64
 -29038.795    36.087     2.14    3.99
 -28753.483    36.404     1.11    3.79
 -28468.155    35.782    -2.18    3.87
 -28182.811    34.552    -4.31    4.18
 -27897.452    33.921    -2.21    4.66
 -27612.077    33.887    -0.12    4.94
 -27326.687    34.352     1.63    5.31
 -27041.282    34.751     1.40    5.72
 -26755.861    36.004     4.39    6.16
 -26470.424    37.236     4.31    5.61
 -26184.972    37.943     2.48    4.57
 -25899.504    36.701    -4.35    5.65
 -25614.021    34.696    -7.03    6.28
 -25328.523    32.499    -7.69    5.93
 -25043.008    30.687    -6.35    4.81
 -24757.479    29.309    -4.83    4.06
 -24471.933    28.311    -3.49    3.45
 -24186.372    27.119    -4.17    2.99
 -23900.796    26.313    -2.82    3.09
 -23615.204    26.060    -0.89    3.01
 -23329.597    25.242    -2.86    3.14
 -23043.974    23.900    -4.70    3.55
 -22758.335    22.623    -4.47    3.64
 -22472.681    21.532    -3.82    3.25
 -22187.012    20.742    -2.76    3.06
 -21901.326    20.371    -1.30    2.94
 -21615.626    20.242    -0.45    3.01
 -21329.909    20.115    -0.44    3.04
 -21044.177    20.344     0.80    3.82
 -20758.430    21.018     2.36    4.53
 -20472.667    22.179     4.06    4.83
 -20186.888    23.182     3.51    4.97
 -19901.094    23.760     2.02    4.81
 -19615.284    24.178     1.46    4.58
 -19329.459    25.111     3.26    4.36
 -19043.618    25.778     2.33    4.34
 -18757.761    26.369     2.07    4.23
 -18471.889    26.949     2.03    3.80
 -18186.001    27.871     3.23    3.28
 -17900.098    28.504     2.21    2.97
 -17614.179    28.288    -0.76    3.23
 -17328.244    27.472    -2.85    3.71
 -17042.294    26.867    -2.12    4.26
 -16756.328    26.761    -0.37    5.03
 -16470.346    26.742    -0.07    5.37
 -16184.349    26.431    -1.09    5.48
 -15898.337    27.207     2.71    5.45
 -15612.308    28.239     3.61    5.63
 -15326.264    28.693     1.59    5.50
 -15040.205    28.474    -0.77    5.43
 -14754.129    27.732    -2.59    5.36
 -14468.038    26.115    -5.65    5.53
 -14181.932    24.414    -5.95    5.00
 -13895.810    23.332    -3.78    4.04
 -13609.672    22.218    -3.89    3.38
 -13323.518    21.733    -1.69    3.24
 -13037.349    21.325    -1.43    3.30
 -12751.164    21.077    -0.86    3.18
 -12464.964    21.139     0.22    3.05
 -12178.748    21.089    -0.17    2.82
 -11892.516    20.852    -0.83    2.66
 -11606.268    20.899     0.17    2.63
 -11320.005    20.608    -1.02    2.72
 -11033.726    20.023    -2.04    2.24
 -10747.432    19.831    -0.67    2.46
 -10461.122    20.135     1.06    2.81
 -10174.796    20.215     0.28    2.95
  -9888.454    19.456    -2.65    4.30
  -9602.097    17.355    -7.33    7.17
  -9315.724    14.428   -10.22    9.10
  -9029.335    11.076   -11.70    9.64
  -8742.931     7.849   -11.27    8.73
  -8456.511     6.601    -4.36    7.47
  -8170.075     4.751    -6.46    5.43
  -7883.623     5.256     1.76    6.08
  -7597.156     5.853     2.08    6.52
  -7310.673     6.017     0.57    6.35
  -7024.174     7.061     3.64    6.36
  -6737.660     9.268     7.70    7.01
  -6451.130    11.926     9.27    7.46
  -6164.584    13.853     6.73    7.96
  -5878.022    16.208     8.22    7.91
  -5591.445    19.449    11.31    6.19
  -5304.852    21.271     6.36    4.10
  -5018.243    20.962    -1.08    4.07
  -4731.618    20.433    -1.85    4.37
  -4444.978    19.443    -3.45    4.58
  -4158.322    18.248    -4.17    4.61
  -3871.650    16.917    -4.64    4.05
  -3584.962    16.070    -2.96    3.50
  -3298.259    16.560     1.71    3.46
  -3011.539    16.723     0.57    3.31
  -2724.805    15.741    -3.42    3.85
  -2438.054    14.426    -4.59    6.46
  -2151.287    13.677    -2.61    9.21
  -1864.505    11.750    -6.72   10.92
  -1577.707     9.500    -7.84   12.13
  -1290.893     7.274    -7.76   12.82
  -1004.063     4.725    -8.89   12.98
   -717.218     2.730    -6.96   12.57
   -430.357    -0.972   -12.90    6.54
   -143.480     0.846     6.34    9.77
    143.413     4.421    12.46   14.55
    430.322    12.206    27.13   21.04
    717.246    21.809    33.47   25.23
   1004.186    32.060    35.72   26.47
   1291.143    40.631    29.87   24.24
   1578.114    49.671    31.50   17.05
   1865.102    54.592    17.15    8.47
   2152.106    54.806     0.74    7.25
   2439.125    55.703     3.13    7.30
   2726.160    56.537     2.91    6.70
   3013.211    57.822     4.47    6.07
   3300.278    60.270     8.53    6.21
   3587.361    62.560     7.98    5.60
   3874.459    64.135     5.49    5.67
   4161.574    64.980     2.94    5.61
   4448.704    65.139     0.55    5.54
   4735.850    65.310     0.60    5.27
   5023.012    65.260    -0.18    5.08
   5310.190    64.104    -4.03    5.19
   5597.384    62.964    -3.97    5.80
   5884.593    63.068     0.36    6.31
   6171.819    64.135     3.72    6.42
   6459.060    65.179     3.63    6.25
   6746.317    65.422     0.85    5.84
   7033.590    64.592    -2.89    6.06
   7320.879    62.487    -7.33    7.08
   7608.184    60.242    -7.82    7.08
   7895.505    58.096    -7.47    6.52
   8182.841    56.576    -5.29    4.84
   8470.194    55.793    -2.73    4.02
   8757.562    55.199    -2.07    4.36
   9044.947    55.086    -0.39    4.84
   9332.347    55.218     0.46    4.73
   9619.763    54.881    -1.17    4.77
   9907.195    54.318    -1.96    4.89
  10194.643    53.345    -3.38    5.25
  10482.107    51.112    -7.77    7.16
  10769.587    48.972    -7.44    8.25
  11057.082    46.724    -7.82    8.47
  11344.594    45.234    -5.18    8.38
  11632.121    44.905    -1.15    8.20
  11919.665    45.585     2.37    8.20
  12207.224    46.429     2.94    8.51
  12494.800    48.717     7.95    8.89
  12782.391    51.830    10.82    8.70
  13069.998    55.498    12.76    6.56
  13357.622    58.428    10.19    5.57
  13645.261    60.833     8.36    5.11
  13932.916    63.085     7.83    5.05
  14220.587    65.734     9.21    5.59
  14508.274    67.771     7.08    5.58
  14795.977    69.474     5.92    4.75
  15083.696    70.841     4.75    3.87
  15371.431    71.433     2.06    4.93
  15659.182    72.230     2.77    5.54
  15946.949    71.295    -3.25    6.82
  16234.732    70.237    -3.68    7.01
  16522.531    68.719    -5.28    7.28
  16810.346    68.837     0.41    7.33
  17098.177    68.891     0.19    7.27
  17386.023    69.541     2.26    7.52
  17673.886    70.256     2.48    8.39
  17961.765    72.552     7.97    9.24
  18249.660    75.093     8.83    9.37
  18537.571    77.811     9.44    9.28
  18825.498    79.894     7.24    8.71
  19113.441    82.497     9.04    8.08
  19401.400    84.845     8.15    5.61
  19689.375    85.280     1.51    4.82
  19977.366    84.993    -1.00    5.08
  20265.373    84.677    -1.10    5.14
  20553.396    84.774     0.34    5.38
  20841.435    86.174     4.86    5.38
  21129.490    87.531     4.71    5.51
  21417.561    89.877     8.14    4.86
  21705.648    92.257     8.26    4.79
  21993.751    94.371     7.34    4.82
  22281.871    96.631     7.84    5.40
  22570.006    98.563     6.70    5.37
  22858.157   100.258     5.88    4.99
  23146.325   102.005     6.06    4.49
  23434.508   103.915     6.63    4.06
  23722.708   105.883     6.83    3.96
  24010.924   107.609     5.99    4.11
  24299.155   109.306     5.89    4.39
  24587.403   111.410     7.30    4.95
  24875.667   113.938     8.77    5.47
  25162.207   116.910    10.37    5.80
  25447.154   119.716     9.85    6.05
  25732.116   122.728    10.57    5.99
  26017.093   125.593    10.05    5.68
  26302.084   128.308     9.53    4.54
  26587.091   130.494     7.67    3.88
  26872.112   131.879     4.86    3.84
  27157.149   132.552     2.36    3.72
  27442.200   132.856     1.06    3.71
  27727.266   133.355     1.75    3.59
  28012.347   134.037     2.39    4.24
  28297.443   134.895     3.01    4.92
  28582.554   136.014     3.92    5.88
  28867.679   137.815     6.32    6.25
  29152.820   140.081     7.95    6.60
  29437.975   142.363     8.01    6.93
  29723.146   144.104     6.11    7.06
  30008.331   145.111     3.53    7.02
  30293.532   144.980    -0.46    7.10
  30578.747   143.862    -3.92    8.41
  30863.977   142.170    -5.93   10.16
  31149.222   139.135   -10.64   11.07
  31434.482   136.504    -9.22   10.61
  31719.757   134.131    -8.32    9.31
  32005.047   132.197    -6.78    7.99
  32290.352   131.607    -2.07    7.20
  32575.671   132.005     1.39    7.65
  32861.006   132.639     2.22    9.16
  33146.356   134.108     5.15   10.87
  33431.720   135.678     5.50   11.62
  33717.100   136.670     3.48   12.43
  34002.495   137.761     3.82   12.51
  34287.904   137.954     0.68   12.87
  34573.328   137.494    -1.61   13.20
  34858.768   136.135    -4.76   12.52
  35144.222   134.440    -5.94   11.98
  35429.692   133.327    -3.90   11.11
  35715.176   131.817    -5.29   10.52
  36000.675   130.340    -5.17    9.16
  36286.190   128.826    -5.30    8.34
  36571.719   128.522    -1.07    6.89
  36857.263   127.967    -1.94    4.95
  37142.823   128.873     3.17    4.63
  37428.397   130.279     4.92    5.00
  37713.986   131.972     5.93    4.26
  37999.590   133.277     4.57    3.91
  38285.210   135.205     6.75    5.35
  38570.844   137.119     6.70    6.09
  38856.493   138.287     4.09    5.87
  39142.158   138.555     0.94    5.72
  39427.837   137.875    -2.38    6.71
  39713.531   135.290    -9.05   10.00
  39999.241   129.266   -21.09   14.02
  40284.965   122.150   -24.90   16.03
  40570.704   114.428   -27.03   19.51
  40856.459   104.814   -33.65   24.39
  41142.228    92.987   -41.39   29.92
  41428.013    79.201   -48.24   32.54
  41713.812    71.112   -28.30   30.74
  41999.627    68.766    -8.21   29.29
  42285.456    69.362     2.08   30.54
  42571.301    74.104    16.59   32.52
  42857.161    83.726    33.66   33.82
  43143.036    95.942    42.73   27.53
  43428.925   106.044    35.34   15.79
  43714.830   111.616    19.49    8.71
  44000.750   114.623    10.52    5.41
  44286.685   116.358     6.07    3.64
  44572.635   117.964     5.62    3.42
  44858.600   118.962     3.49    3.42
  45144.581   120.010     3.67    4.30
  45430.576   120.420     1.43    6.04
  45716.586   119.211    -4.23    8.15
  46002.612   117.407    -6.31    9.58
  46288.652   114.939    -8.63   11.03
  46574.708   111.236   -12.95   12.71
  46860.778   106.995   -14.82   13.34
  47146.864   103.158   -13.41   13.36
  47432.965    98.852   -15.05   11.22
  47719.081    95.509   -11.68   11.46
  48005.212    90.897   -16.12   12.33
  48291.358    86.166   -16.53   14.53
  48577.520    83.036   -10.94   14.88
  48863.696    79.569   -12.12   15.58
  49149.888    78.311    -4.40   16.02
  49436.094    80.639     8.14   18.61
  49722.316    85.228    16.03   21.42
  50008.553    91.111    20.55   21.30
  50294.805    95.747    16.20   19.23
  50581.072   101.718    20.86   16.80
  50867.354   105.042    11.61   14.71
  51153.652   106.174     3.96   14.09
  51439.964   109.231    10.68   15.50
  51726.292   114.070    16.90   15.67
  52012.635   118.861    16.73   15.34
  52298.993   122.601    13.06   14.27
  52585.366   127.670    17.70   11.58
  52871.754   131.456    13.22    8.84
  53158.158   134.041     9.03    5.47
  53444.576   134.790     2.62    5.23
  53731.010   136.000     4.23    5.43
  54017.459   137.756     6.13    6.65
  54303.923   140.919    11.04    9.62
  54590.402   143.274     8.22   11.22
  54876.896   147.188    13.66   13.71
  55163.406   150.631    12.02   15.32
  55449.931   155.726    17.78   15.46
  55736.471   161.480    20.08   14.91
  56023.026   166.670    18.11   15.95
  56309.596   170.820    14.48   16.80
  56596.182   174.774    13.80   16.27
  56882.782   179.851    17.71   14.75
  57169.398   184.561    16.44   13.15
  57456.029   189.096    15.82   11.64
  57742.676   192.593    12.20   10.52
  58029.337   196.803    14.69   10.03
  58316.014   200.310    12.24    9.08
  58602.706   203.277    10.35    8.19
  58889.413   206.400    10.89    8.02
  59176.135   208.846     8.53    8.32
  59462.873   211.418     8.97    8.97
  59749.626   214.267     9.94   10.54
  60036.394   217.237    10.36   12.20
  60323.177   219.866     9.17   12.48
  60609.975   223.529    12.77   12.26
  60896.789   226.639    10.84   12.05
  61183.618   229.290     9.24   11.37
  61470.462   231.159     6.51    9.49
  61757.321   229.646    -5.27    9.73
  62044.196   226.569   -10.73   12.34
  62331.086   219.586   -24.34   17.86
  62617.991   211.245   -29.07   22.46
  62904.912   200.150   -38.67   24.57
  63191.847   188.670   -40.01   25.59
  63478.798   176.615   -42.01   24.31
  63765.764   165.807   -37.67   22.09
  64052.746   157.282   -29.70   19.40
  64339.743   148.533   -30.49   15.28
  64626.755   142.458   -21.17   12.51
  64913.782   135.554   -24.06   10.36
  65200.825   129.623   -20.66   10.91
  65487.882   123.060   -22.87   11.31
  65774.955   118.517   -15.82   10.94
  66062.044   114.092   -15.42   10.44
  66349.148   109.161   -17.17    9.03
  66636.267   105.710   -12.02    7.94
  66923.401   101.399   -15.02   10.69
  67210.551    98.349   -10.62   12.09
  67497.715    95.322   -10.54   12.52
  67784.896    96.017     2.42   13.18
  68072.091    97.194     4.10   13.31
  68359.302   100.101    10.12   14.17
  68646.528   102.954     9.93   15.17
  68933.770   108.831    20.46   16.31
  69221.026   114.570    19.98   14.85
  69508.298   120.022    18.98   13.26
  69795.586   123.967    13.73   12.28
  70082.889   127.405    11.97   10.59
  70370.207   130.639    11.26    9.29
  70657.540   132.592     6.80    7.50
  70944.889   135.554    10.31    7.95
  71232.253   137.662     7.34    7.56
  71519.633   140.358     9.38    7.93
  71807.027   143.177     9.81    8.64
  72094.438   146.264    10.74    8.13
  72381.863   150.161    13.56    6.91
  72669.304   153.253    10.76    6.43
  72956.760   156.484    11.24    6.85
  73244.232   159.389    10.11    6.70
  73531.719   162.466    10.70    7.48
  73819.221   166.427    13.78    8.63
  74106.739   170.928    15.66    9.34
  74394.272   175.601    16.25    9.36
  74681.820   180.324    16.43    9.19
  74969.384   185.150    16.78    8.90
  75256.963   189.293    14.40    8.67
  75544.558   193.450    14.46    7.77
  75832.168   197.807    15.15    7.90
  76119.793   201.732    13.65    9.92
  76407.434   206.586    16.87   12.25
  76695.090   213.686    24.68   15.90
  76982.762   222.592    30.96   18.04
  77270.449   230.947    29.04   19.36
  77558.151   242.686    40.80   19.80
  77845.869   252.616    34.51   20.15
  78133.602   263.569    38.07   19.05
  78421.351   273.799    35.55   17.25
  78709.115   282.041    28.64   16.17
  78996.894   290.461    29.26   14.99
  79284.689   296.797    22.02   14.63
  79572.499   302.506    19.84   13.07
  79860.325   306.364    13.40   14.59
  80148.166   307.834     5.11   14.27
  80436.023   309.195     4.73   16.49
  80723.895   308.290    -3.14   15.33
  81011.783   307.756    -1.85   14.45
  81299.686   306.260    -5.20   12.94
  81587.604   304.959    -4.52   10.31
  81875.538   304.494    -1.62    7.96
  82163.487   303.773    -2.50    7.27
  82451.452   301.834    -6.73    7.02
  82739.432   300.131    -5.91    6.68
  83027.428   298.091    -7.08    5.93
  83315.439   297.425    -2.31    6.10
  83603.466   298.100     2.34    6.45
  83891.508   300.813     9.42    8.20
  84179.566   305.701    16.97   10.73
  84467.639   310.496    16.64   11.59
  84755.727   313.887    11.77   11.28
  85043.831   316.417     8.78   10.21
  85331.951   318.349     6.71    8.28
  85620.086   317.962    -1.34    7.07
  85908.237   316.139    -6.33    8.45
  86196.403   314.041    -7.28    8.52
  86484.584   312.972    -3.71   10.23
  86772.781   314.054     3.76   13.29
  87059.019   314.647     2.07   14.15
  87344.027   315.173     1.85   14.95
  87629.049   317.899     9.56   14.53
  87914.085   320.578     9.40   13.49
  88199.135   322.998     8.49   12.08
  88484.200   324.843     6.47    9.57
  88769.279   325.466     2.18    7.92
  89054.372   327.037     5.51    7.95
  89339.480   328.837     6.31    7.34
  89624.602   331.234     8.41    7.40
  89909.739   335.352    14.44   10.17
  90194.890   341.290    20.82   14.38
  90480.055   347.059    20.23   17.91
  90765.235   353.483    22.53   19.38
  91050.429   358.108    16.22   18.25
  91335.637   360.662     8.95   16.19
  91620.859   358.783    -6.59   17.28
  91906.096   354.170   -16.17   20.42
  92191.348   350.431   -13.11   20.93
  92476.614   347.107   -11.65   20.49
  92761.894   345.907    -4.21   19.86
