# NaN NaN NaN ;Mean Elev.(m), Avg Gradient(m/km), RMS Gradient(m/km) - SRTM1     
#   -6.995  -0.089   3.994 ;Mean Elev.(m), Avg Gradient(m/km), RMS Gradient(m/km) - ASTER GDEM
#    1.497  -0.154   4.562 ;Mean Elev.(m), Avg Gradient(m/km), RMS Gradient(m/km) - GMTED2010 
   1  87.929968  66.085079     6.672     6.642  8 54664.32613413 49.281
   2  87.932060  66.085999    76.032    73.100  8 54674.24177909 18.279
   3  87.928870  66.087511     8.195     7.989  7 54684.15742215 32.135
   4  87.927961  66.088367    11.372    11.620  7 54694.07306404 31.120
   5  87.930890  66.087576     7.388     5.963  7 54703.98870380 40.626
   6  87.931712  66.085303     5.617     5.626  7 54713.90435433 54.939
   7  87.935018  66.083104     5.077     5.110  8 54723.82000527 30.066
   8  87.934543  66.082416    56.245    54.636  9 54733.73565355 12.310
   9  87.934820  66.083563    54.462    54.210  8 54743.65130047 12.785
  10  87.931359  66.084818    17.444    18.022  8 54753.56694671 26.334
  11  87.934620  66.084459     4.614     4.444  8 54763.48259298 33.864
  12  87.933712  66.082662     4.400     4.365  8 54773.39823629 49.436
  13  87.934441  66.081144     5.420     5.406  9 54783.31387701 29.904
  14  87.936657  66.081308     7.135     7.567  9 54793.22951564 25.442
  15  87.935115  66.083325     9.894     9.843  8 54803.14515290 23.566
  16  87.931709  66.085161    11.842    12.590  7 54813.06078973 20.195
  17  87.928539  66.085642    18.960    18.840  8 54822.97643269 17.258
  18  87.932653  66.084658    15.515    14.690  8 54832.89207336 17.748
  19  87.933950  66.084426    10.500    10.248  8 54842.80772359 17.663
  20  87.930313  66.085638    13.161    12.855  7 54852.72337220 17.102
  21  87.930452  66.087383    16.513    17.059  7 54862.63902083 16.596
  22  87.927595  66.088213    15.512    15.687  6 54872.55466913 15.738
  23  87.931195  66.086883    19.776    18.963  7 54882.47031602 14.773
  24  87.932937  66.084150    14.970    13.506  9 54892.38595944 14.847
  25  87.932472  66.081941    19.847    24.102  9 54902.30159986 14.759
  26  87.932511  66.081996    26.393    26.215  9 54912.21723883 14.362
  27  87.933984  66.083627    15.188    13.790  8 54922.13287694 15.429
  28  87.932920  66.085064    16.039    16.009  8 54932.04851410 18.613
  29  87.931612  66.084657    46.333    49.000  8 54941.96414962 12.459
  30  87.934613  66.082772     8.610     8.689  8 54951.87978381 25.089
  31  87.938548  66.080997     9.515     9.530  9 54961.79542626 31.732
  32  87.936563  66.081481    12.963    12.932  9 54971.71107472 34.483
  33  87.933951  66.083409    17.756    17.771  9 54981.62672199 44.532
  34  87.932214  66.085310    18.012    17.930  8 54991.54236902 33.969
  35  87.929991  66.085725    56.208    55.966  8 55001.45801553 13.113
  36  87.930676  66.085318    15.118    14.675  8 55011.37366054 25.033
  37  87.931207  66.084794    60.527    61.229  8 55021.28930405  7.964
  38  87.929751  66.085627     5.358     5.371  8 55031.20494634 56.238
  39  87.931208  66.086935    57.986    60.277  7 55041.12058821  7.501
  40  87.929971  66.087814     4.400     4.399  7 55051.03622838 50.238
  41  87.928462  66.086799     4.311     4.311  7 55060.95186639 57.040
  42  87.932188  66.084157    10.898    10.644  9 55070.86750864 28.031
  43  87.938150  66.081654    59.717    60.134  9 55080.78315824  5.724
  44  87.937577  66.081376    61.066    59.968  9 55090.69880543  9.405
  45  87.932558  66.083066    60.391    60.095  8 55100.61445137  9.242
  46  87.931799  66.084791    59.010    57.934  8 55110.53009721 11.491
  47  87.929655  66.084709    56.400    54.782  8 55120.44574118  9.559
  48  87.934975  66.082625     4.094     4.071  9 55130.36138316 48.146
  49  87.938641  66.080615    11.029    10.535  9 55140.27702302 29.186
  50  87.935923  66.080959    19.221    19.942 10 55150.19266133 23.959
  51  87.934380  66.083209    19.706    19.484  9 55160.10829960 22.582
  52  87.930288  66.085536    19.301    15.014  8 55170.02393725 20.053
  53  87.928556  66.086382    14.731    13.748  8 55179.93957388 19.440
  54  87.929234  66.085590    17.034    13.575  8 55189.85522122 19.219
  55  87.929469  66.085203    15.179    15.996  8 55199.77087169 18.176
  56  87.929729  66.085726    16.452    13.955  7 55209.68652139 17.349
  57  87.927856  66.086822    19.998    18.179  7 55219.60217040 15.610
  58  87.927927  66.086730    32.413    32.605  7 55229.51781870 16.345
  59  87.930987  66.085407    22.621    23.502  8 55239.43346411 16.534
  60  87.934763  66.083169    26.867    24.139  8 55249.34910601 16.445
  61  87.937269  66.081623    20.617    21.370  9 55259.26474546 17.600
  62  87.933499  66.081813    26.000    26.273  9 55269.18038357 15.476
  63  87.933580  66.083106    26.498    29.749  9 55279.09602184 16.251
  64  87.930102  66.084240    30.529    31.100  8 55289.01165850 15.045
  65  87.932179  66.084179    27.135    28.816  9 55298.92729329 15.701
  66  87.933386  66.082723    71.372    70.956  8 55308.84293712  4.714
  67  87.934355  66.081451    69.493    69.814  9 55318.75858328  3.775
  68  87.933461  66.081656     7.358     7.350  9 55328.67422819 30.410
  69  87.934552  66.083309    12.577    12.548  8 55338.58987275 34.448
  70  87.932694  66.085152    17.910    17.890  8 55348.50551665 56.295
  71  87.932071  66.086011    16.271    16.250  7 55358.42115883 55.894
  72  87.932079  66.085908    57.980    55.416  8 55368.33679898 16.389
  73  87.930496  66.085721    55.574    55.510  7 55378.25243753 14.677
  74  87.930489  66.086025     6.809     6.809  7 55388.16807545 57.018
  75  87.930820  66.086482    17.033    18.068  8 55398.08371247 25.690
  76  87.931342  66.086159    55.736    55.697  7 55407.99935702 11.271
  77  87.931373  66.084722    58.034    55.110  8 55417.91500801  7.453
  78  87.934321  66.082781    55.472    55.270  8 55427.83065580 10.003
  79  87.935099  66.081886    57.680    56.628  9 55437.74630068 13.357
  80  87.934353  66.082325     6.686     6.688  9 55447.66194404 55.070
  81  87.932687  66.083282    54.655    54.388  8 55457.57758699 11.720
  82  87.933042  66.083833    60.445    60.801  9 55467.49322944 10.779
  83  87.934511  66.083309     5.911     5.902  9 55477.40886875 52.142
  84  87.933191  66.082433    14.038    15.556  9 55487.32450467 25.081
  85  87.937192  66.081749     4.319     4.293  9 55497.24013885 56.339
  86  87.932512  66.082734     8.415     9.031  9 55507.15577526 32.767
  87  87.931044  66.084051     5.383     5.415  8 55517.07142556 44.085
  88  87.931607  66.085280     5.009     4.973  7 55526.98707512 36.908
  89  87.931837  66.085740     4.615     4.642  8 55536.90272266 32.048
  90  87.929820  66.085799     4.236     4.236  7 55546.81836777 27.103
  91  87.931147  66.085929     6.939     7.406  8 55556.73401138 24.808
  92  87.928770  66.086458    10.568    10.049  7 55566.64965376 22.069
  93  87.929277  66.086335    12.212    12.315  8 55576.56529573 20.856
  94  87.932891  66.085005    11.309    11.463  8 55586.48093610 21.957
  95  87.932328  66.083313    12.317    12.209  8 55596.39657293 19.968
  96  87.933379  66.082272    12.734    12.298  9 55606.31220686 19.275
  97  87.933826  66.082404    13.443    12.787  9 55616.22783865 19.014
  98  87.934610  66.083430    14.263    13.654  8 55626.14348109 17.836
  99  87.930994  66.083952    13.198    12.826  8 55636.05913272 18.161
 100  87.933384  66.083521    17.902    15.045  8 55645.97478283 20.234
 101  87.936095  66.082426    12.958    12.939  9 55655.89043021 16.719
 102  87.934335  66.081880    59.669    59.821  9 55665.80607268  6.442
 103  87.934036  66.082248     5.855     5.830  9 55675.72171231 36.484
 104  87.933411  66.083554    15.114    15.105  9 55685.63735014 35.851
 105  87.932061  66.084926    56.168    54.754  8 55695.55298675 16.513
 106  87.930925  66.085709    61.943    60.606  8 55705.46862212 16.160
 107  87.931581  66.085593    60.137    60.557  7 55715.38427042 11.947
 108  87.932647  66.085512     7.543     7.528  8 55725.29991939 52.768
 109  87.931504  66.086053    57.644    56.601  7 55735.21556628  7.949
 110  87.930462  66.086714    57.793    55.240  7 55745.13121191  7.044
 111  87.929397  66.086443     6.029     5.988  7 55755.04685588 52.690
 112  87.933370  66.084646    59.054    55.460  8 55764.96249798  8.832
 113  87.933639  66.082532    60.409    60.319  8 55774.87813690  8.715
 114  87.935488  66.081359    10.102    10.777 10 55784.79377280 26.502
 115  87.935840  66.082360     5.862     5.862  9 55794.70940630 48.897
 116  87.932224  66.084178    58.409    59.333  8 55804.62504383  8.841
 117  87.933333  66.084792    15.029    14.774  8 55814.54069334 26.663
 118  87.935054  66.083667    62.403    62.685  8 55824.45634066 10.545
 119  87.932498  66.082188    62.128    61.958  9 55834.37198298  9.928
 120  87.938507  66.081376    61.624    62.215  9 55844.28762222 12.591
 121  87.933208  66.082727     5.513     5.516  9 55854.20325745 49.710
 122  87.928850  66.084909     4.511     4.504  8 55864.11889519 51.155
 123  87.930316  66.086116     5.712     5.033  7 55874.03454886 38.737
 124  87.929408  66.086110     6.724     6.854  7 55883.95019698 31.979
 125  87.929830  66.085589    14.164    14.294  8 55893.86583904 23.792
 126  87.930115  66.085350    13.951    14.414  8 55903.78147563 23.179
 127  87.931135  66.086029    14.377    14.135  7 55913.69711436 22.652
 128  87.928437  66.086794    13.691    13.922  8 55923.61276814 22.933
 129  87.928567  66.086554    13.272    13.580  7 55933.52841918 23.429
 130  87.930676  66.084513    14.031    13.692  8 55943.44406596 23.581
 131  87.935953  66.081853    13.066    13.227  9 55953.35970874 22.527
 132  87.937938  66.080736    12.415    12.755  9 55963.27534810 22.870
 133  87.933433  66.082078    13.272    13.170  9 55973.19098501 21.473
 134  87.932807  66.084379    13.452    13.480  8 55983.10662106 23.372
 135  87.928892  66.085482    12.648    12.157  8 55993.02225491 22.775
 136  87.933089  66.084162    14.476    14.573  8 56002.93790437 22.184
 137  87.933562  66.081936    10.494    11.508  9 56012.85355386 24.497
 138  87.937695  66.081027    36.073    38.608  9 56022.76920024  9.640
 139  87.936243  66.082550    30.539    30.321  9 56032.68484340 12.065
 140  87.933188  66.085213    58.567    58.705  8 56042.60048430  7.512
 141  87.928125  66.087016     5.120     5.117  7 56052.51612251 27.645
 142  87.930862  66.086888    12.341    12.319  7 56062.43175844 36.631
 143  87.931251  66.085647    16.765    16.745  7 56072.34739874 30.673
 144  87.930030  66.084989    61.662    62.133  8 56082.26304893 17.487
 145  87.930100  66.085480    13.792    14.042  8 56092.17869671 26.193
 146  87.930732  66.086498    15.704    18.197  7 56102.09434225 25.410
 147  87.928521  66.086337    58.165    56.112  8 56112.00997320  6.998
 148  87.932881  66.084518    11.226    11.771  8 56121.92561281 27.540
 149  87.933404  66.082194     6.226     4.319  9 56131.84124827 29.110
 150  87.938554  66.081049     6.013     6.229  9 56141.75688464 28.172
 151  87.937333  66.082127    65.973    65.966  9 56151.67253538  3.663
 152  87.933166  66.084292    55.073    53.974  8 56161.58818411  6.409
 153  87.930382  66.085402     8.974     9.279  8 56171.50383115 28.755
 154  87.932285  66.084379     3.527     3.530  9 56181.41947422 56.529
 155  87.933790  66.082540     3.767     3.758  9 56191.33511343 52.433
 156  87.936530  66.081642    65.209    65.931  9 56201.25075000 11.700
 157  87.934651  66.083187     4.492     3.380  9 56211.16638396 36.808
 158  87.929948  66.085889     2.524     2.548  7 56221.08201575 53.486
 159  87.926714  66.087690     5.695     6.745  7 56230.99766749 31.672
 160  87.928431  66.087369    17.163    13.533  7 56240.91332055 24.754
 161  87.929942  66.086135    23.099    26.986  7 56250.82896953 23.920
 162  87.930618  66.085065    26.026    24.164  8 56260.74461367 23.047
 163  87.933069  66.085166    31.808    31.405  8 56270.66025559 20.926
 164  87.928828  66.085851    29.160    30.844  8 56280.57589516 19.483
 165  87.929504  66.085858    21.802    21.841  8 56290.49154738 19.149
 166  87.931744  66.084329    17.190    12.948  8 56300.40719560 18.482
 167  87.935466  66.082203    13.912    12.497  9 56310.32283988 18.480
 168  87.935607  66.081227    17.769    15.276  9 56320.23848153 17.176
 169  87.935886  66.082261    17.385    17.221  9 56330.15412242 17.118
 170  87.932623  66.084210    14.832    12.858  8 56340.06976230 17.309
 171  87.930840  66.085365    15.143    15.704  7 56349.98540014 16.269
 172  87.932039  66.084577    14.936    13.399  9 56359.90103730 16.026
 173  87.932687  66.082915    14.835    13.729  8 56369.81668750 15.965
 175  87.933035  66.083856    12.852    13.294  9 56389.64798004 15.004
 176  87.930057  66.086104    13.111    13.146  7 56399.56362302 14.000
 177  87.926878  66.087534    11.249     9.886  7 56409.47926343 13.436
 178  87.930530  66.087245     5.646     5.640  7 56419.39489990 36.267
 179  87.931474  66.086252    19.052    19.001  8 56429.31053479 40.530
 180  87.930457  66.085491    57.634    57.066  7 56439.22618819 13.126
 181  87.933645  66.085243    13.379    13.345  8 56449.14183949 55.020
 182  87.929596  66.085489    12.652    11.424  8 56459.05748793 28.583
 183  87.931526  66.084771     6.777     6.768  8 56468.97313362 48.765
 184  87.934410  66.083700    57.255    54.992  8 56478.88877543  6.041
 185  87.934150  66.082627     5.244     5.243  9 56488.80441303 53.938
 186  87.933668  66.082550     5.170     4.474  8 56498.72004808 28.554
 187  87.934822  66.083212     3.635     3.633  8 56508.63568202 56.642
 188  87.929519  66.084471     5.477     3.633  8 56518.55132109 29.834
 189  87.933201  66.084701     3.670     3.680  8 56528.46697542 51.160
 190  87.930769  66.084454     7.719     8.384  8 56538.38262500 30.542
 191  87.934293  66.083593     5.427     5.436  8 56548.29827106 44.258
 192  87.933884  66.083705    60.025    59.639  9 56558.21391424  7.196
 193  87.934812  66.084734    16.185    17.411  8 56568.12955664 29.457
 194  87.929790  66.086540     7.015     6.239  8 56578.04519718 27.142
 195  87.926976  66.087514     3.485     3.459  7 56587.96083429 52.218
 196  87.927248  66.087223     4.986     4.974  7 56597.87647640 42.986
 197  87.931212  66.086075     5.619     5.658  7 56607.79212819 29.815
 198  87.930184  66.085634     6.557     5.146  8 56617.70777457 19.034
 199  87.929759  66.085585    14.477    14.352  8 56627.62341765 20.817
 200  87.932543  66.085337     8.823     7.963  8 56637.53905822 19.571
 201  87.932459  66.084468    11.845    12.087  8 56647.45470045 18.573
 202  87.932389  66.083218    12.400    12.220  9 56657.37035239 18.411
 203  87.936149  66.082313    16.991    16.759  9 56667.28600037 16.282
 204  87.933481  66.082929    14.446    14.199  9 56677.20164518 15.912
 205  87.930690  66.084079    13.131    12.667  8 56687.11728879 16.363
 206  87.934789  66.084591    14.743    14.931  8 56697.03293097 15.456
 207  87.933953  66.084409    13.717    13.805  8 56706.94856811 15.997
 208  87.933785  66.083832    14.198    14.582  8 56716.86420302 16.228
 209  87.933366  66.083722    32.226    34.261  8 56726.77985605 12.930
 210  87.929368  66.084824    57.601    58.768  8 56736.69550475 12.484
 211  87.930171  66.086408    12.437    12.330  8 56746.61115043 16.794
 212  87.929836  66.087258    52.745    52.962  7 56756.52679167  8.017
 213  87.926811  66.087161     4.510     4.462  7 56766.44242691 24.063
 214  87.928927  66.086205     5.789     5.765  8 56776.35806875 23.110
 215  87.928763  66.085738    12.733    12.728  8 56786.27372521 33.034
 216  87.930002  66.085829    19.486    19.488  7 56796.18937817 51.802
 217  87.930962  66.085961    15.719    15.794  8 56806.10502654 31.952
 218  87.930951  66.085246    57.621    59.056  7 56816.02066833 17.823
 219  87.931163  66.083807    14.674    14.688  8 56825.93630667 56.230
 220  87.934578  66.082490    13.551    13.601  8 56835.85194176 26.765
 221  87.932066  66.082776    58.233    59.901  9 56845.76757304  9.717
 222  87.930625  66.083885     5.317     5.281  8 56855.68322047 31.191
 223  87.929531  66.085028     4.714     4.718  8 56865.59887384 48.884
 224  87.929002  66.085036    60.097    59.861  8 56875.51452629  6.365
 225  87.934205  66.084224     4.959     4.936  8 56885.43017616 43.657
 226  87.931894  66.083532    59.912    60.113  8 56895.34582243 10.439
 227  87.932178  66.083917    54.694    54.600  8 56905.26146582 12.049
 228  87.929953  66.085512    59.174    59.141  8 56915.17710682 12.148
 229  87.926368  66.087327    55.637    55.563  7 56925.09274587 14.091
 230  87.930293  66.087905    61.809    61.121  7 56935.00838269 11.767
 231  87.927564  66.087285     7.929     4.438  7 56944.92401364 31.710
 232  87.931180  66.085603     4.329     4.343  8 56954.83966390 46.729
 233  87.932286  66.084741     4.958     4.903  8 56964.75531368 40.823
 234  87.931948  66.085364    13.474    13.474  8 56974.67095871 23.716
 235  87.931019  66.086339     5.736     4.964  7 56984.58659925 22.381
 236  87.929155  66.086068    10.791    10.964  7 56994.50223460 18.584
 237  87.933805  66.084020    10.214    10.268  8 57004.41787459 18.491
 238  87.937237  66.081871    16.114    15.660  9 57014.33353073 19.217
 239  87.936997  66.081690    12.450    12.279  9 57024.24918167 16.745
 240  87.934865  66.083701    32.167    33.411  8 57034.16483002 15.683
 241  87.932766  66.085629    17.032    13.636  8 57044.08047593 16.905
 242  87.929290  66.085976    24.523    23.081  7 57053.99611907 15.673
 243  87.931654  66.084506    15.064    14.997  8 57063.91175810 16.447
 244  87.932376  66.083515    19.498    19.547  9 57073.82739201 14.375
 245  87.933418  66.084238    14.571    14.498  8 57083.74302234 16.312
 246  87.931588  66.086430    14.039    14.223  7 57093.65867259 17.087
 247  87.927109  66.088378    17.792    17.778  7 57103.57432899 17.269
 248  87.926304  66.088544    14.124    13.722  6 57113.48998180 18.932
 249  87.930226  66.086790    73.384    73.902  7 57123.40562899  6.909
 250  87.933009  66.084896     6.199     6.419  8 57133.32127069 16.319
 251  87.934965  66.084308     5.534     5.546  8 57143.23690768 26.258
 252  87.928712  66.085502    12.670    12.667  8 57153.15254108 35.195
 253  87.930974  66.086432    17.749    17.725  7 57163.06817517 47.439
 254  87.930368  66.086062    58.261    59.333  7 57172.98383220 17.708
 255  87.931960  66.084145    16.547    16.409  8 57182.89948634 29.536
 256  87.932900  66.082176    64.539    63.957  9 57192.81513654 11.277
 257  87.933302  66.081935    63.648    63.477  9 57202.73078411 10.518
 258  87.932733  66.083607    56.694    54.803  9 57212.64641807  9.884
 259  87.929559  66.085731     8.128     9.214  8 57222.56206153 29.843
 260  87.928731  66.086346     4.657     4.658  7 57232.47770367 50.144
 261  87.929083  66.085491     9.501     9.228  8 57242.39334323 29.866
 262  87.933491  66.084150    59.007    55.159  8 57252.30898062  6.653
 263  87.932412  66.084538    56.492    56.771  8 57262.22461578  8.121
 264  87.929679  66.086564    55.678    55.873  7 57272.14025024 11.366
 265  87.926677  66.088505     7.049     6.288  6 57282.05590739 43.592
 266  87.927428  66.088679    10.241     8.872  7 57291.97156243 33.671
 267  87.930264  66.086898    13.037    13.354  7 57301.88721444 29.495
 268  87.930423  66.084646     4.648     4.649  8 57311.80286244 38.039
 269  87.932652  66.083574     4.558     4.490  8 57321.71850732 44.071
 270  87.933794  66.084301     6.115     6.116  8 57331.63414975 39.854
 271  87.931080  66.085805    11.025    11.845  8 57341.54978975 21.751
 272  87.930561  66.085724    14.204    15.001  7 57351.46544098 20.079
 273  87.930964  66.084113    16.164    15.466  8 57361.38108568 18.535
 274  87.937605  66.081943    16.007    17.086  9 57371.29672776 19.984
 275  87.938047  66.081767    14.025    13.734  9 57381.21236722 18.543
 276  87.933100  66.083648    14.513    14.360  8 57391.12800540 17.816
 277  87.929620  66.085829    18.890    20.139  8 57401.04364274 16.955
 278  87.930396  66.086502    25.101    26.342  7 57410.95928359 16.443
 279  87.929673  66.085599    24.612    24.468  8 57420.87493568 16.588
 280  87.934196  66.084652    16.512    17.411  8 57430.79058563 17.109
 281  87.931282  66.085144    15.348    15.606  8 57440.70623288 17.381
 282  87.927443  66.086788    15.323    15.059  7 57450.62187911 18.210
 283  87.928712  66.087935    15.809    16.024  7 57460.53752431 17.894
 284  87.929960  66.087843    20.803    16.056  7 57470.45316622 17.758
 285  87.929147  66.086511    44.008    43.553  7 57480.36880393 13.286
 286  87.932704  66.084857    71.768    71.730  8 57490.28443901  2.593
 287  87.932797  66.084252    74.737    74.717  8 57500.20007175  4.785
 288  87.934321  66.084633     5.920     5.920  8 57510.11571739 26.828
 289  87.931777  66.085164     8.160     7.950  7 57520.03137290 18.312
 290  87.932166  66.085135     9.678     9.626  8 57529.94702601 28.226
 291  87.931222  66.084111    14.984    15.171  8 57539.86267579 27.663
 292  87.932236  66.082871    15.591    15.578  9 57549.77832300 34.077
 293  87.933667  66.082547     9.888     9.870  9 57559.69396886 41.125
 294  87.934869  66.083636     5.714     5.719  8 57569.60961405 34.772
 295  87.932877  66.085168    37.633    32.929  8 57579.52525858 11.093
 296  87.931447  66.086034    55.671    57.414  8 57589.44090157  6.263
 297  87.929356  66.085912     6.740     4.154  7 57599.35654181 27.641
