-161425.281    83.098     0.00    2.46
-161140.115    82.932    -0.58    2.36
-160854.964    82.895    -0.13    2.26
-160569.828    82.742    -0.54    1.96
-160284.705    82.925     0.64    1.76
-159999.598    82.991     0.23    1.79
-159714.505    83.075     0.29    1.69
-159429.426    83.401     1.15    1.77
-159144.361    83.501     0.35    2.07
-158859.312    83.786     1.00    2.16
-158574.276    83.975     0.66    2.23
-158289.255    84.209     0.82    2.11
-158003.608    84.365     0.55    2.06
-157715.375    84.586     0.77    1.92
-157427.157    84.801     0.74    1.75
-157138.954    85.303     1.74    1.83
-156850.767    85.793     1.70    1.90
-156562.596    86.640     2.94    2.48
-156274.440    87.530     3.09    3.00
-155986.300    89.106     5.47    3.74
-155698.176    90.403     4.50    3.73
-155410.067    91.175     2.68    3.33
-155121.974    91.587     1.43    2.95
-154833.896    91.193    -1.37    3.18
-154545.834    90.303    -3.09    3.70
-154257.788    89.138    -4.04    3.81
-153969.757    88.007    -3.93    3.65
-153681.741    87.153    -2.96    3.26
-153393.742    86.814    -1.18    2.96
-153105.758    86.934     0.42    3.20
-152817.789    87.450     1.79    3.21
-152529.836    87.770     1.11    2.83
-152241.899    88.019     0.86    2.40
-151953.977    87.997    -0.07    2.59
-151666.070    87.327    -2.33    2.95
-151378.180    86.416    -3.16    3.17
-151090.304    85.254    -4.04    3.39
-150802.445    83.962    -4.49    3.98
-150514.601    82.509    -5.05    4.71
-150226.772    80.506    -6.96    5.16
-149938.959    78.827    -5.84    4.82
-149651.162    77.325    -5.22    4.47
-149363.380    76.074    -4.35    3.72
-149075.613    74.437    -5.69    3.48
-148787.862    72.993    -5.02    4.11
-148500.127    71.037    -6.80    5.01
-148212.407    68.582    -8.53    5.80
-147924.703    65.974    -9.07    5.60
-147637.014    63.160    -9.78    4.94
-147349.341    60.566    -9.02    4.58
-147061.683    57.898    -9.28    4.84
-146774.041    55.380    -8.75    5.35
-146486.414    52.460   -10.16    6.39
-146198.803    49.463   -10.42    7.68
-145911.207    45.536   -13.66    7.60
-145623.627    41.517   -13.98    6.71
-145336.062    38.574   -10.23    5.84
-145048.513    36.036    -8.83    4.54
-144760.979    34.178    -6.46    3.67
-144473.460    32.835    -4.67    3.35
-144185.958    32.775    -0.21    3.85
-143898.470    32.387    -1.35    3.96
-143610.998    31.544    -2.94    4.31
-143323.542    30.010    -5.33    5.08
-143036.101    27.780    -7.76    6.22
-142748.675    25.434    -8.16    6.59
-142461.265    23.006    -8.45    6.46
-142173.871    20.192    -9.79    5.65
-141886.492    16.876   -11.54    5.57
-141599.128    14.129    -9.56    5.46
-141311.780    11.808    -8.08    5.24
-141024.447     9.914    -6.59    4.90
-140737.130     8.852    -3.69    4.09
-140449.828    10.625     6.17    7.44
-140162.542    15.294    16.25   11.99
-139875.271    21.352    21.09   14.59
-139588.015    26.854    19.15   14.71
-139300.775    32.969    21.29   12.73
-139013.550    38.176    18.13    8.77
-138726.341    40.980     9.76    6.17
-138439.147    42.796     6.32    5.17
-138151.969    44.497     5.92    4.46
-137864.806    46.306     6.30    4.27
-137577.658    47.375     3.72    3.70
-137290.526    48.503     3.93    3.28
-137003.409    49.892     4.84    3.22
-136716.307    51.138     4.34    3.00
-136429.221    52.121     3.43    2.90
-136142.151    52.791     2.33    2.72
-135855.096    53.482     2.41    2.76
-135568.056    54.388     3.16    2.72
-135281.031    55.264     3.05    2.38
-134994.022    55.946     2.38    2.56
-134707.029    56.602     2.29    2.33
-134420.050    56.951     1.22    2.19
-134133.087    57.067     0.41    1.85
-133846.140    57.106     0.14    1.92
-133559.207    57.000    -0.37    1.91
-133272.291    56.689    -1.08    1.94
-132985.389    56.414    -0.96    2.05
-132698.503    55.878    -1.87    1.96
-132411.632    55.281    -2.08    1.89
-132124.777    54.835    -1.56    1.83
-131837.937    54.634    -0.70    2.19
-131551.112    53.818    -2.84    2.51
-131264.303    52.654    -4.06    3.56
-130977.509    51.091    -5.45    4.48
-130690.730    49.176    -6.68    5.29
-130403.967    46.487    -9.38    6.19
-130117.219    43.518   -10.35    6.11
-129830.486    40.239   -11.44    5.72
-129543.769    37.640    -9.06    5.25
-129257.067    35.384    -7.87    4.42
-128970.380    33.052    -8.13    4.11
-128683.708    31.377    -5.84    3.55
-128397.052    30.405    -3.39    3.54
-128110.412    29.863    -1.89    3.44
-127823.786    29.791    -0.25    3.48
-127537.176    29.916     0.44    3.55
-127250.581    30.610     2.42    3.20
-126964.001    31.395     2.74    2.53
-126677.437    31.685     1.01    2.16
-126390.888    31.225    -1.60    1.82
-126104.354    30.701    -1.83    1.53
-125817.836    30.528    -0.61    1.45
-125531.333    30.541     0.05    1.58
-125244.845    30.328    -0.74    1.55
-124958.373    30.536     0.72    1.68
-124671.915    30.715     0.63    1.85
-124385.473    31.004     1.01    2.09
-124099.047    31.371     1.28    2.12
-123812.635    31.376     0.02    2.05
-123526.239    31.827     1.57    2.05
-123239.858    31.988     0.56    1.91
-122953.492    32.012     0.08    2.01
-122667.142    31.755    -0.90    2.02
-122380.807    31.539    -0.75    1.93
-122094.487    31.732     0.67    2.03
-121808.182    31.792     0.21    2.09
-121521.892    31.990     0.69    2.05
-121235.618    32.455     1.63    1.90
-120949.359    32.864     1.43    1.76
-120663.115    33.169     1.06    1.76
-120376.887    33.426     0.90    1.73
-120090.674    33.346    -0.28    1.65
-119804.476    33.378     0.11    1.60
-119518.293    33.377    -0.00    1.71
-119232.125    33.269    -0.38    1.61
-118945.973    33.051    -0.76    1.66
-118659.835    32.489    -1.97    1.69
-118373.713    31.762    -2.54    2.21
-118087.607    31.068    -2.43    2.90
-117801.515    30.216    -2.98    3.10
-117515.439    29.576    -2.24    2.95
-117229.378    29.193    -1.34    2.81
-116943.332    29.090    -0.36    2.53
-116657.301    28.817    -0.96    2.60
-116371.285    28.754    -0.22    2.64
-116085.285    28.243    -1.79    2.68
-115799.299    27.447    -2.78    3.35
-115513.329    26.512    -3.27    4.32
-115227.375    25.277    -4.32    4.99
-114941.435    24.177    -3.85    5.10
-114655.510    22.810    -4.78    5.15
-114369.601    21.924    -3.10    5.01
-114083.707    21.640    -0.99    4.83
-113797.828    21.854     0.75    4.85
-113511.964    21.897     0.15    6.29
-113226.115    22.794     3.14    6.73
-112940.281    23.487     2.43    6.92
-112654.463    24.591     3.86    7.10
-112368.660    25.598     3.53    6.81
-112082.872    27.030     5.01    6.25
-111797.099    28.162     3.96    5.97
-111511.341    28.352     0.66    5.79
-111225.598    28.481     0.45    5.55
-110939.871    27.520    -3.36    6.25
-110654.158    26.786    -2.57    6.57
-110368.461    25.778    -3.53    6.54
-110082.779    24.622    -4.05    6.31
-109797.111    24.210    -1.44    5.77
-109511.459    23.903    -1.08    5.26
-109225.823    24.512     2.13    4.95
-108940.201    25.917     4.92    4.80
-108654.594    26.897     3.43    4.60
-108369.003    27.794     3.14    4.52
-108083.426    28.289     1.73    4.26
-107797.865    28.594     1.07    3.87
-107512.319    28.685     0.32    3.40
-107226.788    28.662    -0.08    3.03
-106941.272    28.717     0.19    2.74
-106655.771    28.726     0.03    2.63
-106370.285    29.027     1.06    2.75
-106084.814    29.312     1.00    2.98
-105799.358    29.836     1.84    3.33
-105513.918    30.572     2.58    3.21
-105228.492    32.067     5.24    3.73
-104943.082    33.705     5.74    4.30
-104657.686    35.083     4.83    4.34
-104372.306    36.074     3.47    3.99
-104086.941    37.030     3.35    3.68
-103801.590    37.701     2.35    3.34
-103516.255    37.935     0.82    3.18
-103230.935    37.752    -0.64    3.01
-102945.630    37.649    -0.36    2.96
-102660.340    37.606    -0.15    2.84
-102375.065    37.546    -0.21    2.82
-102089.805    37.594     0.17    2.45
-101804.560    37.622     0.10    2.24
-101519.331    37.509    -0.40    2.33
-101234.116    36.511    -3.50    2.93
-100948.916    36.098    -1.45    2.97
-100663.731    36.225     0.45    3.24
-100378.561    36.338     0.40    3.33
-100093.407    36.483     0.51    3.40
 -99808.267    36.421    -0.22    3.53
 -99523.142    36.488     0.23    3.52
 -99238.033    36.953     1.63    3.51
 -98952.938    37.424     1.65    3.37
 -98667.858    37.269    -0.54    3.24
 -98382.794    37.193    -0.26    3.51
 -98097.744    37.411     0.76    3.50
 -97812.710    37.468     0.20    3.53
 -97527.690    37.365    -0.36    3.42
 -97242.685    37.376     0.04    3.20
 -96957.696    37.950     2.01    3.15
 -96672.721    38.356     1.42    3.13
 -96387.761    38.468     0.39    3.34
 -96101.817    38.221    -0.86    3.89
 -95813.517    38.098    -0.43    3.82
 -95525.234    37.833    -0.92    3.96
 -95236.967    37.323    -1.77    3.84
 -94948.716    36.511    -2.82    4.42
 -94660.481    35.703    -2.80    4.69
 -94372.262    35.292    -1.43    4.79
 -94084.060    34.594    -2.42    5.23
 -93795.873    32.817    -6.17    6.43
 -93507.703    31.495    -4.59    7.11
 -93219.549    30.175    -4.58    7.31
 -92931.411    29.324    -2.95    7.53
 -92643.290    28.012    -4.55    7.15
 -92355.184    26.862    -3.99    6.71
 -92067.095    26.598    -0.92    6.24
 -91779.021    26.637     0.14    5.64
 -91490.964    27.114     1.66    5.60
 -91202.923    27.333     0.76    5.17
 -90914.899    27.240    -0.32    4.96
 -90626.890    27.260     0.07    4.47
 -90338.897    26.091    -4.06    5.45
 -90050.921    24.384    -5.93    5.58
 -89762.961    23.144    -4.30    5.00
 -89475.017    22.019    -3.91    4.36
 -89187.089    21.082    -3.25    3.69
 -88899.177    19.850    -4.28    2.88
 -88611.281    19.495    -1.23    3.02
 -88323.401    19.060    -1.51    3.18
 -88035.538    18.686    -1.30    3.23
 -87747.690    17.471    -4.22    3.48
 -87459.859    16.398    -3.73    3.86
 -87172.044    15.403    -3.46    3.78
 -86884.244    14.370    -3.59    4.02
 -86596.461    13.386    -3.42    3.88
 -86308.694    12.468    -3.19    3.34
 -86020.943    12.098    -1.29    3.47
 -85733.209    11.360    -2.57    4.35
 -85445.490     9.666    -5.89    6.24
 -85157.787     9.400    -0.93    7.07
 -84870.101     9.225    -0.61    7.90
 -84582.430     9.613     1.35    8.17
 -84294.776    10.514     3.13    8.48
 -84007.137    11.907     4.84    8.72
 -83719.515    14.995    10.74    7.34
 -83431.908    18.305    11.51    5.14
 -83144.318    19.644     4.66    5.26
 -82856.744    20.240     2.07    5.34
 -82569.186    21.300     3.69    4.84
 -82281.644    22.510     4.21    3.64
 -81994.118    23.342     2.90    3.65
 -81706.608    23.621     0.97    3.68
 -81419.113    24.258     2.22    3.98
 -81131.636    24.881     2.17    3.74
 -80844.174    25.090     0.73    3.64
 -80556.728    25.303     0.74    3.54
 -80269.298    25.067    -0.82    3.58
 -79981.884    24.993    -0.26    3.41
 -79694.486    24.833    -0.56    3.14
 -79407.104    24.574    -0.90    2.88
 -79119.738    24.385    -0.66    2.96
 -78832.388    24.554     0.59    2.79
 -78545.054    25.235     2.37    3.18
 -78257.736    25.556     1.12    3.15
 -77970.435    25.838     0.98    3.19
 -77683.149    26.318     1.67    3.28
 -77395.879    26.531     0.74    3.26
 -77108.625    26.828     1.03    3.22
 -76821.387    26.904     0.26    3.52
 -76534.165    27.474     1.98    3.78
 -76246.959    27.534     0.21    3.69
 -75959.769    28.082     1.91    3.85
 -75672.595    28.618     1.86    3.98
 -75385.437    29.793     4.09    3.95
 -75098.295    30.892     3.83    4.01
 -74811.168    31.698     2.81    4.25
 -74524.058    32.583     3.08    4.03
 -74236.964    32.630     0.17    4.59
 -73949.885    31.778    -2.97    5.69
 -73662.823    31.783     0.02    5.97
 -73375.777    30.711    -3.74    6.39
 -73088.746    30.504    -0.72    6.37
 -72801.732    30.050    -1.58    6.82
 -72514.733    30.144     0.33    7.25
 -72227.750    30.993     2.96    6.96
 -71940.783    31.465     1.64    6.58
 -71653.833    31.338    -0.44    6.67
 -71366.898    30.531    -2.81    7.11
 -71079.979    29.455    -3.75    7.40
 -70793.075    28.034    -4.95    7.63
 -70506.188    26.571    -5.10    7.42
 -70219.317    24.741    -6.38    7.17
 -69932.461    23.749    -3.46    6.62
 -69645.622    24.051     1.05    6.11
 -69358.798    24.058     0.03    5.30
 -69071.991    24.214     0.54    4.81
 -68785.199    24.122    -0.32    4.33
 -68498.423    24.959     2.92    4.50
 -68211.663    26.145     4.14    4.44
 -67924.919    27.336     4.15    4.47
 -67638.190    28.587     4.36    4.00
 -67351.478    29.586     3.49    3.41
 -67064.781    29.780     0.68    4.32
 -66778.101    30.260     1.67    4.55
 -66491.436    29.978    -0.98    4.87
 -66204.787    29.572    -1.42    4.94
 -65918.154    28.962    -2.13    4.56
 -65631.536    28.522    -1.54    4.27
 -65344.935    27.806    -2.50    4.06
 -65058.349    27.074    -2.55    3.33
 -64771.780    26.765    -1.08    2.91
 -64485.226    26.405    -1.26    2.44
 -64198.688    26.547     0.50    2.28
 -63912.166    26.684     0.48    2.32
 -63625.659    26.987     1.06    2.51
 -63339.169    27.083     0.33    2.71
 -63052.694    27.163     0.28    2.80
 -62766.235    27.470     1.07    2.89
 -62479.792    27.634     0.57    2.93
 -62193.365    27.773     0.48    2.98
 -61906.953    28.222     1.57    3.07
 -61620.558    28.358     0.47    2.93
 -61334.178    28.552     0.68    2.87
 -61047.814    29.356     2.81    2.65
 -60761.466    29.864     1.77    2.62
 -60475.133    30.037     0.61    2.96
 -60188.817    31.003     3.37    3.41
 -59902.516    32.067     3.72    3.76
 -59616.231    32.559     1.72    3.61
 -59329.961    32.439    -0.42    3.67
 -59043.708    32.568     0.45    3.68
 -58757.470    32.334    -0.82    3.37
 -58471.248    32.152    -0.64    3.19
 -58185.042    31.356    -2.78    2.87
 -57898.852    31.186    -0.60    2.54
 -57612.677    32.201     3.55    3.14
 -57326.518    33.018     2.86    3.40
 -57040.375    33.020     0.01    3.41
 -56754.248    33.234     0.75    3.42
 -56468.136    33.952     2.51    3.38
 -56182.040    34.693     2.59    3.34
 -55895.960    35.297     2.11    3.43
 -55609.896    35.509     0.74    3.24
 -55323.847    35.686     0.62    3.16
 -55037.814    35.686     0.00    3.09
 -54751.797    35.932     0.86    3.06
 -54465.796    36.330     1.39    3.91
 -54179.810    36.651     1.12    3.96
 -53893.840    36.749     0.34    4.00
 -53607.886    37.610     3.01    4.10
 -53321.947    38.242     2.21    3.77
 -53036.024    37.328    -3.20    4.86
 -52750.117    35.767    -5.46    5.78
 -52464.226    34.610    -4.05    6.15
 -52178.350    33.622    -3.46    6.07
 -51892.490    32.639    -3.44    5.78
 -51606.646    31.850    -2.76    4.95
 -51320.817    31.610    -0.84    4.86
 -51035.004    32.913     4.56    4.37
 -50749.207    33.060     0.51    4.04
 -50463.426    32.266    -2.78    4.92
 -50177.660    30.549    -6.01    5.80
 -49891.910    29.098    -5.08    6.06
 -49606.175    27.530    -5.49    5.75
 -49320.456    26.136    -4.88    4.61
 -49034.753    24.922    -4.25    3.87
 -48749.066    24.294    -2.20    3.11
 -48463.394    24.614     1.12    3.14
 -48177.738    25.026     1.44    2.92
 -47892.097    25.483     1.60    3.31
 -47606.473    26.626     4.00    3.91
 -47320.863    27.833     4.22    4.71
 -47035.270    28.658     2.89    4.73
 -46749.692    29.988     4.66    5.10
 -46464.130    31.447     5.11    4.49
 -46178.583    32.090     2.25    4.03
 -45893.052    31.749    -1.19    5.26
 -45607.537    30.810    -3.29    6.01
 -45322.037    29.719    -3.82    6.16
 -45036.553    28.484    -4.33    6.01
 -44751.085    27.392    -3.83    5.08
 -44465.632    26.762    -2.21    4.47
 -44180.194    26.866     0.36    4.27
 -43894.773    26.934     0.24    4.20
 -43609.367    26.811    -0.43    4.05
 -43323.976    26.356    -1.59    3.34
 -43038.602    25.914    -1.55    3.45
 -42753.243    24.832    -3.79    2.34
 -42467.899    24.098    -2.57    1.95
 -42182.571    23.314    -2.75    1.80
 -41897.259    23.177    -0.48    3.10
 -41611.962    22.733    -1.56    3.48
 -41326.681    21.921    -2.85    3.64
 -41041.415    21.517    -1.42    3.55
 -40756.165    20.889    -2.20    3.22
 -40470.930    20.176    -2.50    2.69
 -40185.712    19.692    -1.70    2.66
 -39900.508    19.482    -0.74    2.87
 -39615.320    19.419    -0.22    3.21
 -39330.148    19.082    -1.18    3.21
 -39044.992    19.201     0.42    3.43
 -38759.851    19.571     1.30    3.38
 -38474.725    20.426     3.00    3.04
 -38189.615    20.943     1.81    2.83
 -37904.521    21.808     3.03    3.00
 -37619.442    23.153     4.72    3.03
 -37334.378    24.344     4.18    2.59
 -37049.331    25.273     3.26    2.27
 -36764.298    25.840     1.99    2.00
 -36479.282    26.416     2.02    1.82
 -36194.280    27.052     2.23    1.81
 -35909.295    27.501     1.58    1.80
 -35624.325    28.878     4.83    3.68
 -35339.370    30.344     5.15    4.47
 -35054.431    31.322     3.43    4.38
 -34769.507    31.726     1.42    3.98
 -34484.599    32.098     1.31    3.77
 -34198.308    32.330     0.81    3.28
 -33909.946    32.591     0.90    2.62
 -33621.601    32.930     1.18    2.02
 -33333.273    33.364     1.50    1.90
 -33044.961    33.930     1.96    1.78
 -32756.666    34.264     1.16    1.96
 -32468.387    34.831     1.97    2.14
 -32180.126    35.510     2.36    2.57
 -31891.881    36.004     1.72    2.85
 -31603.652    36.551     1.89    2.89
 -31315.441    37.342     2.75    2.88
 -31027.246    37.959     2.14    2.78
 -30739.068    38.514     1.93    2.97
 -30450.907    38.796     0.98    3.06
 -30162.762    39.028     0.81    3.07
 -29874.634    39.421     1.36    3.06
 -29586.523    40.075     2.27    3.13
 -29298.428    40.330     0.89    2.85
 -29010.350    40.415     0.30    2.59
 -28722.289    40.091    -1.13    2.12
 -28434.245    39.614    -1.65    1.69
 -28146.217    39.313    -1.05    1.62
 -27858.205    39.137    -0.61    1.50
 -27570.211    39.114    -0.08    1.49
 -27282.233    39.161     0.16    1.52
 -26994.272    39.188     0.09    1.51
 -26706.327    39.251     0.22    1.54
 -26418.399    39.215    -0.13    1.51
 -26130.488    39.001    -0.74    1.33
 -25842.594    38.708    -1.02    1.24
 -25554.716    38.298    -1.42    1.16
 -25266.854    37.959    -1.18    1.24
 -24979.010    37.614    -1.20    1.27
 -24691.182    37.171    -1.54    1.29
 -24403.370    36.901    -0.94    1.32
 -24115.576    36.954     0.18    1.48
 -23827.797    37.202     0.86    1.78
 -23540.036    37.327     0.43    1.84
 -23252.291    37.389     0.21    1.90
 -22964.563    37.130    -0.90    2.40
 -22676.851    36.563    -1.97    2.88
 -22389.156    35.922    -2.23    3.07
 -22101.478    34.700    -4.25    3.48
 -21813.816    33.160    -5.35    4.91
 -21526.170    31.146    -7.00    6.23
 -21238.542    29.416    -6.02    7.55
 -20950.930    26.816    -9.04    9.09
 -20663.334    23.844   -10.33   10.66
 -20375.755    20.700   -10.93   11.80
 -20088.193    16.695   -13.93   11.77
 -19800.647    13.972    -9.47   11.90
 -19513.118    11.930    -7.10   11.52
 -19225.605     9.751    -7.58   10.13
 -18938.109     7.122    -9.15    6.16
 -18650.630     5.642    -5.15    3.60
 -18363.167     5.457    -0.64    3.80
 -18075.720     5.034    -1.47    3.53
 -17788.290     5.090     0.19    3.05
 -17500.877     5.465     1.30    2.93
 -17213.480     6.042     2.01    2.90
 -16926.100     6.815     2.69    2.78
 -16638.737     7.242     1.49    2.47
 -16351.389     7.114    -0.44    2.59
 -16064.059     6.548    -1.97    2.70
 -15776.745     6.139    -1.42    2.76
 -15489.447     5.905    -0.82    2.86
 -15202.166     5.703    -0.70    2.78
 -14914.902     5.921     0.76    2.77
 -14627.654     6.137     0.75    2.70
 -14340.422     6.594     1.59    2.83
 -14053.207     6.679     0.29    2.48
 -13766.009     7.184     1.76    2.85
 -13478.827     7.754     1.99    3.45
 -13191.661     8.614     2.99    4.44
 -12904.512     9.801     4.14    5.08
 -12617.380    11.518     5.98    5.17
 -12330.264    13.167     5.75    5.11
 -12043.164    15.378     7.70    4.89
 -11756.081    16.810     4.99    4.75
 -11469.014    17.393     2.03    5.09
 -11181.964    18.106     2.49    5.61
 -10894.931    18.654     1.91    6.15
 -10607.913    19.602     3.30    7.05
 -10320.913    19.987     1.34    8.54
 -10033.928    20.200     0.74    9.51
  -9746.961    20.397     0.69   10.63
  -9460.009    19.770    -2.18   11.56
  -9173.074    19.034    -2.57   12.19
  -8886.156    17.711    -4.61   12.76
  -8599.254    16.168    -5.38   13.24
  -8312.368    14.792    -4.80   13.10
  -8025.499    13.933    -2.99   12.59
  -7738.646    12.801    -3.94   12.11
  -7451.810    12.397    -1.41   12.81
  -7164.990    12.161    -0.82   13.42
  -6878.187    11.067    -3.81   14.28
  -6591.400    10.735    -1.16   15.37
  -6304.629     9.739    -3.47   15.70
  -6017.875     7.316    -8.45   14.68
  -5731.137     5.410    -6.65   12.87
  -5444.416     3.571    -6.42   10.87
  -5157.711     1.808    -6.15    8.10
  -4871.022    -0.256    -7.20    3.43
  -4584.350    -0.765    -1.77    1.22
  -4297.694    -0.886    -0.42    0.12
  -4011.055    -0.760     0.44    1.26
  -3724.432    -0.755     0.02    1.28
  -3437.825    -0.863    -0.38    0.23
  -3151.235    -0.894    -0.11    0.09
  -2864.661    -0.902    -0.03    0.00
  -2578.103    -0.902     0.00    0.00
  -2291.562    -0.902     0.00    0.00
  -2005.037    -0.902     0.00    0.00
  -1718.529    -0.886     0.05    0.18
  -1432.037    -0.870     0.06    0.22
  -1145.561    -0.335     1.87    3.40
   -859.102    -0.007     1.14    4.43
   -572.659     0.928     3.26    6.25
   -286.232     2.163     4.31    9.00
      0.178     5.010     9.94   14.13
    286.573     6.959     6.81   15.94
    572.950     9.074     7.39   17.45
    859.312    10.418     4.69   17.70
   1145.657    13.525    10.85   19.74
   1431.985    15.034     5.27   20.35
   1718.298    18.587    12.41   23.16
   2004.594    23.738    17.99   26.65
   2290.874    29.106    18.75   28.93
   2577.137    33.468    15.24   30.06
   2863.384    38.211    16.57   31.30
   3149.615    40.325     7.38   31.45
   3435.830    41.408     3.78   31.19
   3722.028    43.806     8.38   31.66
   4008.210    47.013    11.21   32.12
   4294.376    50.977    13.85   32.25
   4580.525    52.770     6.27   32.77
   4866.658    54.517     6.10   31.96
   5152.775    57.330     9.83   30.81
   5438.875    61.122    13.25   30.17
   5724.960    65.554    15.49   27.71
   6011.028    67.154     5.60   26.43
   6297.079    69.191     7.12   24.63
   6583.115    73.437    14.84   21.08
   6869.134    76.801    11.76   20.12
   7155.137    78.324     5.32   19.68
   7441.124    77.024    -4.54   21.83
   7727.094    74.152   -10.04   25.91
   8013.049    70.526   -12.68   29.32
   8298.987    62.875   -26.76   34.01
   8584.908    55.460   -25.93   35.50
   8870.814    47.905   -26.43   36.30
   9156.703    40.804   -24.84   36.84
   9442.576    34.269   -22.86   36.37
   9728.433    26.058   -28.72   34.35
  10014.274    18.362   -26.92   31.11
  10300.098    10.397   -27.87   24.81
  10585.906     5.712   -16.39   19.26
  10871.698     0.586   -17.94    7.23
  11157.474    -0.122    -2.48    2.40
  11443.233     1.090     4.24    5.72
  11728.977     2.977     6.60    8.91
  12014.704     5.036     7.20   11.35
  12300.415     6.706     5.85   12.77
  12586.110     8.391     5.90   14.21
  12871.788    10.098     5.98   15.16
  13157.450    10.977     3.08   15.23
  13443.097    12.042     3.73   14.87
  13728.727    13.932     6.62   15.07
  14014.341    15.350     4.97   14.33
  14299.938    19.366    14.06   15.19
  14585.520    22.293    10.25   15.50
  14871.085    25.367    10.76   15.09
  15156.634    28.730    11.78   15.09
  15442.167    31.692    10.37   16.52
  15727.684    36.671    17.44   18.75
  16013.185    42.276    19.63   20.04
  16298.669    48.698    22.50   20.80
  16584.138    54.575    20.59   19.57
  16869.590    59.897    18.64   16.43
  17155.026    64.333    15.54   12.62
  17440.446    67.258    10.25   10.69
  17725.850    70.372    10.91    7.63
  18011.238    71.334     3.37    6.51
  18296.609    69.432    -6.67    8.43
  18581.965    66.261   -11.11   11.68
  18867.304    62.598   -12.84   13.28
  19152.628    58.415   -14.66   13.47
  19437.935    55.029   -11.87   11.65
  19723.226    53.367    -5.83    9.82
  20008.501    53.566     0.70    9.41
  20293.759    55.701     7.49    9.59
  20579.002    59.497    13.31   10.07
  20864.229    63.563    14.26    9.11
  21149.439    66.911    11.74    7.48
  21434.634    69.897    10.47    6.19
  21719.812    72.026     7.47    5.56
  22004.974    73.927     6.67    4.90
  22290.121    75.252     4.65    4.69
  22575.251    75.203    -0.17    6.10
  22860.365    72.471    -9.58   10.08
  23145.463    66.881   -19.61   16.63
  23430.545    58.880   -28.06   21.17
  23715.611    49.295   -33.62   22.49
  24000.660    41.162   -28.53   20.50
  24285.694    32.762   -29.47   14.78
  24570.712    27.287   -19.21    6.16
  24855.713    26.461    -2.90    4.61
  25140.699    27.512     3.69    5.51
  25425.668    29.285     6.22    5.74
  25710.622    31.277     6.99    5.54
  25995.559    33.161     6.61    5.68
  26280.481    35.316     7.56    5.69
  26565.386    37.860     8.93    5.56
  26850.276    39.701     6.46    5.81
  27135.149    41.533     6.43    6.08
  27420.006    43.555     7.10    6.66
  27706.685    45.090     5.35    7.62
  27995.107    46.193     3.82    8.40
  28283.513    47.262     3.71    9.22
  28571.901    47.570     1.07   10.11
  28860.272    47.465    -0.36   10.29
  29148.626    46.932    -1.85   10.20
  29436.962    45.840    -3.79    8.72
  29725.281    46.379     1.87    7.91
  30013.583    46.861     1.67    7.43
  30301.868    46.619    -0.84    8.13
  30590.135    45.996    -2.16    8.91
  30878.385    45.155    -2.92    9.52
  31166.618    43.686    -5.10    9.69
  31454.834    41.749    -6.72    9.24
  31743.033    39.993    -6.09    7.82
  32031.214    41.183     4.13    9.03
  32319.378    44.836    12.68   12.50
  32607.525    51.885    24.46   16.49
  32895.654    60.021    28.24   18.76
  33183.767    68.472    29.33   18.02
  33471.862    75.310    23.73   14.89
  33759.940    81.215    20.50    9.90
  34048.001    84.220    10.43    6.89
  34336.045    85.828     5.58    5.18
  34624.071    86.754     3.22    5.25
  34912.080    88.445     5.87    6.42
  35200.072    89.909     5.08    7.34
  35488.047    91.678     6.14    7.66
  35776.005    92.316     2.22    7.35
  36063.945    92.736     1.46    9.21
  36351.869    92.437    -1.04   11.33
  36639.775    92.242    -0.68   13.46
  36927.664    90.176    -7.18   16.07
  37215.536    86.493   -12.79   19.14
  37503.391    81.400   -17.69   22.32
  37791.228    75.571   -20.25   23.62
  38079.049    71.287   -14.89   23.55
  38366.852    65.884   -18.77   20.38
  38654.638    64.178    -5.93   17.28
  38942.407    62.984    -4.15   16.27
  39230.159    65.043     7.15   17.00
  39517.894    68.684    12.65   16.06
  39805.611    71.590    10.10   14.10
  40093.312    76.209    16.06   14.52
  40380.995    79.179    10.32   14.96
  40668.662    83.594    15.35   14.45
  40956.311    87.348    13.05   13.28
  41243.943    87.442     0.33   13.40
  41531.558    85.618    -6.34   14.93
  41819.156    82.374   -11.28   15.07
  42106.736    78.885   -12.13   13.49
  42394.300    79.019     0.47   12.39
  42681.847    79.738     2.50   11.70
  42969.376    83.383    12.68   13.38
  43256.889    87.374    13.88   13.56
  43544.384    91.746    15.21   11.41
  43831.862    95.895    14.43    9.61
  44119.323    99.297    11.83    8.87
  44406.768   102.537    11.27    9.19
  44694.195   104.138     5.57    9.53
  44981.605   104.495     1.24    9.85
  45268.998   104.308    -0.65   11.07
  45556.373   104.551     0.84   11.88
  45843.732   103.770    -2.72   12.55
  46131.074   102.066    -5.93   12.26
  46418.399    99.854    -7.70   12.42
  46705.707    98.324    -5.33   11.88
  46992.997    99.866     5.37   12.86
  47280.271   103.147    11.42   16.39
  47567.528   108.828    19.78   20.18
  47854.767   115.358    22.73   22.04
  48141.990   123.098    26.95   20.67
  48429.196   131.350    28.73   15.75
  48716.384   137.098    20.01   10.27
  49003.556   140.537    11.98    7.57
  49290.710   142.666     7.41    7.28
  49577.848   145.224     8.91    7.61
  49864.969   148.348    10.88    7.77
  50152.072   151.311    10.32    7.72
  50439.159   154.308    10.44    6.86
  50726.228   156.713     8.38    6.13
  51013.281   158.594     6.55    5.20
  51300.317   160.367     6.17    4.65
  51587.335   161.171     2.80    4.03
  51874.337   161.904     2.55    3.79
  52161.322   163.297     4.85    2.86
  52448.290   163.655     1.25    2.48
  52735.240   164.067     1.44    2.32
  53022.174   164.703     2.22    3.25
  53309.091   165.760     3.68    4.05
  53595.991   167.614     6.46    4.87
  53882.874   170.480     9.99    6.56
  54169.740   173.300     9.83    7.89
  54456.589   177.324    14.03    8.84
  54743.421   181.130    13.27    8.81
  55030.237   184.846    12.95    8.69
  55317.035   187.792    10.27    7.74
  55603.816   189.929     7.45    6.48
  55890.581   191.317     4.84    5.62
  56177.328   191.993     2.36    4.80
  56464.059   191.909    -0.29    5.35
  56750.773   190.318    -5.55    6.35
  57037.470   185.656   -16.26   10.15
  57324.150   181.004   -16.23   12.72
  57610.813   176.284   -16.47   13.39
  57897.459   172.295   -13.91   12.87
  58184.088   168.972   -11.59   10.12
  58470.700   168.738    -0.82    8.40
  58757.296   170.432     5.91    9.22
  59043.874   174.762    15.11   12.29
  59330.436   180.451    19.85   14.90
  59616.981   187.413    24.30   15.83
  59903.509   194.590    25.05   15.10
  60190.020   202.004    25.87   12.93
  60476.514   207.879    20.51   11.01
  60762.992   213.348    19.09   10.82
  61049.452   217.473    14.40   11.73
  61335.896   222.768    18.48   12.46
  61622.323   227.229    15.58   12.94
  61908.733   232.358    17.91   12.19
  62195.126   237.811    19.04   10.58
  62481.502   242.262    15.54    8.01
  62767.862   245.429    11.06    5.84
  63054.204   248.214     9.73    4.19
  63340.530   250.232     7.05    3.70
  63626.839   251.035     2.80    3.25
  63913.131   251.784     2.62    3.94
  64199.406   252.819     3.62    4.98
  64485.665   253.582     2.67    5.64
  64771.907   253.993     1.43    6.09
  65058.132   253.828    -0.57    6.83
  65344.340   252.228    -5.59    8.02
  65630.531   250.978    -4.37    8.89
  65916.706   249.622    -4.74    8.70
  66202.863   248.557    -3.72    8.08
  66489.004   248.059    -1.74    7.76
  66775.128   247.114    -3.30    6.92
  67061.236   246.413    -2.45    6.41
  67347.326   245.579    -2.92    6.40
  67633.400   244.811    -2.68    5.99
  67919.457   244.179    -2.21    6.18
  68205.497   243.256    -3.23    6.81
  68491.521   241.630    -5.68    7.11
  68777.528   240.587    -3.65    6.60
  69063.518   239.510    -3.77    5.69
  69349.491   239.205    -1.07    4.87
  69635.447   238.731    -1.66    4.53
  69921.387   238.379    -1.23    4.34
  70207.310   238.098    -0.98    4.09
  70493.216   237.458    -2.24    4.07
  70779.106   236.784    -2.36    3.99
  71064.979   235.781    -3.51    3.72
  71350.835   235.227    -1.94    3.36
  71636.674   234.804    -1.48    3.37
  71922.497   234.482    -1.12    3.26
  72208.302   234.398    -0.29    3.00
