#   71.317  -4.881   8.282 ;Mean Elev.(m), Avg Gradient(m/km), RMS Gradient(m/km) - SRTM1     
#   57.805  -4.997   9.208 ;Mean Elev.(m), Avg Gradient(m/km), RMS Gradient(m/km) - ASTER GDEM
#   68.861  -5.017   8.403 ;Mean Elev.(m), Avg Gradient(m/km), RMS Gradient(m/km) - GMTED2010 
   1    70.071 54668.14680876 28.75  92.278493  58.395659  9.446 -100.00 -100.00 -100.00
   1    70.121 54668.14680935 30.03  92.282273  58.397385 11.642 -100.00 -100.00 -100.00
   1    70.028 54668.14680994 30.05  92.286055  58.399110 11.128 -100.00 -100.00 -100.00
   2    69.881 54678.06245275 34.84  92.274950  58.395654 21.666 -100.00 -100.00 -100.00
   2    70.566 54678.06245334 39.79  92.278731  58.397380 24.439 -100.00 -100.00 -100.00
   2    69.985 54678.06245393 51.28  92.282512  58.399105   -100 -100.00 -100.00 -100.00
   3    96.720 54687.97809607 10.82  92.275553  58.397592 17.218 -100.00 -100.00 -100.00
   3    96.906 54687.97809667  7.36  92.279334  58.399318 10.582 -100.00 -100.00 -100.00
   3    96.203 54687.97809726  7.43  92.283115  58.401043 10.196 -100.00 -100.00 -100.00
   4    70.189 54697.89373738 36.81  92.277262  58.398320 21.017 -100.00 -100.00 -100.00
   4    69.115 54697.89373797 39.93  92.281043  58.400045  7.258 -100.00 -100.00 -100.00
   4    69.345 54697.89373856 28.80  92.284824  58.401771 22.101 -100.00 -100.00 -100.00
   5    96.281 54707.80937930 11.46  92.278647  58.396933  6.679 -100.00 -100.00 -100.00
   5   126.056 54707.80937989  9.58  92.282428  58.398659  3.637 -100.00 -100.00 -100.00
   5   124.332 54707.80938048 12.00  92.286209  58.400384  6.314 -100.00 -100.00 -100.00
   6    69.848 54717.72503051 38.59  92.276862  58.394615 23.347 -100.00 -100.00 -100.00
   6    69.394 54717.72503110 40.13  92.280642  58.396340   -100 -100.00 -100.00 -100.00
   6    69.634 54717.72503169 44.29  92.284423  58.398066   -100 -100.00 -100.00 -100.00
   7    70.527 54727.64067968 34.25  92.277691  58.393707 21.698 -100.00 -100.00 -100.00
   7    70.477 54727.64068027 31.36  92.281471  58.395432 13.815 -100.00 -100.00 -100.00
   7    70.265 54727.64068086 30.37  92.285252  58.397157 13.510 -100.00 -100.00 -100.00
   8    70.033 54737.55632730 36.14  92.276307  58.393897 21.598 -100.00 -100.00 -100.00
   8    69.817 54737.55632789 33.04  92.280088  58.395622 16.772 -100.00 -100.00 -100.00
   8    69.940 54737.55632848 33.42  92.283868  58.397347 16.967 -100.00 -100.00 -100.00
   8    69.562 54737.55632907 36.39  92.287650  58.399073 24.468 -100.00 -100.00 -100.00
   9    94.219 54747.47197512 21.21  92.276227  58.396288  8.740 -100.00 -100.00 -100.00
   9    87.962 54747.47197571 24.93  92.280008  58.398013 16.212 -100.00 -100.00 -100.00
   9    88.827 54747.47197630 21.83  92.283789  58.399738 10.355 -100.00 -100.00 -100.00
  10    94.616 54757.38762221 23.71  92.274013  58.397319 10.327 -100.00 -100.00 -100.00
  10    88.122 54757.38762280 25.47  92.277794  58.399045 14.161 -100.00 -100.00 -100.00
  10    75.424 54757.38762339 26.62  92.281576  58.400770 17.145 -100.00 -100.00 -100.00
  11    69.114 54767.30326776 34.17  92.276949  58.398318   -100 -100.00 -100.00 -100.00
  11    69.201 54767.30326835 36.06  92.280731  58.400044   -100 -100.00 -100.00 -100.00
  11    68.874 54767.30326894 36.93  92.284513  58.401769   -100 -100.00 -100.00 -100.00
  12    68.834 54777.21890927 37.98  92.277223  58.395712 28.314 -100.00 -100.00 -100.00
  12    68.805 54777.21890986 49.81  92.281005  58.397438   -100 -100.00 -100.00 -100.00
  12    68.651 54777.21891045 49.63  92.284786  58.399163  5.145 -100.00 -100.00 -100.00
  13    69.674 54787.13454831 36.20  92.277355  58.393165 21.279 -100.00 -100.00 -100.00
  13    69.654 54787.13454890 38.73  92.281136  58.394891 22.278 -100.00 -100.00 -100.00
  13    69.404 54787.13454949 42.88  92.284917  58.396616   -100 -100.00 -100.00 -100.00
  13    68.904 54787.13455009 41.30  92.288699  58.398342   -100 -100.00 -100.00 -100.00
  14   110.453 54797.05018656 10.77  92.278308  58.392959  7.164 -100.00 -100.00 -100.00
  14   112.469 54797.05018715 14.03  92.282090  58.394685 12.418 -100.00 -100.00 -100.00
  14   116.342 54797.05018774 19.29  92.285871  58.396410 19.045 -100.00 -100.00 -100.00
  15    70.251 54806.96582488 35.30  92.280387  58.395014 14.978 -100.00 -100.00 -100.00
  15    70.033 54806.96582547 39.95  92.284168  58.396739 16.994 -100.00 -100.00 -100.00
  15    69.057 54806.96582606 40.30  92.287950  58.398464   -100 -100.00 -100.00 -100.00
  16    68.447 54816.88146151 22.19  92.276119  58.393773 23.543 -100.00 -100.00 -100.00
  16    69.978 54816.88146210 34.08  92.279900  58.395499 16.938 -100.00 -100.00 -100.00
  16    69.353 54816.88146269 37.64  92.283681  58.397224 28.834 -100.00 -100.00 -100.00
  16    68.671 54816.88146329 41.60  92.287462  58.398950  5.766 -100.00 -100.00 -100.00
  17    75.487 54826.79711047 35.26  92.276735  58.395470 21.686 -100.00 -100.00 -100.00
  17    75.690 54826.79711106 37.94  92.280516  58.397195 23.599 -100.00 -100.00 -100.00
  17    75.372 54826.79711165 39.47  92.284297  58.398921   -100 -100.00 -100.00 -100.00
  18    78.147 54836.71274952 33.24  92.275554  58.395979 24.279 -100.00 -100.00 -100.00
  18    78.346 54836.71275011 34.18  92.279335  58.397705 21.903 -100.00 -100.00 -100.00
  18    78.292 54836.71275070 35.30  92.283116  58.399430 27.245 -100.00 -100.00 -100.00
  19    77.891 54846.62839904 29.14  92.274374  58.397267 21.837 -100.00 -100.00 -100.00
  19    78.019 54846.62839963 29.15  92.278155  58.398993 26.896 -100.00 -100.00 -100.00
  19    77.649 54846.62840022 29.29  92.281937  58.400718 28.258 -100.00 -100.00 -100.00
  20    77.240 54856.54404812 27.80  92.273756  58.398812 27.696 -100.00 -100.00 -100.00
  20    77.019 54856.54404871 27.31  92.277537  58.400537 27.633 -100.00 -100.00 -100.00
  20    77.017 54856.54404930 25.58  92.281319  58.402262 22.494 -100.00 -100.00 -100.00
  21    77.323 54866.45969727 22.31  92.273281  58.400338 16.221 -100.00 -100.00 -100.00
  21    77.119 54866.45969786 22.72  92.277063  58.402064 17.282 -100.00 -100.00 -100.00
  21    77.054 54866.45969845 23.78  92.280845  58.403789 23.428 -100.00 -100.00 -100.00
  22    76.801 54876.37534583 21.58  92.273733  58.400695 16.432 -100.00 -100.00 -100.00
  22    76.467 54876.37534642 22.68  92.277515  58.402421 18.431 -100.00 -100.00 -100.00
  22    76.603 54876.37534702 22.24  92.281297  58.404146 19.548 -100.00 -100.00 -100.00
  23    76.759 54886.29099109 21.60  92.273526  58.398944 18.419 -100.00 -100.00 -100.00
  23    77.060 54886.29099168 21.11  92.277308  58.400669 14.027 -100.00 -100.00 -100.00
  23    76.884 54886.29099227 19.87  92.281090  58.402395 12.189 -100.00 -100.00 -100.00
  24    76.856 54896.20663310 20.43  92.275271  58.397436 11.782 -100.00 -100.00 -100.00
  24    76.839 54896.20663369 22.54  92.279053  58.399161 15.968 -100.00 -100.00 -100.00
  24    76.781 54896.20663428 22.50  92.282835  58.400887 14.517 -100.00 -100.00 -100.00
  25    76.563 54906.12227265 21.91  92.278126  58.397279 17.584 -100.00 -100.00 -100.00
  25    76.363 54906.12227324 21.29  92.281908  58.399005 17.819 -100.00 -100.00 -100.00
  25    76.386 54906.12227383 20.05  92.285690  58.400730 15.056 -100.00 -100.00 -100.00
  26    76.581 54916.03791037 18.17  92.276275  58.396111 12.268 -100.00 -100.00 -100.00
  26    76.203 54916.03791096 20.24  92.280056  58.397837 16.770 -100.00 -100.00 -100.00
  26    76.463 54916.03791155 16.97  92.283838  58.399562  9.333 -100.00 -100.00 -100.00
  27    76.817 54925.95354851 28.60  92.278451  58.397374 28.367 -100.00 -100.00 -100.00
  27    79.485 54925.95354910 28.04  92.282233  58.399099 21.134 -100.00 -100.00 -100.00
  27    79.747 54925.95354969 29.40  92.286015  58.400824 22.383 -100.00 -100.00 -100.00
  28    74.938 54935.86918528 37.62  92.276931  58.396151 23.945 -100.00 -100.00 -100.00
  28    73.842 54935.86918587 50.17  92.280712  58.397876   -100 -100.00 -100.00 -100.00
  28    73.757 54935.86918646 53.40  92.284494  58.399601   -100 -100.00 -100.00 -100.00
  29    71.373 54945.78482026 38.04  92.277594  58.394423 28.149 -100.00 -100.00 -100.00
  29    72.145 54945.78482085 44.06  92.281374  58.396149 25.907 -100.00 -100.00 -100.00
  29    71.599 54945.78482144 54.38  92.285155  58.397874   -100 -100.00 -100.00 -100.00
  30    73.844 54955.70045287 36.49  92.280687  58.392368 26.236 -100.00 -100.00 -100.00
  30    73.996 54955.70045346 34.56  92.284467  58.394094 20.993 -100.00 -100.00 -100.00
  30    74.100 54955.70045405 38.84  92.288247  58.395819   -100 -100.00 -100.00 -100.00
  31    75.968 54965.61610088 28.84  92.282751  58.392993 13.972 -100.00 -100.00 -100.00
  31    76.239 54965.61610147 29.58  92.286531  58.394719 13.883 -100.00 -100.00 -100.00
  31    73.889 54965.61610206 36.02  92.290312  58.396444   -100 -100.00 -100.00 -100.00
  32    73.337 54975.53174893 35.39  92.282260  58.394162 19.234 -100.00 -100.00 -100.00
  32    73.334 54975.53174952 37.19  92.286041  58.395887 23.046 -100.00 -100.00 -100.00
  32    73.341 54975.53175011 42.71  92.289822  58.397613   -100 -100.00 -100.00 -100.00
  33    72.598 54985.44739616 39.58  92.276326  58.393855 22.851 -100.00 -100.00 -100.00
  33    72.471 54985.44739675 41.87  92.280106  58.395580 28.510 -100.00 -100.00 -100.00
  33    72.299 54985.44739734 47.36  92.283887  58.397305   -100 -100.00 -100.00 -100.00
  33    71.896 54985.44739793 50.24  92.287669  58.399031  6.764 -100.00 -100.00 -100.00
  34    96.261 54995.36304457 18.44  92.278292  58.396531  5.556 -100.00 -100.00 -100.00
  34    95.379 54995.36304516 18.52  92.282073  58.398257  5.339 -100.00 -100.00 -100.00
  34    88.338 54995.36304575 19.82  92.285854  58.399982  7.175 -100.00 -100.00 -100.00
  35    71.105 55005.27869108 37.62  92.278436  58.397632 32.655 -100.00 -100.00 -100.00
  35    71.040 55005.27869167 38.52  92.282218  58.399358   -100 -100.00 -100.00 -100.00
  35    71.206 55005.27869226 39.60  92.285999  58.401083   -100 -100.00 -100.00 -100.00
  36    71.886 55015.19433488 39.00  92.275806  58.397110 22.400 -100.00 -100.00 -100.00
  36    71.480 55015.19433547 41.83  92.279587  58.398835   -100 -100.00 -100.00 -100.00
  36    71.579 55015.19433606 38.96  92.283369  58.400561   -100 -100.00 -100.00 -100.00
  37    70.930 55025.10997776 43.03  92.276606  58.398184 31.564 -100.00 -100.00 -100.00
  37    70.849 55025.10997835 48.16  92.280388  58.399910   -100 -100.00 -100.00 -100.00
  37    70.405 55025.10997894 43.29  92.284169  58.401635   -100 -100.00 -100.00 -100.00
  38    75.325 55035.02561967 23.37  92.274477  58.398432 11.696 -100.00 -100.00 -100.00
  38    69.976 55035.02562026 29.98  92.278258  58.400157 28.787 -100.00 -100.00 -100.00
  38    70.040 55035.02562085 22.85  92.282039  58.401882  9.129 -100.00 -100.00 -100.00
  39    70.527 55044.94126095 38.84  92.274672  58.398415 20.118 -100.00 -100.00 -100.00
  39    70.981 55044.94126154 45.15  92.278453  58.400140 30.651 -100.00 -100.00 -100.00
  39    70.608 55044.94126213 54.80  92.282234  58.401866   -100 -100.00 -100.00 -100.00
  40    70.606 55054.85690040 24.08  92.276341  58.396878 15.534 -100.00 -100.00 -100.00
  40    70.463 55054.85690099 23.46  92.280122  58.398603 12.611 -100.00 -100.00 -100.00
  40    70.412 55054.85690158 23.67  92.283903  58.400329 12.304 -100.00 -100.00 -100.00
  41    70.875 55064.77253750 36.98  92.278522  58.394329 22.469 -100.00 -100.00 -100.00
  41    70.745 55064.77253809 40.14  92.282302  58.396055   -100 -100.00 -100.00 -100.00
  41    70.875 55064.77253868 43.04  92.286083  58.397780   -100 -100.00 -100.00 -100.00
  42    71.140 55074.68818467 28.87  92.279290  58.393872  7.737 -100.00 -100.00 -100.00
  42    71.087 55074.68818526 29.45  92.283070  58.395598  9.138 -100.00 -100.00 -100.00
  42    70.985 55074.68818585 29.89  92.286851  58.397323  7.955 -100.00 -100.00 -100.00
  43    70.668 55084.60383239 26.44  92.277020  58.393920  9.206 -100.00 -100.00 -100.00
  43    70.149 55084.60383298 28.50  92.280801  58.395646 12.003 -100.00 -100.00 -100.00
  43    70.429 55084.60383357 27.84  92.284581  58.397371  9.109 -100.00 -100.00 -100.00
  44    70.771 55094.51947931 39.79  92.278288  58.396454 27.009 -100.00 -100.00 -100.00
  44    70.571 55094.51947990 51.38  92.282069  58.398179   -100 -100.00 -100.00 -100.00
  44    70.447 55094.51948049 48.38  92.285850  58.399904   -100 -100.00 -100.00 -100.00
  45    70.537 55104.43512564 42.77  92.277127  58.396992   -100 -100.00 -100.00 -100.00
  45    70.631 55104.43512623 47.28  92.280908  58.398717   -100 -100.00 -100.00 -100.00
  45    70.297 55104.43512682 48.39  92.284690  58.400442   -100 -100.00 -100.00 -100.00
  46    71.153 55114.35077143 39.93  92.274768  58.395896 21.430 -100.00 -100.00 -100.00
  46    70.374 55114.35077202 43.06  92.278549  58.397621   -100 -100.00 -100.00 -100.00
  46    70.612 55114.35077261 40.67  92.282330  58.399346   -100 -100.00 -100.00 -100.00
  47    94.021 55124.26641518 17.30  92.276219  58.395246  7.718 -100.00 -100.00 -100.00
  47    93.684 55124.26641577 17.29  92.280000  58.396972  7.460 -100.00 -100.00 -100.00
  47    74.928 55124.26641636 21.77  92.283781  58.398697 15.675 -100.00 -100.00 -100.00
  48    69.990 55134.18205587 37.99  92.276280  58.393887 32.051 -100.00 -100.00 -100.00
  48    70.041 55134.18205646 40.06  92.280061  58.395612   -100 -100.00 -100.00 -100.00
  48    70.061 55134.18205705 52.43  92.283842  58.397338   -100 -100.00 -100.00 -100.00
  48    70.372 55134.18205764 49.01  92.287624  58.399063   -100 -100.00 -100.00 -100.00
  49    70.066 55144.09769456 37.83  92.277128  58.393547 25.886 -100.00 -100.00 -100.00
  49    69.595 55144.09769515 40.77  92.280909  58.395272   -100 -100.00 -100.00 -100.00
  49    69.624 55144.09769574 47.04  92.284691  58.396998   -100 -100.00 -100.00 -100.00
  50    69.011 55154.01333247 34.26  92.276561  58.393866 28.249 -100.00 -100.00 -100.00
  50    70.127 55154.01333306 39.03  92.280342  58.395591 19.690 -100.00 -100.00 -100.00
  50    69.239 55154.01333365 50.48  92.284124  58.397317   -100 -100.00 -100.00 -100.00
  51    69.930 55163.92897083 37.07  92.276975  58.394627 27.605 -100.00 -100.00 -100.00
  51    70.233 55163.92897142 39.01  92.280756  58.396352 24.918 -100.00 -100.00 -100.00
  51    70.118 55163.92897201 43.13  92.284538  58.398078 26.547 -100.00 -100.00 -100.00
  52    70.303 55173.84460875 37.19  92.276739  58.394581 29.444 -100.00 -100.00 -100.00
  52    70.628 55173.84460934 39.18  92.280520  58.396307 23.502 -100.00 -100.00 -100.00
  52    70.711 55173.84460993 41.88  92.284301  58.398032 30.864 -100.00 -100.00 -100.00
  53   100.132 55183.76024703  0.17  92.277719  58.394179  6.658 -100.00 -100.00 -100.00
  53    97.750 55183.76024821  0.90  92.285281  58.397630  6.726 -100.00 -100.00 -100.00
  54    75.830 55193.67589836 16.76  92.277385  58.395826  8.845 -100.00 -100.00 -100.00
  54    75.736 55193.67589895 18.60  92.281165  58.397552 12.252 -100.00 -100.00 -100.00
  54    75.617 55193.67589954 18.04  92.284947  58.399277 11.216 -100.00 -100.00 -100.00
  55    76.003 55203.59154830 16.33  92.275026  58.397422  9.623 -100.00 -100.00 -100.00
  55    75.888 55203.59154889 16.95  92.278807  58.399147 10.350 -100.00 -100.00 -100.00
  55    75.639 55203.59154948 17.98  92.282589  58.400873 12.388 -100.00 -100.00 -100.00
  56    76.306 55213.50719799 16.07  92.275078  58.399823  8.462 -100.00 -100.00 -100.00
  56    76.191 55213.50719858 16.93  92.278859  58.401548  9.489 -100.00 -100.00 -100.00
  56    76.076 55213.50719917 16.84  92.282641  58.403273  8.621 -100.00 -100.00 -100.00
  57    76.327 55223.42284709 16.62  92.275650  58.400682  8.672 -100.00 -100.00 -100.00
  57    76.418 55223.42284768 15.06  92.279432  58.402408  6.199 -100.00 -100.00 -100.00
  57    76.184 55223.42284827 15.93  92.283214  58.404133  7.820 -100.00 -100.00 -100.00
  58    75.813 55233.33849394 15.95  92.273462  58.398093  9.616 -100.00 -100.00 -100.00
  58    75.913 55233.33849453 18.00  92.277244  58.399819 12.879 -100.00 -100.00 -100.00
  58    75.962 55233.33849512 15.91  92.281026  58.401544  8.518 -100.00 -100.00 -100.00
  59    76.006 55243.25413822 14.74  92.276817  58.396586  7.647 -100.00 -100.00 -100.00
  59    76.046 55243.25413881 14.93  92.280598  58.398311  7.046 -100.00 -100.00 -100.00
  59    75.676 55243.25413940 16.50  92.284380  58.400037  9.567 -100.00 -100.00 -100.00
  60    75.823 55253.16977927 12.14  92.279104  58.396010  4.550 -100.00 -100.00 -100.00
  60    75.318 55253.16977986 14.90  92.282885  58.397735  8.958 -100.00 -100.00 -100.00
  60    75.285 55253.16978045 13.94  92.286668  58.399460  5.760 -100.00 -100.00 -100.00
  61    75.546 55263.08541805 13.94  92.278959  58.396589  6.203 -100.00 -100.00 -100.00
  61    75.399 55263.08541864 15.08  92.282741  58.398314  7.276 -100.00 -100.00 -100.00
  61    75.231 55263.08541923 15.43  92.286523  58.400039  7.667 -100.00 -100.00 -100.00
  62    75.541 55273.00105553 13.26  92.276417  58.396926  6.430 -100.00 -100.00 -100.00
  62    75.056 55273.00105612 16.13  92.280199  58.398651  9.725 -100.00 -100.00 -100.00
  62    76.183 55273.00105671 12.52  92.283981  58.400377  5.596 -100.00 -100.00 -100.00
  63    90.446 55282.91669263 12.33  92.275217  58.396087  6.585 -100.00 -100.00 -100.00
  63    79.612 55282.91669322 12.79  92.278998  58.397813  6.710 -100.00 -100.00 -100.00
  63    91.164 55282.91669381 11.10  92.282780  58.399538  5.145 -100.00 -100.00 -100.00
  64    92.208 55292.83232865 11.69  92.277465  58.394476  6.167 -100.00 -100.00 -100.00
  64    92.125 55292.83232924 11.21  92.281246  58.396202  4.203 -100.00 -100.00 -100.00
  64    90.631 55292.83232983 11.12  92.285027  58.397927  4.016 -100.00 -100.00 -100.00
  65    73.564 55302.74796432 28.22  92.280375  58.392469 30.407 -100.00 -100.00 -100.00
  65    73.869 55302.74796491 29.28  92.284155  58.394195 27.192 -100.00 -100.00 -100.00
  65    73.739 55302.74796550 32.37  92.287936  58.395920   -100 -100.00 -100.00 -100.00
  66    71.374 55312.66361230 43.00  92.283439  58.393638 25.584 -100.00 -100.00 -100.00
  66    70.675 55312.66361289 49.59  92.287220  58.395363   -100 -100.00 -100.00 -100.00
  66    70.487 55312.66361348 37.69  92.291001  58.397088   -100 -100.00 -100.00 -100.00
  67    73.002 55322.57925741 34.69  92.280338  58.393847 15.602 -100.00 -100.00 -100.00
  67    72.914 55322.57925801 35.67  92.284118  58.395572 17.857 -100.00 -100.00 -100.00
  67    73.082 55322.57925860 35.50  92.287899  58.397297 15.722 -100.00 -100.00 -100.00
  68    75.853 55332.49490166 43.16  92.278191  58.395355 26.148 -100.00 -100.00 -100.00
  68    75.670 55332.49490225 47.31  92.281971  58.397080   -100 -100.00 -100.00 -100.00
  68    75.410 55332.49490284 50.22  92.285752  58.398805   -100 -100.00 -100.00 -100.00
  69    73.461 55342.41054617 27.44  92.278314  58.397273 17.197 -100.00 -100.00 -100.00
  69    76.399 55342.41054676 26.32  92.282095  58.398998 15.658 -100.00 -100.00 -100.00
  69    90.970 55342.41054735 22.50  92.285876  58.400724  7.534 -100.00 -100.00 -100.00
  70    96.066 55352.32619006 22.61  92.277802  58.397054  9.147 -100.00 -100.00 -100.00
  70    94.066 55352.32619065 22.70  92.281583  58.398779  8.570 -100.00 -100.00 -100.00
  70    94.427 55352.32619124 21.57  92.285364  58.400505  6.380 -100.00 -100.00 -100.00
  71    95.326 55362.24183169 19.98  92.277491  58.396229  8.907 -100.00 -100.00 -100.00
  71    87.230 55362.24183228 23.08  92.281272  58.397954 14.219 -100.00 -100.00 -100.00
  71    87.367 55362.24183287 20.52  92.285053  58.399680  8.351 -100.00 -100.00 -100.00
  72    75.889 55372.15747142 22.47  92.277488  58.396260 10.079 -100.00 -100.00 -100.00
  72    71.755 55372.15747201 25.48  92.281268  58.397986 18.204 -100.00 -100.00 -100.00
  72    76.899 55372.15747260 21.88  92.285050  58.399711  9.558 -100.00 -100.00 -100.00
  73    72.720 55382.07310972 39.06  92.276935  58.396893 16.199 -100.00 -100.00 -100.00
  73    72.128 55382.07311031 51.28  92.280716  58.398619   -100 -100.00 -100.00 -100.00
  73    71.861 55382.07311090 50.53  92.284497  58.400344   -100 -100.00 -100.00 -100.00
  74    71.679 55391.98874734 41.19  92.277332  58.397797 22.201 -100.00 -100.00 -100.00
  74    71.689 55391.98874793 52.40  92.281113  58.399522   -100 -100.00 -100.00 -100.00
  74    71.177 55391.98874852 51.32  92.284894  58.401248  2.753 -100.00 -100.00 -100.00
  75    70.678 55401.90438292 35.01  92.275735  58.395701 27.605 -100.00 -100.00 -100.00
  75    70.769 55401.90438351 28.76  92.279515  58.397427  9.593 -100.00 -100.00 -100.00
  75    71.190 55401.90438410 30.48  92.283296  58.399152 11.965 -100.00 -100.00 -100.00
  76    70.272 55411.82003325 27.11  92.277389  58.394774 13.643 -100.00 -100.00 -100.00
  76    70.251 55411.82003384 26.83  92.281169  58.396499 12.212 -100.00 -100.00 -100.00
  76    70.284 55411.82003443 28.93  92.284950  58.398224 14.343 -100.00 -100.00 -100.00
  77    71.036 55421.73568280 35.57  92.279824  58.393718 24.930 -100.00 -100.00 -100.00
  77    70.865 55421.73568339 41.25  92.283604  58.395443   -100 -100.00 -100.00 -100.00
  77    70.304 55421.73568398 39.90  92.287385  58.397168  0.893 -100.00 -100.00 -100.00
  78    70.549 55431.65132944 31.00  92.279925  58.393040   -100 -100.00 -100.00 -100.00
  78    70.522 55431.65133003 24.83  92.283705  58.394765 13.774 -100.00 -100.00 -100.00
  78    70.350 55431.65133062 26.90  92.287486  58.396490 15.043 -100.00 -100.00 -100.00
  79    94.624 55441.56697401 17.23  92.277111  58.394012  7.868 -100.00 -100.00 -100.00
  79    93.996 55441.56697460 18.64  92.280891  58.395737 10.332 -100.00 -100.00 -100.00
  79    93.961 55441.56697519 17.54  92.284672  58.397462  6.898 -100.00 -100.00 -100.00
  80    94.239 55451.48261744 21.43  92.275849  58.396102  8.908 -100.00 -100.00 -100.00
  80    75.796 55451.48261803 23.59  92.279630  58.397828 13.768 -100.00 -100.00 -100.00
  80    76.209 55451.48261862 23.00  92.283411  58.399553 11.313 -100.00 -100.00 -100.00
  81    87.259 55461.39826050 23.12  92.278108  58.397976 14.418 -100.00 -100.00 -100.00
  81    76.209 55461.39826109 23.70  92.281889  58.399702 15.653 -100.00 -100.00 -100.00
  81    88.514 55461.39826168 18.29  92.285671  58.401427  4.880 -100.00 -100.00 -100.00
  82    70.104 55471.31390129 36.43  92.277498  58.395510 24.279 -100.00 -100.00 -100.00
  82    69.946 55471.31390188 37.30  92.281279  58.397236   -100 -100.00 -100.00 -100.00
  82    70.138 55471.31390247 38.95  92.285060  58.398961   -100 -100.00 -100.00 -100.00
  83    95.969 55481.22953974 18.85  92.281564  58.394190  4.404 -100.00 -100.00 -100.00
  83    93.344 55481.22954033 19.36  92.285345  58.395916  4.884 -100.00 -100.00 -100.00
  83    88.833 55481.22954092 20.41  92.289126  58.397641  5.774 -100.00 -100.00 -100.00
  84    91.590 55491.14517517 18.09  92.280908  58.391772  7.244 -100.00 -100.00 -100.00
  84    90.661 55491.14517576 17.30  92.284689  58.393498  5.514 -100.00 -100.00 -100.00
  84    88.890 55491.14517635 18.42  92.288470  58.395223  7.326 -100.00 -100.00 -100.00
  85    69.299 55501.06080896 36.45  92.280932  58.392043 21.011 -100.00 -100.00 -100.00
  85    70.242 55501.06080955 43.13  92.284712  58.393768 25.043 -100.00 -100.00 -100.00
  85    69.934 55501.06081014 53.01  92.288493  58.395494   -100 -100.00 -100.00 -100.00
  86    69.298 55510.97645194 30.18  92.277135  58.393258 27.836 -100.00 -100.00 -100.00
  86    69.474 55510.97645253 30.78  92.280915  58.394984 25.565 -100.00 -100.00 -100.00
  86    69.906 55510.97645312 34.43  92.284696  58.396710 31.790 -100.00 -100.00 -100.00
  86    69.843 55510.97645371 35.57  92.288478  58.398435 26.324 -100.00 -100.00 -100.00
  87    69.201 55520.89210172 30.55  92.275701  58.395562 23.788 -100.00 -100.00 -100.00
  87    69.628 55520.89210231 34.58  92.279482  58.397287 25.122 -100.00 -100.00 -100.00
  87    70.054 55520.89210290 35.37  92.283263  58.399013 19.831 -100.00 -100.00 -100.00
  88    68.875 55530.80775039 31.45  92.276059  58.396742 16.962 -100.00 -100.00 -100.00
  88    68.997 55530.80775098 35.67  92.279840  58.398467 20.005 -100.00 -100.00 -100.00
  88    68.182 55530.80775157 40.96  92.283621  58.400193   -100 -100.00 -100.00 -100.00
  89    71.894 55540.72339751 32.27  92.278106  58.397324 29.028 -100.00 -100.00 -100.00
  89    71.598 55540.72339810 34.72  92.281887  58.399050   -100 -100.00 -100.00 -100.00
  89    71.590 55540.72339869 32.58  92.285669  58.400775   -100 -100.00 -100.00 -100.00
  90    74.275 55550.63904231 22.00  92.278392  58.397462 15.129 -100.00 -100.00 -100.00
  90    74.020 55550.63904290 20.54  92.282173  58.399187 10.313 -100.00 -100.00 -100.00
  90    73.959 55550.63904349 21.06  92.285955  58.400912 10.855 -100.00 -100.00 -100.00
  91    73.704 55560.55468547 21.71  92.276303  58.398042 17.593 -100.00 -100.00 -100.00
  91    73.896 55560.55468606 20.24  92.280084  58.399768 13.159 -100.00 -100.00 -100.00
  91    75.444 55560.55468665 18.94  92.283866  58.401493  8.752 -100.00 -100.00 -100.00
  92    73.691 55570.47032805 17.98  92.275330  58.399141  8.497 -100.00 -100.00 -100.00
  92    73.529 55570.47032864 18.93  92.279112  58.400866  9.762 -100.00 -100.00 -100.00
  92    75.549 55570.47032923 17.97  92.282894  58.402592  7.277 -100.00 -100.00 -100.00
  93    74.035 55580.38596960 17.96  92.275972  58.399002 10.382 -100.00 -100.00 -100.00
  93    73.886 55580.38597019 18.53  92.279754  58.400728  9.439 -100.00 -100.00 -100.00
  93    75.648 55580.38597078 18.34  92.283536  58.402453  8.677 -100.00 -100.00 -100.00
  94    73.549 55590.30160782 17.22  92.276340  58.395843  8.740 -100.00 -100.00 -100.00
  94    73.690 55590.30160841 17.15  92.280122  58.397569  7.068 -100.00 -100.00 -100.00
  94    73.268 55590.30160901 17.94  92.283903  58.399294  7.988 -100.00 -100.00 -100.00
  95    73.206 55600.21724308 15.35  92.279221  58.392451  6.714 -100.00 -100.00 -100.00
  95    73.291 55600.21724367 15.47  92.283002  58.394177  8.320 -100.00 -100.00 -100.00
  95    73.293 55600.21724426 15.26  92.286783  58.395902  7.078 -100.00 -100.00 -100.00
  96    72.563 55610.13287659 16.71  92.284304  58.391866  9.589 -100.00 -100.00 -100.00
  96    72.673 55610.13287718 17.05  92.288085  58.393592  9.639 -100.00 -100.00 -100.00
  96    72.526 55610.13287777 17.04  92.291866  58.395317  9.572 -100.00 -100.00 -100.00
  97    72.709 55620.04850830 16.15  92.284295  58.392094  7.343 -100.00 -100.00 -100.00
  97    72.641 55620.04850889 16.93  92.288076  58.393820  8.506 -100.00 -100.00 -100.00
  97    72.438 55620.04850948 17.84  92.291857  58.395546  9.740 -100.00 -100.00 -100.00
  98    72.340 55629.96415851 15.57  92.277047  58.393175  7.441 -100.00 -100.00 -100.00
  98    72.465 55629.96415910 16.55  92.280827  58.394901 10.054 -100.00 -100.00 -100.00
  98    72.241 55629.96415969 16.96  92.284608  58.396626 10.628 -100.00 -100.00 -100.00
  98    72.483 55629.96416028 16.74  92.288390  58.398352  9.232 -100.00 -100.00 -100.00
  99    74.300 55639.87980936 14.97  92.275712  58.394749  6.841 -100.00 -100.00 -100.00
  99    72.469 55639.87980995 15.14  92.279493  58.396475  6.150 -100.00 -100.00 -100.00
  99    72.574 55639.87981054 15.77  92.283274  58.398200  7.515 -100.00 -100.00 -100.00
 100    72.454 55649.79545773 24.25  92.277081  58.394238 23.229 -100.00 -100.00 -100.00
 100    72.633 55649.79545832 25.15  92.280862  58.395964 24.472 -100.00 -100.00 -100.00
 100    72.392 55649.79545891 26.98  92.284643  58.397689   -100 -100.00 -100.00 -100.00
 102    70.626 55669.62674468 45.54  92.283447  58.393715   -100 -100.00 -100.00 -100.00
 102    70.928 55669.62674527 49.75  92.287228  58.395440   -100 -100.00 -100.00 -100.00
 102    70.628 55669.62674586 47.06  92.291009  58.397165   -100 -100.00 -100.00 -100.00
 103    97.289 55679.54238364 21.88  92.278710  58.393135  4.941 -100.00 -100.00 -100.00
 103    96.704 55679.54238423 22.42  92.282490  58.394861  6.571 -100.00 -100.00 -100.00
 103    95.207 55679.54238482 22.73  92.286271  58.396586  6.862 -100.00 -100.00 -100.00
 104    96.714 55689.45802120 22.30  92.276232  58.394270  6.266 -100.00 -100.00 -100.00
 104    96.050 55689.45802179 20.00  92.280012  58.395996  4.506 -100.00 -100.00 -100.00
 104    96.327 55689.45802238 20.38  92.283793  58.397721  5.891 -100.00 -100.00 -100.00
 105    96.517 55699.37365787 21.04  92.278708  58.396328  7.263 -100.00 -100.00 -100.00
 105    94.407 55699.37365846 20.74  92.282488  58.398054  5.897 -100.00 -100.00 -100.00
 105    93.938 55699.37365905 21.36  92.286270  58.399779  8.421 -100.00 -100.00 -100.00
 106    94.211 55709.28929570 22.74  92.277471  58.394867  7.322 -100.00 -100.00 -100.00
 106    75.847 55709.28929629 24.13  92.281251  58.396593  8.781 -100.00 -100.00 -100.00
 106    76.354 55709.28929688 25.47  92.285032  58.398319  9.963 -100.00 -100.00 -100.00
 107    70.010 55719.20494608 34.40  92.275952  58.394302 15.787 -100.00 -100.00 -100.00
 107    70.385 55719.20494667 40.42  92.279732  58.396028 23.246 -100.00 -100.00 -100.00
 107    70.645 55719.20494726 50.76  92.283513  58.397753   -100 -100.00 -100.00 -100.00
 107    69.899 55719.20494785 54.44  92.287295  58.399479   -100 -100.00 -100.00 -100.00
 108    69.805 55729.12059428 35.71  92.275494  58.394944 21.091 -100.00 -100.00 -100.00
 108    70.702 55729.12059487 40.40  92.279274  58.396670 21.769 -100.00 -100.00 -100.00
 108    70.207 55729.12059546 51.84  92.283055  58.398395   -100 -100.00 -100.00 -100.00
 108    69.561 55729.12059605 50.66  92.286837  58.400120 26.989 -100.00 -100.00 -100.00
 109    69.935 55739.03624141 25.22  92.277180  58.397086  9.631 -100.00 -100.00 -100.00
 109    69.784 55739.03624200 26.18  92.280961  58.398812 11.424 -100.00 -100.00 -100.00
 109    69.803 55739.03624259 25.81  92.284742  58.400537  8.888 -100.00 -100.00 -100.00
 110    75.263 55748.95188683 23.18  92.276239  58.397945 16.427 -100.00 -100.00 -100.00
 110    69.931 55748.95188742 27.18  92.280020  58.399671 29.667 -100.00 -100.00 -100.00
 110    69.818 55748.95188801 22.56  92.283802  58.401396 14.856 -100.00 -100.00 -100.00
 111    70.172 55758.86752979 27.33  92.276222  58.397545  8.424 -100.00 -100.00 -100.00
 111    70.183 55758.86753038 27.50  92.280003  58.399270  7.972 -100.00 -100.00 -100.00
 111    70.107 55758.86753097 28.22  92.283784  58.400995  8.297 -100.00 -100.00 -100.00
 112    70.617 55768.78316958 37.08  92.275478  58.394823 19.446 -100.00 -100.00 -100.00
 112    70.133 55768.78317017 40.02  92.279259  58.396548   -100 -100.00 -100.00 -100.00
 112    70.137 55768.78317076 44.10  92.283039  58.398274   -100 -100.00 -100.00 -100.00
 112    69.886 55768.78317135 41.39  92.286820  58.399999   -100 -100.00 -100.00 -100.00
 113    70.182 55778.69880702 39.65  92.280925  58.393877   -100 -100.00 -100.00 -100.00
 113    70.271 55778.69880761 50.73  92.284705  58.395602   -100 -100.00 -100.00 -100.00
 113    69.790 55778.69880820 41.96  92.288486  58.397328  4.135 -100.00 -100.00 -100.00
 114    70.359 55788.61444177 37.50  92.284059  58.392822 31.788 -100.00 -100.00 -100.00
 114    70.597 55788.61444236 35.23  92.287839  58.394547 23.653 -100.00 -100.00 -100.00
 114    70.289 55788.61444295 42.45  92.291619  58.396272   -100 -100.00 -100.00 -100.00
 115    70.494 55798.53007495 31.06  92.282634  58.391977 14.989 -100.00 -100.00 -100.00
 115    70.326 55798.53007554 33.06  92.286414  58.393703 19.044 -100.00 -100.00 -100.00
 115    69.989 55798.53007613 34.83  92.290194  58.395428 24.935 -100.00 -100.00 -100.00
 116    93.677 55808.44572042 18.70  92.281899  58.394214  9.937 -100.00 -100.00 -100.00
 116    89.179 55808.44572101 19.11  92.285679  58.395939 10.786 -100.00 -100.00 -100.00
 116    75.991 55808.44572160 24.44  92.289460  58.397665 24.245 -100.00 -100.00 -100.00
 117    70.118 55818.36136952 34.27  92.279704  58.395349 29.974 -100.00 -100.00 -100.00
 117    70.278 55818.36137011 30.70  92.283485  58.397075 18.149 -100.00 -100.00 -100.00
 117    70.186 55818.36137070 35.63  92.287266  58.398800   -100 -100.00 -100.00 -100.00
 118    69.783 55828.27701447 34.49  92.279696  58.394396 21.373 -100.00 -100.00 -100.00
 118    69.959 55828.27701506 31.14  92.283477  58.396122 12.914 -100.00 -100.00 -100.00
 118    69.913 55828.27701565 32.57  92.287258  58.397847 13.057 -100.00 -100.00 -100.00
 119    70.528 55838.19265516 36.52  92.281867  58.392999 19.291 -100.00 -100.00 -100.00
 119    69.614 55838.19265575 43.42  92.285648  58.394724   -100 -100.00 -100.00 -100.00
 119    69.516 55838.19265634 41.63  92.289429  58.396450  2.919 -100.00 -100.00 -100.00
 120    69.563 55848.10829274 38.36  92.283573  58.392145 20.822 -100.00 -100.00 -100.00
 120    69.921 55848.10829333 51.83  92.287354  58.393871   -100 -100.00 -100.00 -100.00
 120    69.647 55848.10829392 50.08  92.291135  58.395596   -100 -100.00 -100.00 -100.00
 121    70.140 55858.02392778 38.12  92.281458  58.391871 21.666 -100.00 -100.00 -100.00
 121    69.665 55858.02392837 43.58  92.285238  58.393597   -100 -100.00 -100.00 -100.00
 121    69.893 55858.02392896 47.31  92.289019  58.395323   -100 -100.00 -100.00 -100.00
 122    69.613 55867.93957423 31.43  92.279452  58.394450 23.705 -100.00 -100.00 -100.00
 122    69.342 55867.93957482 35.37  92.283232  58.396176   -100 -100.00 -100.00 -100.00
 122    69.942 55867.93957541 37.53  92.287014  58.397901 26.503 -100.00 -100.00 -100.00
 123    69.121 55877.85522575 35.74  92.275238  58.395735 32.032 -100.00 -100.00 -100.00
 123    69.597 55877.85522634 37.44  92.279019  58.397461 22.821 -100.00 -100.00 -100.00
 123    69.349 55877.85522693 40.59  92.282800  58.399187 29.668 -100.00 -100.00 -100.00
 124    68.379 55887.77087110 34.90  92.275378  58.396295 25.641 -100.00 -100.00 -100.00
 124    68.151 55887.77087169 41.70  92.279159  58.398021   -100 -100.00 -100.00 -100.00
 124    68.192 55887.77087228 50.68  92.282940  58.399746 10.346 -100.00 -100.00 -100.00
 125    69.509 55897.68651052 38.44  92.275650  58.395114 18.482 -100.00 -100.00 -100.00
 125    69.712 55897.68651111 40.48  92.279430  58.396839 20.154 -100.00 -100.00 -100.00
 125    69.140 55897.68651170 47.20  92.283211  58.398565   -100 -100.00 -100.00 -100.00
 126    69.881 55907.60214513 37.57  92.277492  58.394074 17.802 -100.00 -100.00 -100.00
 126    70.154 55907.60214572 40.55  92.281272  58.395799 18.102 -100.00 -100.00 -100.00
 126    69.315 55907.60214631 50.16  92.285053  58.397525   -100 -100.00 -100.00 -100.00
 127    70.180 55917.51779219 36.80  92.276271  58.394759 25.633 -100.00 -100.00 -100.00
 127    70.048 55917.51779278 38.62  92.280052  58.396485 29.580 -100.00 -100.00 -100.00
 127    70.198 55917.51779337 42.53  92.283833  58.398210   -100 -100.00 -100.00 -100.00
 128    73.806 55927.43344568 35.84  92.275110  58.396221 24.060 -100.00 -100.00 -100.00
 128    73.876 55927.43344627 38.56  92.278891  58.397946 26.191 -100.00 -100.00 -100.00
 128    73.592 55927.43344686 43.78  92.282672  58.399672   -100 -100.00 -100.00 -100.00
 129    77.020 55937.34909604 25.53  92.277224  58.397469 20.655 -100.00 -100.00 -100.00
 129    76.667 55937.34909663 25.48  92.281006  58.399195 20.636 -100.00 -100.00 -100.00
 129    76.687 55937.34909722 24.18  92.284788  58.400921 16.394 -100.00 -100.00 -100.00
 130    75.698 55947.26474070 19.15  92.276387  58.395426 14.059 -100.00 -100.00 -100.00
 130    75.647 55947.26474129 19.12  92.280168  58.397152 15.719 -100.00 -100.00 -100.00
 130    75.527 55947.26474188 17.32  92.283949  58.398877 10.142 -100.00 -100.00 -100.00
 131    75.884 55957.18038133 19.32  92.279649  58.394723 14.669 -100.00 -100.00 -100.00
 131    75.838 55957.18038192 20.30  92.283431  58.396448 18.331 -100.00 -100.00 -100.00
 131    75.991 55957.18038251 16.71  92.287212  58.398174 10.638 -100.00 -100.00 -100.00
 132    76.002 55967.09601903 20.12  92.279939  58.393683 18.546 -100.00 -100.00 -100.00
 132    75.963 55967.09601963 19.39  92.283721  58.395409 18.418 -100.00 -100.00 -100.00
 132    75.935 55967.09602022 20.76  92.287503  58.397134 21.680 -100.00 -100.00 -100.00
 133    76.329 55977.01165566 16.45  92.278394  58.393384  9.462 -100.00 -100.00 -100.00
 133    76.302 55977.01165625 17.21  92.282175  58.395110 12.130 -100.00 -100.00 -100.00
 133    76.361 55977.01165684 16.71  92.285957  58.396835 10.047 -100.00 -100.00 -100.00
 134    75.588 55986.92729205 18.22  92.280163  58.394524 14.222 -100.00 -100.00 -100.00
 134    75.488 55986.92729264 18.95  92.283944  58.396249 15.881 -100.00 -100.00 -100.00
 134    75.524 55986.92729323 18.89  92.287725  58.397975 16.334 -100.00 -100.00 -100.00
 135    75.325 55996.84292936 15.14  92.277964  58.392850  8.778 -100.00 -100.00 -100.00
 135    75.227 55996.84292995 19.20  92.281744  58.394576 18.197 -100.00 -100.00 -100.00
 135    75.226 55996.84293054 19.34  92.285525  58.396301 16.090 -100.00 -100.00 -100.00
 135    75.326 55996.84293113 17.90  92.289306  58.398027 13.206 -100.00 -100.00 -100.00
 136    74.867 56006.75858090 16.88  92.279253  58.393526 14.537 -100.00 -100.00 -100.00
 136    74.723 56006.75858149 18.66  92.283034  58.395251 18.624 -100.00 -100.00 -100.00
 136    74.733 56006.75858208 17.11  92.286815  58.396977 13.518 -100.00 -100.00 -100.00
 137    94.222 56016.67422835  8.20  92.281062  58.393831  4.008 -100.00 -100.00 -100.00
 137    93.525 56016.67422894  9.43  92.284843  58.395557  5.972 -100.00 -100.00 -100.00
 137    93.296 56016.67422953  8.35  92.288624  58.397282  4.384 -100.00 -100.00 -100.00
 138    75.073 56026.58987235 21.00  92.277542  58.393139 13.926 -100.00 -100.00 -100.00
 138    75.143 56026.58987294 23.37  92.281323  58.394864 18.998 -100.00 -100.00 -100.00
 138    75.094 56026.58987353 25.60  92.285104  58.396589 25.209 -100.00 -100.00 -100.00
 139    71.898 56036.50551561 38.49  92.278416  58.395528 24.301 -100.00 -100.00 -100.00
 139    71.381 56036.50551620 51.05  92.282197  58.397254   -100 -100.00 -100.00 -100.00
 139    71.227 56036.50551679 41.41  92.285979  58.398979   -100 -100.00 -100.00 -100.00
 140    71.211 56046.42115644 38.49  92.276558  58.396161 21.439 -100.00 -100.00 -100.00
 140    70.789 56046.42115703 50.71  92.280338  58.397886   -100 -100.00 -100.00 -100.00
 140    70.491 56046.42115762 55.08  92.284120  58.399612   -100 -100.00 -100.00 -100.00
 141    95.507 56056.33679455 25.51  92.276386  58.396345  9.821 -100.00 -100.00 -100.00
 141    72.662 56056.33679514 32.32  92.280167  58.398071 27.297 -100.00 -100.00 -100.00
 141    72.768 56056.33679573 30.75  92.283948  58.399797 21.688 -100.00 -100.00 -100.00
 142    96.274 56066.25242868 20.54  92.279370  58.396161  4.848 -100.00 -100.00 -100.00
 142    94.755 56066.25242927 21.47  92.283150  58.397887  6.326 -100.00 -100.00 -100.00
 142    90.992 56066.25242986 21.50  92.286931  58.399612  6.077 -100.00 -100.00 -100.00
 143    70.615 56076.16807563 38.53  92.277590  58.395686 19.296 -100.00 -100.00 -100.00
 143    70.162 56076.16807622 51.09  92.281371  58.397412   -100 -100.00 -100.00 -100.00
 143    69.981 56076.16807681 49.67  92.285152  58.399137   -100 -100.00 -100.00 -100.00
 144    70.474 56086.08372479 36.85  92.276571  58.396623 21.906 -100.00 -100.00 -100.00
 144    70.696 56086.08372538 48.71  92.280352  58.398349   -100 -100.00 -100.00 -100.00
 144    70.198 56086.08372597 53.68  92.284134  58.400074  6.277 -100.00 -100.00 -100.00
 145    70.161 56095.99937123 29.10  92.274625  58.396371  9.672 -100.00 -100.00 -100.00
 145    70.037 56095.99937182 29.77  92.278406  58.398097 11.154 -100.00 -100.00 -100.00
 145    69.909 56095.99937241 30.54  92.282187  58.399822 11.771 -100.00 -100.00 -100.00
 146    70.237 56105.91501594 38.56  92.276538  58.396726 28.129 -100.00 -100.00 -100.00
 146    70.198 56105.91501654 43.59  92.280319  58.398452   -100 -100.00 -100.00 -100.00
 146    69.688 56105.91501713 40.48  92.284100  58.400177   -100 -100.00 -100.00 -100.00
 147    75.583 56115.83064594 19.52  92.278049  58.395598 19.576 -100.00 -100.00 -100.00
 147    69.774 56115.83064653 21.45  92.281829  58.397323 25.263 -100.00 -100.00 -100.00
 147    69.117 56115.83064712 23.92  92.285610  58.399049 24.484 -100.00 -100.00 -100.00
 148    69.903 56125.74628378 33.63  92.279865  58.394218 23.402 -100.00 -100.00 -100.00
 148    70.198 56125.74628437 25.68  92.283645  58.395943  6.907 -100.00 -100.00 -100.00
 148    70.139 56125.74628497 29.07  92.287426  58.397668 11.840 -100.00 -100.00 -100.00
 149    70.344 56135.66191764 34.91  92.281206  58.392683 21.502 -100.00 -100.00 -100.00
 149    69.570 56135.66191824 32.26  92.284986  58.394408 18.379 -100.00 -100.00 -100.00
 149    69.575 56135.66191883 32.34  92.288767  58.396134 17.595 -100.00 -100.00 -100.00
 150    68.101 56145.57756033 28.68  92.282965  58.393849 24.266 -100.00 -100.00 -100.00
 150    68.833 56145.57756092 26.08  92.286745  58.395574 14.388 -100.00 -100.00 -100.00
 150    68.891 56145.57756151 24.10  92.290526  58.397299 12.189 -100.00 -100.00 -100.00
 151    69.790 56155.49320988 38.59  92.278947  58.393893 26.165 -100.00 -100.00 -100.00
 151    69.914 56155.49321047 34.27  92.282727  58.395619 20.157 -100.00 -100.00 -100.00
 151    69.923 56155.49321106 44.29  92.286508  58.397344   -100 -100.00 -100.00 -100.00
 152    69.659 56165.40885917 31.58  92.279714  58.395740 13.765 -100.00 -100.00 -100.00
 152    70.101 56165.40885976 36.51  92.283495  58.397465 25.252 -100.00 -100.00 -100.00
 152    69.643 56165.40886035 38.66  92.287276  58.399190 27.192 -100.00 -100.00 -100.00
 153    69.340 56175.32450581 30.78  92.278873  58.395543 14.432 -100.00 -100.00 -100.00
 153    69.389 56175.32450640 29.13  92.282654  58.397268 11.255 -100.00 -100.00 -100.00
 153    69.376 56175.32450699 30.09  92.286435  58.398994 13.075 -100.00 -100.00 -100.00
 154    69.756 56185.24014710 37.91  92.277562  58.393891 21.531 -100.00 -100.00 -100.00
 154    69.693 56185.24014769 38.09  92.281343  58.395616 29.873 -100.00 -100.00 -100.00
 154    69.606 56185.24014828 41.27  92.285124  58.397342 32.573 -100.00 -100.00 -100.00
 155    75.233 56195.15578528 19.77  92.281007  58.394245 13.137 -100.00 -100.00 -100.00
 155    75.648 56195.15578587 18.84  92.284788  58.395971 10.105 -100.00 -100.00 -100.00
 155    76.177 56195.15578646 19.27  92.288569  58.397696 12.998 -100.00 -100.00 -100.00
 156    69.329 56205.07142002 31.96  92.280777  58.394041 14.101 -100.00 -100.00 -100.00
 156    68.182 56205.07142061 32.28  92.284558  58.395767   -100 -100.00 -100.00 -100.00
 156    67.992 56205.07142120 27.74  92.288340  58.397492 20.521 -100.00 -100.00 -100.00
 157    68.472 56214.98705298 36.81  92.278620  58.393666 29.277 -100.00 -100.00 -100.00
 157    68.275 56214.98705357 34.25  92.282401  58.395392 29.885 -100.00 -100.00 -100.00
 157    68.510 56214.98705416 39.71  92.286182  58.397117   -100 -100.00 -100.00 -100.00
 158    68.739 56224.90269055 37.70  92.279750  58.395052 27.677 -100.00 -100.00 -100.00
 158    68.823 56224.90269114 48.98  92.283531  58.396777   -100 -100.00 -100.00 -100.00
 158    68.767 56224.90269173 52.37  92.287312  58.398503 27.154 -100.00 -100.00 -100.00
 159    79.084 56234.81834581 34.73  92.276345  58.395314 13.192 -100.00 -100.00 -100.00
 159    68.429 56234.81834640 41.95  92.280125  58.397039 19.324 -100.00 -100.00 -100.00
 159    68.119 56234.81834699 49.56  92.283906  58.398765   -100 -100.00 -100.00 -100.00
 160    67.938 56244.73399752 37.60  92.276182  58.395864 29.488 -100.00 -100.00 -100.00
 160    68.074 56244.73399811 40.59  92.279962  58.397589   -100 -100.00 -100.00 -100.00
 160    67.734 56244.73399870 44.60  92.283743  58.399315  1.214 -100.00 -100.00 -100.00
 161    68.248 56254.64964411 31.15  92.275187  58.395763 32.720 -100.00 -100.00 -100.00
 161    68.516 56254.64964470 33.97  92.278967  58.397489   -100 -100.00 -100.00 -100.00
 161    68.911 56254.64964529 35.01  92.282748  58.399214 24.810 -100.00 -100.00 -100.00
 162    68.727 56264.56528707 34.99  92.276529  58.397057 25.337 -100.00 -100.00 -100.00
 162    68.760 56264.56528766 37.86  92.280310  58.398783 30.280 -100.00 -100.00 -100.00
 162    68.785 56264.56528825 38.89  92.284091  58.400508   -100 -100.00 -100.00 -100.00
 163    74.514 56274.48092800 16.25  92.276000  58.397203  8.363 -100.00 -100.00 -100.00
 163    74.973 56274.48092859 17.05  92.279781  58.398929 10.311 -100.00 -100.00 -100.00
 163    73.763 56274.48092918 18.45  92.283563  58.400654 12.251 -100.00 -100.00 -100.00
 164    74.453 56284.39657288 16.01  92.277094  58.396988  7.119 -100.00 -100.00 -100.00
 164    74.834 56284.39657347 16.51  92.280875  58.398714  9.191 -100.00 -100.00 -100.00
 164    74.050 56284.39657406 16.59  92.284657  58.400439  8.138 -100.00 -100.00 -100.00
 165    74.184 56294.31222393 15.51  92.277253  58.395692  6.611 -100.00 -100.00 -100.00
 165    74.689 56294.31222452 16.62  92.281034  58.397418  9.840 -100.00 -100.00 -100.00
 165    73.954 56294.31222511 16.73  92.284815  58.399143  8.444 -100.00 -100.00 -100.00
 166    74.656 56304.22787100 14.88  92.279792  58.395203  7.311 -100.00 -100.00 -100.00
 166    75.181 56304.22787159 15.23  92.283574  58.396928  7.467 -100.00 -100.00 -100.00
 166    73.227 56304.22787218 16.57  92.287355  58.398654  8.355 -100.00 -100.00 -100.00
 167    74.063 56314.14351369 13.56  92.278146  58.394346  5.621 -100.00 -100.00 -100.00
 167    74.606 56314.14351428 14.46  92.281927  58.396071  6.710 -100.00 -100.00 -100.00
 167    72.926 56314.14351487 16.10  92.285709  58.397797 11.162 -100.00 -100.00 -100.00
 168    86.194 56324.05915452 13.49  92.277066  58.395225  6.381 -100.00 -100.00 -100.00
 168    74.157 56324.05915511 14.22  92.280848  58.396951  7.473 -100.00 -100.00 -100.00
 168    74.810 56324.05915570 14.68  92.284629  58.398676  8.334 -100.00 -100.00 -100.00
 169    73.861 56333.97479458 12.40  92.276300  58.395935  5.413 -100.00 -100.00 -100.00
 169    75.224 56333.97479517 12.05  92.280082  58.397660  5.133 -100.00 -100.00 -100.00
 169    75.339 56333.97479576 12.54  92.283863  58.399386  5.464 -100.00 -100.00 -100.00
 170    73.109 56343.89043409 13.73  92.278342  58.395880  7.570 -100.00 -100.00 -100.00
 170    72.784 56343.89043468 14.11  92.282123  58.397606  7.385 -100.00 -100.00 -100.00
 170    75.007 56343.89043527 13.74  92.285904  58.399331  6.932 -100.00 -100.00 -100.00
 171    73.951 56353.80607086 12.07  92.279000  58.393622  6.675 -100.00 -100.00 -100.00
 171    74.446 56353.80607145 11.53  92.282781  58.395348  6.114 -100.00 -100.00 -100.00
 171    73.006 56353.80607204 13.17  92.286562  58.397073  8.257 -100.00 -100.00 -100.00
 172    75.916 56363.72171424 11.48  92.281196  58.393409  5.186 -100.00 -100.00 -100.00
 172    76.186 56363.72171483 11.99  92.284976  58.395135  4.897 -100.00 -100.00 -100.00
 172    77.461 56363.72171542 11.94  92.288757  58.396860  4.818 -100.00 -100.00 -100.00
 173    79.642 56373.63736324  8.74  92.280327  58.394594  4.348 -100.00 -100.00 -100.00
 173    78.784 56373.63736383  8.93  92.284108  58.396319  3.816 -100.00 -100.00 -100.00
 173    78.330 56373.63736442  9.41  92.287889  58.398045  4.316 -100.00 -100.00 -100.00
 175    72.564 56393.46865382 23.51  92.276641  58.398602 30.966 -100.00 -100.00 -100.00
 175    72.525 56393.46865441 24.63  92.280422  58.400327   -100 -100.00 -100.00 -100.00
 175    72.747 56393.46865500 22.17  92.284204  58.402053 23.145 -100.00 -100.00 -100.00
 176    71.998 56403.38429629 37.11  92.276655  58.398936 22.069 -100.00 -100.00 -100.00
 176    71.819 56403.38429688 41.81  92.280436  58.400661   -100 -100.00 -100.00 -100.00
 176    78.499 56403.38429747 36.58  92.284218  58.402387   -100 -100.00 -100.00 -100.00
 177    73.007 56413.29993527 37.06  92.274291  58.396521 24.861 -100.00 -100.00 -100.00
 177    72.824 56413.29993586 38.64  92.278072  58.398247   -100 -100.00 -100.00 -100.00
 177    72.893 56413.29993645 40.61  92.281853  58.399972   -100 -100.00 -100.00 -100.00
 178    96.468 56423.21557014 22.92  92.278810  58.395862  6.685 -100.00 -100.00 -100.00
 178    96.345 56423.21557073 23.97  92.282590  58.397587  9.122 -100.00 -100.00 -100.00
 178    93.944 56423.21557132 23.71  92.286372  58.399313  8.623 -100.00 -100.00 -100.00
 179    72.397 56433.13121336 38.86  92.277582  58.395303 20.923 -100.00 -100.00 -100.00
 179    72.054 56433.13121395 50.86  92.281363  58.397029   -100 -100.00 -100.00 -100.00
 179    71.856 56433.13121454 51.25  92.285144  58.398755   -100 -100.00 -100.00 -100.00
 180    70.877 56443.04686573 33.92  92.275555  58.396911 19.540 -100.00 -100.00 -100.00
 180    70.976 56443.04686632 34.87  92.279336  58.398637 23.202 -100.00 -100.00 -100.00
 180    70.827 56443.04686691 37.90  92.283118  58.400362 32.680 -100.00 -100.00 -100.00
 181    70.777 56452.96251571 33.63  92.275403  58.398779 18.181 -100.00 -100.00 -100.00
 181    70.847 56452.96251630 31.20  92.279184  58.400504 10.244 -100.00 -100.00 -100.00
 181    70.859 56452.96251689 34.68  92.282966  58.402230 17.841 -100.00 -100.00 -100.00
 182    71.662 56462.87816300 42.93  92.277337  58.398962   -100 -100.00 -100.00 -100.00
 182    71.950 56462.87816359 46.87  92.281118  58.400687   -100 -100.00 -100.00 -100.00
 182    71.372 56462.87816418 46.90  92.284900  58.402413   -100 -100.00 -100.00 -100.00
 183    70.880 56472.79380658 27.13  92.278455  58.396924 13.369 -100.00 -100.00 -100.00
 183    70.829 56472.79380717 24.20  92.282236  58.398650  7.116 -100.00 -100.00 -100.00
 183    70.636 56472.79380776 24.25  92.286017  58.400375  5.528 -100.00 -100.00 -100.00
 184    68.103 56482.70944637 29.21  92.277497  58.393522 21.352 -100.00 -100.00 -100.00
 184    69.947 56482.70944696 27.72  92.281277  58.395247 13.846 -100.00 -100.00 -100.00
 184    69.863 56482.70944755 29.04  92.285058  58.396972 15.033 -100.00 -100.00 -100.00
 185    70.302 56492.62508337 28.57  92.279001  58.393240 15.856 -100.00 -100.00 -100.00
 185    70.109 56492.62508396 28.07  92.282781  58.394965 13.474 -100.00 -100.00 -100.00
 185    69.808 56492.62508455 29.87  92.286562  58.396691 18.794 -100.00 -100.00 -100.00
 186    70.718 56502.54071783 38.60  92.277877  58.393264 21.494 -100.00 -100.00 -100.00
 186    70.523 56502.54071842 42.00  92.281658  58.394990 29.277 -100.00 -100.00 -100.00
 186    69.930 56502.54071901 46.95  92.285438  58.396715  5.087 -100.00 -100.00 -100.00
 187    69.700 56512.45635104 30.04  92.278725  58.393834 14.621 -100.00 -100.00 -100.00
 187    69.314 56512.45635163 30.97  92.282505  58.395560 19.148 -100.00 -100.00 -100.00
 187    69.739 56512.45635222 29.35  92.286285  58.397285 12.870 -100.00 -100.00 -100.00
 188    70.380 56522.37199870 37.83  92.277725  58.393853 24.053 -100.00 -100.00 -100.00
 188    70.613 56522.37199929 31.20  92.281505  58.395579 10.737 -100.00 -100.00 -100.00
 188    70.646 56522.37199988 41.48  92.285286  58.397305   -100 -100.00 -100.00 -100.00
 189    71.105 56532.28765154 28.07  92.279085  58.394189  9.448 -100.00 -100.00 -100.00
 189    71.029 56532.28765213 29.36  92.282865  58.395914 13.988 -100.00 -100.00 -100.00
 189    71.161 56532.28765272 28.91  92.286646  58.397640 10.299 -100.00 -100.00 -100.00
 191    70.125 56552.11894561 41.92  92.280213  58.395023 31.639 -100.00 -100.00 -100.00
 191    70.441 56552.11894620 42.29  92.283994  58.396748 32.454 -100.00 -100.00 -100.00
 191    69.852 56552.11894679 46.08  92.287776  58.398474   -100 -100.00 -100.00 -100.00
 192    70.180 56562.03458795 33.94  92.275474  58.395654 19.896 -100.00 -100.00 -100.00
 192    70.289 56562.03458854 36.99  92.279255  58.397379 27.614 -100.00 -100.00 -100.00
 192    70.991 56562.03458913 39.81  92.283036  58.399105 20.855 -100.00 -100.00 -100.00
 193    70.062 56571.95022987 27.04  92.276159  58.398503 10.661 -100.00 -100.00 -100.00
 193    69.884 56571.95023046 27.29  92.279940  58.400228  9.777 -100.00 -100.00 -100.00
 193    69.874 56571.95023105 26.98  92.283722  58.401954  8.014 -100.00 -100.00 -100.00
 194    74.108 56581.86586959 23.16  92.276349  58.398890  9.883 -100.00 -100.00 -100.00
 194    72.794 56581.86587018 23.17  92.280130  58.400616  8.947 -100.00 -100.00 -100.00
 194    69.606 56581.86587077 24.45  92.283911  58.402341 11.522 -100.00 -100.00 -100.00
 195    69.211 56591.78150456 28.68  92.276766  58.395972 26.505 -100.00 -100.00 -100.00
 195    69.312 56591.78150515 31.76  92.280547  58.397698   -100 -100.00 -100.00 -100.00
 195    69.836 56591.78150574 32.99  92.284328  58.399423 26.868 -100.00 -100.00 -100.00
 196    75.450 56601.69715392 19.65  92.277179  58.394971 12.988 -100.00 -100.00 -100.00
 196    75.367 56601.69715451 21.88  92.280959  58.396697 16.731 -100.00 -100.00 -100.00
 196    75.379 56601.69715510 24.34  92.284740  58.398422 19.086 -100.00 -100.00 -100.00
 197    69.390 56611.61280347 32.99  92.275750  58.394901 32.616 -100.00 -100.00 -100.00
 197    69.259 56611.61280406 34.31  92.279531  58.396627   -100 -100.00 -100.00 -100.00
 197    69.844 56611.61280465 36.20  92.283311  58.398352 22.005 -100.00 -100.00 -100.00
 198    68.606 56621.52844883 35.23  92.274656  58.396220 26.538 -100.00 -100.00 -100.00
 198    69.839 56621.52844942 39.90  92.278437  58.397946 17.184 -100.00 -100.00 -100.00
 198    69.064 56621.52845001 50.99  92.282218  58.399671   -100 -100.00 -100.00 -100.00
 199    70.082 56631.44409135 37.19  92.274720  58.397457 17.988 -100.00 -100.00 -100.00
 199    69.750 56631.44409194 44.24  92.278501  58.399183 21.030 -100.00 -100.00 -100.00
 199    69.522 56631.44409253 48.29  92.282283  58.400908   -100 -100.00 -100.00 -100.00
 200    68.340 56641.35973003 39.05  92.278257  58.397429 20.715 -100.00 -100.00 -100.00
 200    69.020 56641.35973062 51.15  92.282039  58.399155   -100 -100.00 -100.00 -100.00
 200    68.896 56641.35973121 40.96  92.285820  58.400880   -100 -100.00 -100.00 -100.00
 201    69.543 56651.27537808 40.16  92.279089  58.395275 24.253 -100.00 -100.00 -100.00
 201    69.598 56651.27537867 44.25  92.282870  58.397001 26.118 -100.00 -100.00 -100.00
 201    69.386 56651.27537926 41.97  92.286652  58.398727   -100 -100.00 -100.00 -100.00
 202    69.809 56661.19102814 38.01  92.278997  58.393573 15.981 -100.00 -100.00 -100.00
 202    69.193 56661.19102873 42.23  92.282779  58.395299 26.565 -100.00 -100.00 -100.00
 202    69.210 56661.19102932 48.07  92.286560  58.397024   -100 -100.00 -100.00 -100.00
 203    70.228 56671.10667518 37.34  92.278854  58.393942 17.439 -100.00 -100.00 -100.00
 203    70.427 56671.10667578 40.13  92.282635  58.395668 19.009 -100.00 -100.00 -100.00
 203    69.904 56671.10667637 45.65  92.286417  58.397393   -100 -100.00 -100.00 -100.00
 204    69.785 56681.02232002 33.22  92.275595  58.395274 23.172 -100.00 -100.00 -100.00
 204    70.014 56681.02232061 37.25  92.279376  58.397000 24.695 -100.00 -100.00 -100.00
 204    69.290 56681.02232120 39.10  92.283158  58.398725   -100 -100.00 -100.00 -100.00
 205    73.600 56690.93796353 16.52  92.277297  58.397893 10.052 -100.00 -100.00 -100.00
 205    73.308 56690.93796413 16.80  92.281078  58.399619  8.725 -100.00 -100.00 -100.00
 205    73.287 56690.93796472 17.82  92.284860  58.401344 10.925 -100.00 -100.00 -100.00
 206    73.313 56700.85360281 16.02  92.277111  58.396944  9.691 -100.00 -100.00 -100.00
 206    73.119 56700.85360340 16.36  92.280892  58.398670  8.874 -100.00 -100.00 -100.00
 206    73.014 56700.85360399 18.20  92.284674  58.400395 13.938 -100.00 -100.00 -100.00
 207    73.327 56710.76923732 15.21  92.279449  58.394501  8.910 -100.00 -100.00 -100.00
 207    73.125 56710.76923791 15.34  92.283230  58.396226  9.180 -100.00 -100.00 -100.00
 207    76.292 56710.76923850 13.83  92.287011  58.397952  6.340 -100.00 -100.00 -100.00
 208    73.263 56720.68488029 14.53  92.279945  58.393561  9.434 -100.00 -100.00 -100.00
 208    75.310 56720.68488088 13.47  92.283726  58.395286  6.393 -100.00 -100.00 -100.00
 208    72.981 56720.68488147 14.04  92.287507  58.397012  8.657 -100.00 -100.00 -100.00
 209    73.285 56730.60053226 13.37  92.278529  58.395132  7.975 -100.00 -100.00 -100.00
 209    76.235 56730.60053285 12.64  92.282310  58.396858  6.486 -100.00 -100.00 -100.00
 209    73.067 56730.60053344 13.20  92.286091  58.398583  7.121 -100.00 -100.00 -100.00
 210    73.156 56740.51618066 24.56  92.276732  58.398097 30.960 -100.00 -100.00 -100.00
 210    73.213 56740.51618125 25.43  92.280513  58.399822 30.485 -100.00 -100.00 -100.00
 210    73.172 56740.51618184 24.00  92.284295  58.401547 24.801 -100.00 -100.00 -100.00
 211    74.231 56750.43182502 35.22  92.276385  58.400651 26.653 -100.00 -100.00 -100.00
 211    74.222 56750.43182561 35.27  92.280166  58.402377 28.999 -100.00 -100.00 -100.00
 212    71.158 56760.34746394 40.96  92.275690  58.399883 21.763 -100.00 -100.00 -100.00
 212    70.541 56760.34746453 51.28  92.279472  58.401609  0.097 -100.00 -100.00 -100.00
 212    70.310 56760.34746512 42.46  92.283253  58.403335   -100 -100.00 -100.00 -100.00
 213    89.711 56770.26309611 29.52  92.276222  58.396645 18.956 -100.00 -100.00 -100.00
 213    89.606 56770.26309670 24.88  92.280003  58.398371 10.487 -100.00 -100.00 -100.00
 213    88.526 56770.26309729 26.80  92.283784  58.400096 13.034 -100.00 -100.00 -100.00
 214    72.262 56780.17874851 34.90  92.278303  58.396902 29.685 -100.00 -100.00 -100.00
 214    72.476 56780.17874910 36.13  92.282084  58.398627 24.078 -100.00 -100.00 -100.00
 214    72.076 56780.17874969 38.74  92.285866  58.400353   -100 -100.00 -100.00 -100.00
 215    89.195 56790.09440327 26.19  92.274678  58.396308  8.842 -100.00 -100.00 -100.00
 215    75.718 56790.09440386 27.13  92.278459  58.398034  9.863 -100.00 -100.00 -100.00
 215    75.605 56790.09440445 27.27  92.282241  58.399759 10.420 -100.00 -100.00 -100.00
 216    70.332 56800.01005580 40.44  92.276811  58.399593   -100 -100.00 -100.00 -100.00
 216    70.582 56800.01005639 38.59  92.280592  58.401318   -100 -100.00 -100.00 -100.00
 216    70.474 56800.01005698 36.23  92.284374  58.403043 28.795 -100.00 -100.00 -100.00
 217    70.542 56809.92570108 42.18  92.275727  58.400580   -100 -100.00 -100.00 -100.00
 217    70.808 56809.92570167 47.85  92.279509  58.402305   -100 -100.00 -100.00 -100.00
 217    70.210 56809.92570226 47.82  92.283291  58.404031  5.238 -100.00 -100.00 -100.00
 218    70.636 56819.84134065 39.16  92.273198  58.398392 19.505 -100.00 -100.00 -100.00
 218    70.836 56819.84134124 43.21  92.276979  58.400118 26.751 -100.00 -100.00 -100.00
 218    70.311 56819.84134183 54.09  92.280760  58.401843  2.032 -100.00 -100.00 -100.00
 219    71.092 56829.75697683 39.06  92.276054  58.396102 17.359 -100.00 -100.00 -100.00
 219    70.834 56829.75697742 46.41  92.279834  58.397828 28.455 -100.00 -100.00 -100.00
 219    70.567 56829.75697801 50.43  92.283615  58.399553   -100 -100.00 -100.00 -100.00
 220    71.430 56839.67260970 37.39  92.278753  58.392881 13.573 -100.00 -100.00 -100.00
 220    70.699 56839.67261029 40.86  92.282533  58.394606 28.917 -100.00 -100.00 -100.00
 220    70.226 56839.67261088 47.51  92.286313  58.396332   -100 -100.00 -100.00 -100.00
 221    70.547 56849.58824367 40.22  92.283808  58.393075 24.980 -100.00 -100.00 -100.00
 221    70.822 56849.58824426 40.30  92.287588  58.394800 26.748 -100.00 -100.00 -100.00
 221    69.754 56849.58824485 46.33  92.291369  58.396525   -100 -100.00 -100.00 -100.00
 222    70.675 56859.50389818 39.16  92.279945  58.394894 22.828 -100.00 -100.00 -100.00
 222    70.764 56859.50389877 41.68  92.283725  58.396619 29.566 -100.00 -100.00 -100.00
 222    70.152 56859.50389936 46.24  92.287506  58.398345   -100 -100.00 -100.00 -100.00
 223    95.408 56869.41955185 21.58  92.276102  58.396785 10.623 -100.00 -100.00 -100.00
 223    95.275 56869.41955244 20.14  92.279882  58.398511  9.235 -100.00 -100.00 -100.00
 223    95.121 56869.41955303 18.67  92.283663  58.400236  7.452 -100.00 -100.00 -100.00
 224    70.171 56879.33520356 39.31  92.276910  58.398615   -100 -100.00 -100.00 -100.00
 224    70.151 56879.33520415 42.17  92.280692  58.400341   -100 -100.00 -100.00 -100.00
 224    70.101 56879.33520474 41.20  92.284473  58.402066   -100 -100.00 -100.00 -100.00
 225    95.428 56889.25085138 18.24  92.277053  58.397998  6.937 -100.00 -100.00 -100.00
 225    94.977 56889.25085197 18.14  92.280834  58.399723  7.609 -100.00 -100.00 -100.00
 225    94.904 56889.25085256 16.64  92.284616  58.401449  5.535 -100.00 -100.00 -100.00
 226    70.637 56899.16649609 35.38  92.275534  58.396241 21.388 -100.00 -100.00 -100.00
 226    70.455 56899.16649668 39.21  92.279315  58.397966 27.346 -100.00 -100.00 -100.00
 226    70.288 56899.16649727 50.45  92.283096  58.399691 11.461 -100.00 -100.00 -100.00
 227    69.604 56909.08213888 36.30  92.275215  58.397009 20.736 -100.00 -100.00 -100.00
 227    70.151 56909.08213947 48.39  92.278997  58.398734   -100 -100.00 -100.00 -100.00
 227    70.023 56909.08214006 52.93  92.282779  58.400460   -100 -100.00 -100.00 -100.00
 228    70.353 56918.99778022 41.15  92.276724  58.399733 24.849 -100.00 -100.00 -100.00
 228    69.893 56918.99778081 52.18  92.280505  58.401458   -100 -100.00 -100.00 -100.00
 228    69.532 56918.99778140 45.09  92.284287  58.403184  3.147 -100.00 -100.00 -100.00
 229    69.767 56928.91341895 39.59  92.275787  58.400580   -100 -100.00 -100.00 -100.00
 229    70.209 56928.91341954 38.86  92.279568  58.402305   -100 -100.00 -100.00 -100.00
 229    69.644 56928.91342013 40.91  92.283350  58.404031   -100 -100.00 -100.00 -100.00
 230    69.924 56938.82905319 37.07  92.276739  58.399667   -100 -100.00 -100.00 -100.00
 230    69.832 56938.82905378 42.96  92.280520  58.401392   -100 -100.00 -100.00 -100.00
 230    69.527 56938.82905437 35.96  92.284302  58.403118   -100 -100.00 -100.00 -100.00
 231    70.554 56948.74468757 38.03  92.278142  58.397094 19.465 -100.00 -100.00 -100.00
 231    69.813 56948.74468816 49.51  92.281922  58.398819   -100 -100.00 -100.00 -100.00
 231    69.435 56948.74468875 48.19  92.285703  58.400545  2.665 -100.00 -100.00 -100.00
 232    68.742 56958.66034006 28.94  92.276306  58.395660 16.377 -100.00 -100.00 -100.00
 232    68.126 56958.66034065 37.11  92.280086  58.397385   -100 -100.00 -100.00 -100.00
 232    67.969 56958.66034125 39.04  92.283867  58.399110  1.158 -100.00 -100.00 -100.00
 233    69.171 56968.57598772 35.40  92.275733  58.395557 16.969 -100.00 -100.00 -100.00
 233    68.325 56968.57598831 39.20  92.279513  58.397283   -100 -100.00 -100.00 -100.00
 233    68.652 56968.57598890 44.88  92.283294  58.399008   -100 -100.00 -100.00 -100.00
 234    67.999 56978.49163199 37.61  92.277637  58.397102 30.482 -100.00 -100.00 -100.00
 234    67.759 56978.49163258 49.30  92.281418  58.398827 11.375 -100.00 -100.00 -100.00
 234    67.812 56978.49163317 39.53  92.285200  58.400552   -100 -100.00 -100.00 -100.00
 235    68.357 56988.40727156 37.49  92.278221  58.397461 26.873 -100.00 -100.00 -100.00
 235    68.367 56988.40727215 39.04  92.282002  58.399187 32.356 -100.00 -100.00 -100.00
 235    68.251 56988.40727274 35.70  92.285783  58.400912   -100 -100.00 -100.00 -100.00
 236    74.992 56998.32290457 18.25  92.278425  58.395290 12.983 -100.00 -100.00 -100.00
 236    75.455 56998.32290516 16.93  92.282205  58.397015  9.000 -100.00 -100.00 -100.00
 236    75.815 56998.32290575 19.36  92.285987  58.398741 14.135 -100.00 -100.00 -100.00
 237    73.888 57008.23855408 16.95  92.278799  58.394451 10.976 -100.00 -100.00 -100.00
 237    73.448 57008.23855467 17.61  92.282580  58.396177 11.427 -100.00 -100.00 -100.00
 237    76.454 57008.23855526 17.05  92.286362  58.397903  8.906 -100.00 -100.00 -100.00
 238    74.113 57018.15420714 22.28  92.278231  58.393742 19.470 -100.00 -100.00 -100.00
 238    73.854 57018.15420773 20.69  92.282012  58.395468 15.984 -100.00 -100.00 -100.00
 238    73.795 57018.15420832 20.26  92.285793  58.397194 14.907 -100.00 -100.00 -100.00
 239    74.858 57028.06985685 12.30  92.276821  58.393753  6.329 -100.00 -100.00 -100.00
 239    73.718 57028.06985744 14.85  92.280602  58.395478  9.069 -100.00 -100.00 -100.00
 239    76.360 57028.06985803 12.91  92.284383  58.397204  6.941 -100.00 -100.00 -100.00
 240    87.226 57037.98550495 13.05  92.275452  58.395124  7.411 -100.00 -100.00 -100.00
 240    87.105 57037.98550554 13.03  92.279233  58.396849  6.360 -100.00 -100.00 -100.00
 240    86.368 57037.98550613 13.63  92.283015  58.398575  7.231 -100.00 -100.00 -100.00
 241    86.951 57047.90115097 15.48  92.277388  58.397541 10.441 -100.00 -100.00 -100.00
 241    73.029 57047.90115156 17.33  92.281169  58.399266 14.719 -100.00 -100.00 -100.00
 241    73.182 57047.90115215 15.02  92.284951  58.400992  9.265 -100.00 -100.00 -100.00
 242    73.029 57057.81679256 16.18  92.276894  58.397144 12.782 -100.00 -100.00 -100.00
 242    72.923 57057.81679315 14.74  92.280675  58.398870  9.164 -100.00 -100.00 -100.00
 242    76.702 57057.81679374 14.57  92.284456  58.400595  8.157 -100.00 -100.00 -100.00
 243    87.444 57067.73242848 10.99  92.277242  58.395367  5.476 -100.00 -100.00 -100.00
 243    86.405 57067.73242907 11.81  92.281023  58.397093  6.350 -100.00 -100.00 -100.00
 243    78.554 57067.73242966 11.14  92.284804  58.398818  5.249 -100.00 -100.00 -100.00
 244    89.519 57077.64806042 10.85  92.279032  58.394483  6.372 -100.00 -100.00 -100.00
 244    77.394 57077.64806101 11.99  92.282812  58.396208  8.469 -100.00 -100.00 -100.00
 244    77.783 57077.64806160 11.44  92.286593  58.397934  5.833 -100.00 -100.00 -100.00
 245    75.765 57087.56369313 12.86  92.280563  58.394509  6.301 -100.00 -100.00 -100.00
 245    75.046 57087.56369372 13.76  92.284343  58.396235  7.252 -100.00 -100.00 -100.00
 245    72.742 57087.56369431 13.92  92.288124  58.397960  7.966 -100.00 -100.00 -100.00
 246    73.018 57097.47935176 18.23  92.276011  58.396523 15.109 -100.00 -100.00 -100.00
 246    73.143 57097.47935235 17.64  92.279791  58.398249 12.958 -100.00 -100.00 -100.00
 246    72.997 57097.47935294 17.14  92.283573  58.399974 12.054 -100.00 -100.00 -100.00
 247    73.005 57107.39500778 18.17  92.274154  58.398713 18.910 -100.00 -100.00 -100.00
 247    72.924 57107.39500837 18.08  92.277935  58.400439 19.020 -100.00 -100.00 -100.00
 247    72.911 57107.39500896 17.02  92.281716  58.402164 15.765 -100.00 -100.00 -100.00
 248    94.757 57117.31065860 22.66  92.273010  58.398610 22.973 -100.00 -100.00 -100.00
 248    89.542 57117.31065919 20.45  92.276791  58.400335 17.864 -100.00 -100.00 -100.00
 248    93.968 57117.31065978 18.01  92.280572  58.402061 15.221 -100.00 -100.00 -100.00
 249    70.450 57127.22630350 36.47  92.275519  58.398403 15.905 -100.00 -100.00 -100.00
 249    71.359 57127.22630409 40.34  92.279300  58.400128 16.500 -100.00 -100.00 -100.00
 249    69.842 57127.22630468 38.95  92.283082  58.401854   -100 -100.00 -100.00 -100.00
 250    72.274 57137.14194261 40.36  92.276512  58.397112 31.440 -100.00 -100.00 -100.00
 250    72.095 57137.14194320 41.89  92.280293  58.398838   -100 -100.00 -100.00 -100.00
 250    71.844 57137.14194379 46.73  92.284075  58.400563 16.389 -100.00 -100.00 -100.00
 251    72.397 57147.05757740 37.31  92.275941  58.395278 26.381 -100.00 -100.00 -100.00
 251    72.784 57147.05757799 42.23  92.279722  58.397003 28.928 -100.00 -100.00 -100.00
 251    72.489 57147.05757858 53.51  92.283503  58.398729 10.365 -100.00 -100.00 -100.00
 252    72.473 57156.97321037 41.16  92.279712  58.395519 28.414 -100.00 -100.00 -100.00
 252    72.155 57156.97321096 47.49  92.283493  58.397244   -100 -100.00 -100.00 -100.00
 252    71.975 57156.97321155 48.66  92.287274  58.398970 10.007 -100.00 -100.00 -100.00
 253    97.287 57166.88885428 19.63  92.277116  58.394218  4.684 -100.00 -100.00 -100.00
 253    95.536 57166.88885487 20.71  92.280896  58.395944  6.055 -100.00 -100.00 -100.00
 253    94.123 57166.88885546 21.60  92.284677  58.397670  7.150 -100.00 -100.00 -100.00
 254    70.698 57176.80451089 36.36  92.278208  58.395754 29.674 -100.00 -100.00 -100.00
 254    70.722 57176.80451148 34.14  92.281989  58.397480 22.030 -100.00 -100.00 -100.00
 254    70.599 57176.80451207 37.67  92.285770  58.399205   -100 -100.00 -100.00 -100.00
 255    71.500 57186.72016291 38.30  92.276396  58.394788 16.735 -100.00 -100.00 -100.00
 255    71.135 57186.72016350 42.31  92.280177  58.396513   -100 -100.00 -100.00 -100.00
 255    71.305 57186.72016409 47.47  92.283958  58.398238   -100 -100.00 -100.00 -100.00
 256    75.386 57196.63581122 21.98  92.277030  58.394794 12.899 -100.00 -100.00 -100.00
 256    70.237 57196.63581181 22.51  92.280810  58.396520 11.711 -100.00 -100.00 -100.00
 256    76.496 57196.63581240 22.61  92.284591  58.398245 10.368 -100.00 -100.00 -100.00
 257    70.384 57206.55144600 35.34  92.277021  58.395303 22.151 -100.00 -100.00 -100.00
 257    70.049 57206.55144659 31.29  92.280802  58.397029 17.080 -100.00 -100.00 -100.00
 257    70.324 57206.55144718 39.21  92.284583  58.398754   -100 -100.00 -100.00 -100.00
 258    69.925 57216.46709138 32.63  92.277721  58.396803 19.134 -100.00 -100.00 -100.00
 258    69.979 57216.46709198 33.59  92.281502  58.398529 20.720 -100.00 -100.00 -100.00
 258    69.778 57216.46709257 35.41  92.285283  58.400254 27.649 -100.00 -100.00 -100.00
 259    70.148 57226.38273507 29.91  92.275448  58.396263 25.786 -100.00 -100.00 -100.00
 259    70.129 57226.38273566 26.96  92.279228  58.397988 17.780 -100.00 -100.00 -100.00
 259    70.267 57226.38273625 28.90  92.283010  58.399714 20.581 -100.00 -100.00 -100.00
 260    69.970 57236.29837712 36.63  92.276712  58.396373 23.399 -100.00 -100.00 -100.00
 260    69.990 57236.29837771 49.75  92.280493  58.398099   -100 -100.00 -100.00 -100.00
 260    69.818 57236.29837830 40.64  92.284274  58.399824   -100 -100.00 -100.00 -100.00
 261    69.944 57246.21401522 36.65  92.275669  58.394840 19.983 -100.00 -100.00 -100.00
 261    70.340 57246.21401581 41.37  92.279450  58.396565 26.653 -100.00 -100.00 -100.00
 261    69.953 57246.21401640 50.26  92.283231  58.398291  0.665 -100.00 -100.00 -100.00
 262    69.760 57256.12965144 40.94  92.279056  58.395742   -100 -100.00 -100.00 -100.00
 262    69.821 57256.12965203 37.73  92.282837  58.397467   -100 -100.00 -100.00 -100.00
 262    69.662 57256.12965262 37.41  92.286618  58.399193 31.815 -100.00 -100.00 -100.00
 263    69.436 57266.04528562 30.67  92.276861  58.395145 15.891 -100.00 -100.00 -100.00
 263    69.425 57266.04528622 29.53  92.280641  58.396870 12.522 -100.00 -100.00 -100.00
 263    69.419 57266.04528681 27.70  92.284422  58.398596  7.897 -100.00 -100.00 -100.00
 264    69.556 57275.96092957 29.74  92.276447  58.396282 16.134 -100.00 -100.00 -100.00
 264    69.634 57275.96093016 29.19  92.280227  58.398007 12.602 -100.00 -100.00 -100.00
 264    69.559 57275.96093075 28.11  92.284008  58.399733 11.704 -100.00 -100.00 -100.00
 265    70.008 57285.87658659 40.46  92.276221  58.397855 26.653 -100.00 -100.00 -100.00
 265    69.986 57285.87658718 46.71  92.280002  58.399580   -100 -100.00 -100.00 -100.00
 265    69.532 57285.87658777 48.05  92.283783  58.401306  1.765 -100.00 -100.00 -100.00
 266    89.684 57295.79224056 24.70  92.276599  58.398034  8.606 -100.00 -100.00 -100.00
 266    75.575 57295.79224115 25.61  92.280380  58.399759 11.014 -100.00 -100.00 -100.00
 266    87.755 57295.79224174 23.80  92.284161  58.401485  7.911 -100.00 -100.00 -100.00
 267    69.943 57305.70789075 38.15  92.276398  58.397396 17.921 -100.00 -100.00 -100.00
 267    69.504 57305.70789134 50.81  92.280179  58.399121   -100 -100.00 -100.00 -100.00
 267    69.095 57305.70789193 50.52  92.283960  58.400846  6.084 -100.00 -100.00 -100.00
 268    69.265 57315.62353751 39.77  92.277887  58.398240   -100 -100.00 -100.00 -100.00
 268    69.169 57315.62353810 44.97  92.281668  58.399965   -100 -100.00 -100.00 -100.00
 268    68.730 57315.62353869 35.10  92.285450  58.401690 26.561 -100.00 -100.00 -100.00
 269    69.652 57325.53918081 39.20  92.276720  58.398525 20.307 -100.00 -100.00 -100.00
 269    68.953 57325.53918140 51.76  92.280501  58.400250   -100 -100.00 -100.00 -100.00
 269    68.489 57325.53918199 49.85  92.284283  58.401975 23.719 -100.00 -100.00 -100.00
 270    68.483 57335.45482194 34.61  92.274751  58.397581 21.474 -100.00 -100.00 -100.00
 270    68.234 57335.45482253 39.25  92.278532  58.399306 32.323 -100.00 -100.00 -100.00
 270    68.080 57335.45482312 43.40  92.282313  58.401031   -100 -100.00 -100.00 -100.00
 271    68.634 57345.37046853 31.58  92.275170  58.397221 19.565 -100.00 -100.00 -100.00
 271    68.721 57345.37046912 35.61  92.278951  58.398946 23.574 -100.00 -100.00 -100.00
 271    68.358 57345.37046971 39.43  92.282732  58.400672 31.898 -100.00 -100.00 -100.00
 272    68.802 57355.28611628 34.76  92.276102  58.396461 19.866 -100.00 -100.00 -100.00
 272    69.179 57355.28611687 36.70  92.279883  58.398186 19.240 -100.00 -100.00 -100.00
 272    67.987 57355.28611747 48.44  92.283665  58.399911 25.782 -100.00 -100.00 -100.00
 273    69.370 57365.20176021 35.49  92.277686  58.395874 21.442 -100.00 -100.00 -100.00
 273    68.952 57365.20176080 38.42  92.281468  58.397600 27.137 -100.00 -100.00 -100.00
 273    68.277 57365.20176139 44.35  92.285250  58.399325  8.027 -100.00 -100.00 -100.00
 274    69.145 57375.11740048 34.42  92.277511  58.395114 26.242 -100.00 -100.00 -100.00
 274    69.013 57375.11740107 37.76  92.281292  58.396840 28.149 -100.00 -100.00 -100.00
 274    68.849 57375.11740166 40.97  92.285074  58.398565   -100 -100.00 -100.00 -100.00
 275    73.395 57385.03303893 22.85  92.277432  58.395307 19.511 -100.00 -100.00 -100.00
 275    73.331 57385.03303952 25.07  92.281214  58.397033 25.988 -100.00 -100.00 -100.00
 275    73.475 57385.03304011 25.30  92.284995  58.398758 24.789 -100.00 -100.00 -100.00
 276    74.791 57394.94867688 22.81  92.277940  58.395375 16.700 -100.00 -100.00 -100.00
 276    74.732 57394.94867747 23.38  92.281721  58.397100 15.800 -100.00 -100.00 -100.00
 276    74.349 57394.94867806 24.84  92.285503  58.398826 20.082 -100.00 -100.00 -100.00
 277    75.076 57404.86431371 21.48  92.278221  58.394460 14.062 -100.00 -100.00 -100.00
 277    75.272 57404.86431430 21.65  92.282002  58.396186 11.887 -100.00 -100.00 -100.00
 277    74.831 57404.86431489 22.74  92.285783  58.397911 13.459 -100.00 -100.00 -100.00
 278    74.961 57414.77996156 21.78  92.279703  58.394965 12.534 -100.00 -100.00 -100.00
 278    75.122 57414.77996215 21.59  92.283484  58.396690 11.793 -100.00 -100.00 -100.00
 278    74.874 57414.77996274 21.98  92.287265  58.398416 14.042 -100.00 -100.00 -100.00
 279    74.816 57424.69561298 19.87  92.279460  58.395973 11.736 -100.00 -100.00 -100.00
 279    74.900 57424.69561357 20.60  92.283241  58.397699 11.177 -100.00 -100.00 -100.00
 279    74.612 57424.69561416 21.32  92.287022  58.399424 13.479 -100.00 -100.00 -100.00
 280    74.894 57434.61126098 19.05  92.274685  58.396101 10.239 -100.00 -100.00 -100.00
 280    74.766 57434.61126157 18.94  92.278465  58.397827  8.891 -100.00 -100.00 -100.00
 280    74.739 57434.61126216 19.21  92.282247  58.399552  8.806 -100.00 -100.00 -100.00
 281    74.942 57444.52690824 18.30  92.275587  58.399239  6.359 -100.00 -100.00 -100.00
 281    74.863 57444.52690883 18.40  92.279369  58.400965  6.694 -100.00 -100.00 -100.00
 281    74.716 57444.52690942 18.88  92.283151  58.402690  7.548 -100.00 -100.00 -100.00
 282    74.687 57454.44255422 17.91  92.273702  58.399756  7.952 -100.00 -100.00 -100.00
 282    74.846 57454.44255481 17.34  92.277483  58.401481  6.522 -100.00 -100.00 -100.00
 282    74.597 57454.44255540 17.49  92.281265  58.403207  7.165 -100.00 -100.00 -100.00
 283    76.558 57464.35819861 13.93  92.275285  58.399667  5.138 -100.00 -100.00 -100.00
 283    77.116 57464.35819920 13.76  92.279066  58.401393  5.210 -100.00 -100.00 -100.00
 283    77.120 57464.35819979 14.06  92.282848  58.403118  4.910 -100.00 -100.00 -100.00
 284    74.782 57474.27383873 22.52  92.275701  58.396532 22.028 -100.00 -100.00 -100.00
 284    74.761 57474.27383932 25.24  92.279482  58.398258 27.487 -100.00 -100.00 -100.00
 284    74.503 57474.27383991 22.46  92.283263  58.399983 22.798 -100.00 -100.00 -100.00
 286    70.259 57494.10510953 35.71  92.279301  58.394056 17.515 -100.00 -100.00 -100.00
 286    70.502 57494.10511012 48.74  92.283081  58.395782   -100 -100.00 -100.00 -100.00
 286    69.891 57494.10511071 53.90  92.286863  58.397508   -100 -100.00 -100.00 -100.00
 287    71.903 57504.02074146 40.19  92.279354  58.394102 25.233 -100.00 -100.00 -100.00
 287    71.616 57504.02074205 46.74  92.283134  58.395828   -100 -100.00 -100.00 -100.00
 287    71.358 57504.02074264 49.48  92.286916  58.397554   -100 -100.00 -100.00 -100.00
 288    71.390 57513.93639556 39.32  92.276228  58.395083 19.881 -100.00 -100.00 -100.00
 288    71.106 57513.93639615 44.58  92.280009  58.396809 29.112 -100.00 -100.00 -100.00
 288    70.811 57513.93639674 48.82  92.283790  58.398534   -100 -100.00 -100.00 -100.00
 289    70.775 57523.85205012 31.62  92.277264  58.395733 20.875 -100.00 -100.00 -100.00
 289    71.017 57523.85205071 33.66  92.281045  58.397459 25.839 -100.00 -100.00 -100.00
 289    71.291 57523.85205130 36.66  92.284826  58.399184 26.972 -100.00 -100.00 -100.00
 290    70.981 57533.76770222 28.97  92.278688  58.394912 15.967 -100.00 -100.00 -100.00
 290    70.505 57533.76770281 30.99  92.282469  58.396638 20.714 -100.00 -100.00 -100.00
 290    70.700 57533.76770340 30.77  92.286250  58.398363 16.496 -100.00 -100.00 -100.00
 291    71.211 57543.68335085 38.48  92.276997  58.393312 22.545 -100.00 -100.00 -100.00
 291    71.377 57543.68335144 42.60  92.280777  58.395037 25.911 -100.00 -100.00 -100.00
 291    70.757 57543.68335203 49.94  92.284558  58.396763 16.862 -100.00 -100.00 -100.00
 291    70.698 57543.68335262 50.89  92.288339  58.398488 23.849 -100.00 -100.00 -100.00
 292    70.834 57553.59899740 37.64  92.276214  58.394032 21.849 -100.00 -100.00 -100.00
 292    70.451 57553.59899800 38.11  92.279994  58.395757   -100 -100.00 -100.00 -100.00
 292    70.711 57553.59899859 43.76  92.283775  58.397482   -100 -100.00 -100.00 -100.00
 292    70.188 57553.59899918 44.36  92.287556  58.399207   -100 -100.00 -100.00 -100.00
 293    70.326 57563.51464274 39.23  92.275732  58.395978 24.529 -100.00 -100.00 -100.00
 293    70.337 57563.51464333 39.57  92.279513  58.397703 31.037 -100.00 -100.00 -100.00
 293    70.495 57563.51464392 45.47  92.283294  58.399429   -100 -100.00 -100.00 -100.00
 294    70.674 57573.43028776 40.25  92.276838  58.397916 25.209 -100.00 -100.00 -100.00
 294    70.436 57573.43028836 51.86  92.280619  58.399641   -100 -100.00 -100.00 -100.00
 294    69.886 57573.43028895 50.73  92.284401  58.401367  6.829 -100.00 -100.00 -100.00
 295    70.432 57583.34593228 40.47  92.277816  58.397985 25.373 -100.00 -100.00 -100.00
 295    70.409 57583.34593288 47.76  92.281597  58.399710   -100 -100.00 -100.00 -100.00
 295    69.876 57583.34593347 37.97  92.285378  58.401435 30.196 -100.00 -100.00 -100.00
 296    70.044 57593.26157450 30.91  92.277294  58.396370   -100 -100.00 -100.00 -100.00
 296    70.113 57593.26157510 27.84  92.281075  58.398095 20.873 -100.00 -100.00 -100.00
 296    70.103 57593.26157569 29.35  92.284856  58.399821 26.832 -100.00 -100.00 -100.00
 297    69.905 57603.17721459 28.09  92.277690  58.395902 10.410 -100.00 -100.00 -100.00
 297    69.857 57603.17721518 27.23  92.281471  58.397627  9.302 -100.00 -100.00 -100.00
 297    69.888 57603.17721577 27.95  92.285252  58.399353  9.691 -100.00 -100.00 -100.00
