# NaN NaN NaN ;Mean Elev.(m), Avg Gradient(m/km), RMS Gradient(m/km) - SRTM1     
#    5.184 -10.423  14.610 ;Mean Elev.(m), Avg Gradient(m/km), RMS Gradient(m/km) - ASTER GDEM
#   27.048  -9.361  13.861 ;Mean Elev.(m), Avg Gradient(m/km), RMS Gradient(m/km) - GMTED2010 
   1  89.787383  61.710075    25.699    25.702  6 54666.19615003 50.927
   2  89.786381  61.711375    25.489    25.508  6 54676.11179468 40.146
   4  89.782760  61.712923    34.022    34.350  5 54695.94307917 22.759
   6  89.787967  61.710376    25.494    25.436  5 54715.77437093 51.629
  11  89.784914  61.712326    25.186    25.193  6 54765.35260859 45.525
  12  89.788424  61.710440    24.871    24.909  5 54775.26825131 43.296
  13  89.789660  61.708276    24.791    24.704  5 54785.18389125 46.627
  14  89.791386  61.708669    24.901    24.877  5 54795.09952990 47.365
  15  89.787588  61.709335    28.043    28.033  5 54805.01516730 42.365
  16  89.787243  61.710515    27.385    27.419  5 54814.93080452 36.179
  17  89.786246  61.710842    26.967    27.114  5 54824.84645020 29.695
  18  89.786465  61.710829    30.931    30.726  5 54834.76208985 26.288
  19  89.785362  61.711403    29.483    29.851  6 54844.67773959 24.056
  20  89.783851  61.712721    30.210    30.604  6 54854.59338861 23.035
  21  89.780693  61.714010    31.183    31.593  6 54864.50903735 21.337
  22  89.780454  61.714716    29.400    29.745  6 54874.42468603 20.591
  23  89.783536  61.714323    32.479    32.522  5 54884.34033227 18.700
  24  89.784325  61.711713    32.438    32.374  5 54894.25597462 18.953
  25  89.787551  61.710444    32.419    32.478  5 54904.17161462 19.666
  26  89.788243  61.710364    32.801    32.784  5 54914.08725328 18.954
  27  89.787226  61.711273    33.549    33.567  5 54924.00289125  9.846
  28  89.785811  61.711574    29.607    29.905  6 54933.91852831 17.973
  29  89.785925  61.710211    28.403    28.419  5 54943.83416338 36.883
  30  89.790609  61.708381    32.608    32.621  5 54953.74979672 40.264
  31  89.791418  61.706952    34.184    34.255  5 54963.66544140 48.776
  32  89.789253  61.707210    34.902    34.856  5 54973.58108965 28.308
  33  89.788347  61.709414   106.281   107.684  6 54983.49673758 15.728
  36  89.784280  61.711682    35.093    34.637  5 55013.24367606 21.365
  37  89.785959  61.711955    26.670    26.659  6 55023.15931931 51.323
  38  89.784799  61.712380    25.593    25.601  6 55033.07496155 45.076
  39  89.783542  61.712831    25.591    25.607  5 55042.99060303 48.501
  40  89.783989  61.712390    27.370    25.675  5 55052.90624296 28.051
  41  89.786445  61.710838    25.771    25.789  6 55062.82188074 53.527
  42  89.787979  61.709311    25.481    25.499  5 55072.73752503 34.365
  43  89.789041  61.708851    25.571    25.574  6 55082.65317339 51.011
  44  89.787629  61.709289    25.343    25.249  5 55092.56882012 29.731
  45  89.785526  61.710284    25.527    25.443  5 55102.48446663 42.720
  46  89.784928  61.711403    33.515    33.083  5 55112.40011300 20.594
  47  89.786474  61.711285    30.074    32.223  6 55122.31575710 24.752
  48  89.787868  61.709859    25.306    25.252  5 55132.23139811 51.749
  49  89.789910  61.708855    25.046    25.046  6 55142.14703716 44.358
  50  89.789096  61.708783    29.790    30.223  6 55152.06267536 30.674
  51  89.787734  61.709577    32.721    32.748  5 55161.97831379 22.398
  52  89.787425  61.710505    32.813    32.885  6 55171.89395195 19.892
  53  89.787385  61.710422    32.735    32.732  5 55181.80958845 19.342
  54  89.787955  61.711405    32.876    32.929  5 55191.72523851 16.567
  55  89.784713  61.711913    32.613    32.601  5 55201.64088840 17.520
  56  89.784333  61.713238    32.729    32.763  5 55211.55653808 16.751
  57  89.782731  61.713431    32.676    32.717  5 55221.47218707 15.900
  58  89.783446  61.712893    32.518    32.519  6 55231.38783506 16.202
  59  89.786996  61.712178    32.671    32.750  5 55241.30348006 17.214
  60  89.786567  61.710501    32.678    32.720  5 55251.21912105 16.551
  61  89.786156  61.709885    32.454    32.380  5 55261.13475980 17.837
  62  89.785519  61.710067    32.584    32.617  5 55271.05039769 14.247
  64  89.787222  61.709847    33.313    33.211  5 55290.88167223 10.174
  65  89.789806  61.708831    33.073    33.056  6 55300.79730664 11.655
  66  89.791725  61.708728    32.988    32.900  5 55310.71295318 12.093
  67  89.790379  61.708556    30.442    29.472  5 55320.62859857 30.226
  68  89.788926  61.709405   108.255   111.204  6 55330.54424305 21.317
  69  89.788471  61.710982   111.864   112.788  5 55340.45988764  3.668
  70  89.786680  61.711312    30.920    30.868  5 55350.37553174 40.275
  71  89.786114  61.711298    35.781    35.338  5 55360.29117381 26.021
  72  89.785717  61.711352    35.777    35.795  5 55370.20681370 23.114
  73  89.785820  61.711833    35.117    34.927  5 55380.12245215 23.322
  74  89.786532  61.712475    26.708    26.724  5 55390.03808992 47.483
  75  89.787546  61.711930    26.089    26.107  5 55399.95372648 35.761
  76  89.787277  61.710274    26.125    26.170  5 55409.86937363 51.048
  77  89.788806  61.708999    26.004    26.007  6 55419.78502392 46.568
  78  89.788511  61.708240    33.969    33.839  5 55429.70067089 20.771
  79  89.787636  61.709217    28.413    29.375  5 55439.61631556 27.721
  80  89.786206  61.710560    31.730    33.141  5 55449.53195885 23.416
  81  89.785606  61.710856    28.322    28.554  5 55459.44760172 28.365
  82  89.787034  61.710117    36.086    36.009  6 55469.36324381 21.091
  83  89.789273  61.708747    35.794    35.352  6 55479.27888271 25.364
  84  89.789729  61.707510    25.850    25.769  5 55489.19451861 50.338
  85  89.789612  61.707431    25.360    25.399  5 55499.11015226 48.755
  86  89.789648  61.709160    25.080    25.063  6 55509.02579229 52.904
  87  89.787629  61.710636    24.759    24.698  6 55518.94144227 48.476
  88  89.787924  61.711696    26.895    26.909  5 55528.85709148 35.752
  89  89.785014  61.710987    31.264    32.173  5 55538.77273837 26.506
  90  89.784640  61.711271    32.283    32.242  5 55548.68838339 22.579
  91  89.783219  61.712118    32.109    32.088  5 55558.60402670 22.510
  92  89.783049  61.713284    32.188    32.229  5 55568.51966935 22.144
  93  89.782226  61.712454    31.952    31.906  5 55578.43531088 22.756
  94  89.785520  61.710703    32.033    31.950  5 55588.35095035 23.319
  95  89.789669  61.708264    32.420    32.431  6 55598.26658675 22.134
  96  89.791235  61.706776    32.759    32.730  6 55608.18222037 21.905
  97  89.791072  61.707048    32.460    32.465  5 55618.09785206 23.348
  98  89.789195  61.709333    32.173    32.166  6 55628.01349845 23.897
  99  89.785887  61.709750    31.843    31.905  5 55637.92914939 23.076
 100  89.788726  61.709715    33.269    33.254  6 55647.84479875 10.949
 101  89.790600  61.708337    32.901    32.939  5 55657.76044495 16.218
 102  89.791145  61.707816    27.718    27.655  5 55667.67608704 36.986
 103  89.790026  61.708817    34.807    34.284  6 55677.59172655 32.241
 104  89.788220  61.710372    98.813    97.992  5 55687.50736421 11.294
 105  89.786145  61.710788    36.222    36.121  5 55697.42300047 25.726
 106  89.786494  61.709885    28.921    28.976  5 55707.33863545 41.823
 107  89.788732  61.710387    26.756    26.669  5 55717.25428708 51.811
 108  89.785561  61.710080    35.626    35.768  5 55727.16993532 21.283
 109  89.784756  61.711450    32.165    32.895  5 55737.08558225 26.551
 110  89.783383  61.712579    28.987    31.478  5 55747.00122780 28.379
 111  89.783399  61.712306    34.285    33.841  5 55756.91687123 23.025
 112  89.786429  61.710582    25.405    25.349  5 55766.83251218 40.112
 113  89.791949  61.708829    34.516    34.322  5 55776.74815040 21.123
 114  89.790961  61.706608    25.787    25.780  5 55786.66378530 47.308
 115  89.790457  61.707249    26.259    26.297  5 55796.57941893 34.200
 116  89.789348  61.709166    34.676    34.718  5 55806.49506057 21.207
 117  89.788133  61.710362    30.639    30.297  5 55816.41070981 27.501
 118  89.790614  61.709747    25.639    25.839  5 55826.32635607 45.991
 119  89.791019  61.707633    31.543    33.051  6 55836.24199753 26.183
 120  89.791089  61.706368    25.227    25.239  5 55846.15763570 47.218
 121  89.792522  61.707948    25.416    25.436  5 55856.07327165 39.354
 122  89.788753  61.709614    31.419    32.921  6 55865.98891359 37.021
 123  89.786598  61.711833    24.591    24.686  5 55875.90456621 50.770
 124  89.785217  61.711595    25.150    25.110  5 55885.82021266 47.416
 125  89.785497  61.710523    32.289    32.279  5 55895.73585338 29.476
 126  89.787792  61.709716    32.652    32.641  5 55905.65148912 25.605
 127  89.787553  61.710409    31.633    32.304  6 55915.56713200 26.005
 128  89.785762  61.712046    30.073    30.335  6 55925.48278580 27.695
 129  89.783479  61.712028    29.301    29.947  5 55935.39843614 28.697
 130  89.784922  61.710601    28.064    27.125  5 55945.31408185 30.039
 131  89.789606  61.709095    32.589    32.554  5 55955.22972342 25.681
 132  89.790488  61.707757    26.681    26.698  5 55965.14536189 29.071
 133  89.788741  61.708207    29.271    30.120  5 55975.06099893 24.661
 134  89.787407  61.709512    28.079    26.784  5 55984.97663511 24.878
 135  89.789259  61.709965    29.161    29.148  5 55994.89226913 25.748
 136  89.789278  61.709416    29.959    29.596  5 56004.80792114 23.763
 137  89.790826  61.708260    26.092    26.119  5 56014.72356937 26.399
 138  89.791628  61.708443    26.101    26.061  5 56024.63921467 29.406
 139  89.789347  61.709860    26.732    26.692  5 56034.55485782 32.360
 140  89.786325  61.711394    27.563    27.571  6 56044.47049889 33.055
 141  89.784459  61.711971    30.395    30.317  6 56054.38613720 44.363
 142  89.787525  61.711838    35.995    36.077  5 56064.30177224 26.419
 144  89.786569  61.710873    27.738    27.760  6 56084.13306534 50.001
 145  89.785929  61.711420    25.880    25.881  5 56094.04871263 44.562
 146  89.785666  61.711936    25.156    25.151  5 56103.96435777 37.584
 147  89.786329  61.711334    24.995    25.002  5 56113.87998835 48.849
 148  89.787191  61.709691    33.264    32.752  5 56123.79562664 22.540
 149  89.789013  61.707528    25.065    25.048  5 56133.71126103 51.563
 150  89.792275  61.707533    24.640    24.587  5 56143.62690034 46.170
 151  89.790981  61.708766    24.946    24.868  5 56153.54255090 51.730
 152  89.788867  61.710282    32.921    32.906  5 56163.45820012 21.885
 153  89.785305  61.710244    32.480    32.404  5 56173.37384698 23.314
 154  89.787042  61.709907    24.847    24.921  5 56183.28948925 50.068
 155  89.788721  61.708712    24.433    24.416  5 56193.20512763 50.105
 156  89.790334  61.708342    34.426    34.401  5 56203.12076331 19.283
 157  89.789445  61.708695    24.024    24.038  6 56213.03639707 51.706
 158  89.789730  61.709978    24.042    23.952  5 56222.95202953 37.232
 159  89.787074  61.711713    23.801    23.692  5 56232.86768572 49.078
 160  89.783556  61.711383    24.388    24.439  5 56242.78333757 46.235
 161  89.786848  61.712093    24.650    24.663  5 56252.69898568 42.266
 162  89.785578  61.711293    27.855    27.862  5 56262.61462872 38.730
 163  89.786346  61.711460    28.454    27.559  6 56272.53027014 29.713
 164  89.786468  61.711305    29.610    30.252  5 56282.44591247 27.076
 165  89.784940  61.710744    30.998    31.585  5 56292.36156430 26.865
 166  89.787681  61.710461    30.786    31.758  6 56302.27721206 25.973
 167  89.787586  61.709328    31.810    31.882  5 56312.19285522 24.897
 168  89.787831  61.709301    32.199    32.157  5 56322.10849630 22.054
 169  89.788473  61.710318    32.043    32.033  5 56332.02413689 23.002
 170  89.786985  61.710225    31.602    32.049  6 56341.93977667 21.857
 171  89.788716  61.709958    32.387    32.501  6 56351.85541443 20.676
 172  89.790723  61.709310    30.839    31.254  5 56361.77105454 20.755
 173  89.788299  61.708937    29.455    30.186  5 56371.68670357 20.388
 174  89.788926  61.710656    29.204    26.858  5 56381.60235055 20.725
 175  89.784020  61.711287    26.895    26.938  5 56391.51799481 17.271
 176  89.786092  61.712940    27.644    26.168  5 56401.43363823 23.182
 177  89.786154  61.712784    27.466    27.417  5 56411.34927853 36.922
 178  89.784880  61.711009    34.748    34.758  5 56421.26491355 52.213
 179  89.787437  61.711098    35.833    35.634  5 56431.18055276 27.810
 180  89.783970  61.711463    35.956    35.985  5 56441.09620533 25.620
 181  89.784692  61.712553    28.696    28.680  5 56451.01185583 54.570
 182  89.785491  61.712213    27.747    27.735  5 56460.92750384 50.141
 183  89.787797  61.711271    28.048    26.734  5 56470.84314861 31.790
 184  89.786889  61.709376    26.235    26.314  5 56480.75878934 51.551
 185  89.788670  61.709154    25.747    25.769  5 56490.67442664 36.347
 186  89.789271  61.709339    25.119    25.033  5 56500.59006145 52.959
 187  89.789122  61.709104    25.411    25.382  6 56510.50569479 47.998
 188  89.788954  61.709080    30.584    32.338  6 56520.42133847 26.035
 189  89.789020  61.709430    25.547    25.572  5 56530.33699203 29.245
 190  89.790439  61.709791    34.213    33.914  5 56540.25264180 19.769
 191  89.789527  61.710061    33.681    33.498  5 56550.16828698 20.567
 192  89.786229  61.710801    34.978    34.669  6 56560.08392962 24.579
 193  89.785743  61.712387    26.849    25.191  5 56569.99957155 33.821
 194  89.785063  61.712900    32.837    32.884  5 56579.91521196 30.083
 195  89.786913  61.711920    24.558    24.582  5 56589.83084845 37.263
 196  89.786990  61.710844    25.328    25.333  6 56599.74649407 50.305
 197  89.787322  61.711284    24.929    24.932  5 56609.66214470 48.160
 198  89.785588  61.711998    24.857    24.829  6 56619.57779042 41.410
 199  89.784582  61.712418    26.071    26.022  6 56629.49343304 45.959
 200  89.785422  61.711370    29.941    29.208  5 56639.40907244 27.527
 201  89.787988  61.709688    32.936    32.959  6 56649.32471777 18.234
 202  89.788920  61.708616    32.955    32.924  5 56659.24036902 17.744
 203  89.789323  61.709161    32.980    33.029  6 56669.15601645 17.774
 204  89.788135  61.710988    32.892    32.919  5 56679.07166144 25.764
 205  89.785120  61.711680    32.695    32.742  5 56688.98730454 21.267
 206  89.785903  61.711296    32.743    32.731  5 56698.90294520 18.447
 207  89.788295  61.709484    32.992    33.008  5 56708.81858121 17.828
 208  89.791196  61.708847    33.256    33.287  5 56718.73422033 15.569
 210  89.785073  61.712096    33.180    33.178  5 56738.56552115  7.694
 211  89.784100  61.714308    34.534    34.473  5 56748.48116615  9.115
 212  89.782506  61.713578    28.744    28.709  5 56758.39680614 24.181
 213  89.786565  61.712222    29.737    29.762  5 56768.31244050 31.685
 214  89.785467  61.710550    32.511    32.474  5 56778.22808704 49.807
 215  89.784427  61.711264    35.355    35.260  5 56788.14374294 24.411
 216  89.784046  61.713166    31.209    31.269  5 56798.05939549 43.395
 217  89.783355  61.714292    31.471    32.667  5 56807.97504224 35.229
 218  89.783871  61.713194    29.006    29.004  6 56817.89068294 52.352
 219  89.787608  61.711248    28.791    28.696  5 56827.80632027 44.598
 220  89.790957  61.708861   171.116   170.912  5 56837.72195430  6.182
 221  89.788993  61.706962    25.699    25.707  5 56847.63758513 45.415
 222  89.788028  61.709395    26.119    24.810  6 56857.55323772 29.529
 223  89.784281  61.711194    25.513    25.530  5 56867.46889111 37.090
 224  89.786112  61.712588    32.044    32.768  5 56877.38454333 22.871
 225  89.784828  61.711388    33.512    33.575  5 56887.30019178 19.653
 226  89.786838  61.710816    35.171    34.876  6 56897.21583788 19.021
 227  89.786168  61.711334    26.144    26.134  6 56907.13148105 48.784
 228  89.785199  61.713370    25.918    25.905  5 56917.04712217 47.928
 229  89.780623  61.713847    27.437    26.045  5 56926.96276080 31.214
 230  89.781152  61.713513    25.518    25.474  5 56936.87839613 52.221
 231  89.785588  61.711540    32.842    32.863  6 56946.79402628 25.802
 232  89.785389  61.710164    24.841    24.883  5 56956.70968032 48.262
 233  89.786840  61.710455    24.445    24.375  5 56966.62532921 44.144
 234  89.785689  61.711459    26.087    26.006  6 56976.54097382 45.228
 235  89.786287  61.712706    26.671    26.660  5 56986.45661415 30.998
 236  89.787304  61.711506    30.360    30.897  5 56996.37224851 23.028
 237  89.789887  61.709762    31.883    32.722  5 57006.28789294 23.775
 238  89.790124  61.708465    31.400    31.416  6 57016.20354731 22.532
 239  89.789330  61.708743    30.608    30.544  5 57026.11919778 22.482
 240  89.787386  61.710765    31.823    32.412  6 57036.03484627 21.427
 241  89.784651  61.711990    28.932    29.323  6 57045.95049196 22.965
 242  89.785256  61.712194    30.773    30.706  6 57055.86613448 21.330
 243  89.786987  61.710542    31.650    32.653  5 57065.78177175 22.729
 244  89.789122  61.709421    33.636    34.064  5 57075.69740462 16.839
 245  89.789530  61.708909    30.556    32.422  6 57085.61303438 21.228
 246  89.787192  61.711801    27.937    26.507  5 57095.52869085 22.210
 247  89.783660  61.713864    33.043    33.124  5 57105.44434719 14.963
 248  89.783312  61.714534    36.361    36.475  5 57115.35999918  6.591
 249  89.785293  61.713503    27.298    27.347  5 57125.27564491 20.753
 250  89.784299  61.711110    27.809    27.705  5 57135.19128488 29.971
 251  89.787137  61.710396    32.361    32.737  6 57145.10692103 20.262
 252  89.788121  61.710321    31.735    31.725  6 57155.02255454 50.637
 254  89.787623  61.711585    32.629    32.607  5 57174.85385023 49.980
 255  89.786784  61.710493    28.204    28.161  5 57184.76950304 51.953
 256  89.790195  61.710094    34.906    34.397  5 57194.68515235 23.186
 257  89.790423  61.710035    25.805    25.792  5 57204.60078775 51.279
 258  89.787286  61.710684    25.612    25.587  5 57214.51643304 48.938
 259  89.784785  61.711545    33.154    32.943  5 57224.43207689 22.829
 260  89.785934  61.712197    25.148    25.150  5 57234.34771921 41.866
 261  89.785448  61.710892    35.595    35.660  5 57244.26335792 21.657
 262  89.789218  61.710616    25.344    25.241  5 57254.17899456 43.545
 263  89.787976  61.710135    30.358    29.887  6 57264.09462927 28.849
 264  89.787542  61.711312    26.014    25.932  5 57274.01026864 51.679
 265  89.782824  61.712318    25.591    25.488  5 57283.92592555 52.308
 266  89.783128  61.712994    35.329    35.419  5 57293.84158011 23.306
 267  89.787880  61.713546    25.175    25.201  4 57303.75723153 38.087
 268  89.783893  61.711179    32.508    32.464  5 57313.67287799 28.942
 269  89.784420  61.711164    30.724    32.388  5 57323.58852198 30.105
 270  89.786624  61.712128    24.482    24.403  5 57333.50416434 47.666
 271  89.784777  61.711575    23.733    23.673  5 57343.41980422 46.332
 272  89.786240  61.712225    24.891    24.952  5 57353.33545759 43.946
 273  89.786159  61.710886    25.937    25.928  6 57363.25110159 41.351
 274  89.788405  61.709968    25.773    25.624  5 57373.16674247 38.255
 275  89.788194  61.709598    25.717    25.645  6 57383.08238129 36.137
 276  89.787330  61.709732    25.767    25.691  5 57392.99801962 36.689
 277  89.788952  61.710500    25.761    25.586  5 57402.91365730 33.954
 278  89.787355  61.710170    26.122    26.122  6 57412.82930120 33.054
 279  89.785647  61.710318    28.843    28.763  5 57422.74495265 33.626
 280  89.785697  61.711452    27.974    26.473  6 57432.66060165 32.636
 281  89.784710  61.712712    27.718    26.211  5 57442.57624880 41.166
 282  89.783710  61.713593    29.597    28.965  5 57452.49189525 26.744
 283  89.783001  61.713553    27.222    26.086  6 57462.40753999 30.964
 284  89.783403  61.712070    26.096    26.174  5 57472.32318113 29.484
 285  89.788081  61.711482    25.875    25.834  5 57482.23881885 30.401
 286  89.787279  61.709685    26.282    26.225  5 57492.15445285 30.465
 287  89.788341  61.709228    27.076    27.085  6 57502.07008506 43.314
 288  89.789128  61.710302    28.789    28.828  5 57511.98573498 37.020
 289  89.787522  61.710559    27.600    27.636  6 57521.90138998 42.965
 290  89.786742  61.710049   116.519   116.494  5 57531.81704256  5.598
 291  89.787137  61.709652    30.151    30.119  5 57541.73269199 49.618
 292  89.789320  61.710319    28.227    28.259  5 57551.64833889 40.202
 293  89.786051  61.710190    26.486    26.509  5 57561.56398384 39.125
 294  89.785952  61.711276    25.392    25.405  5 57571.47962884 38.590
 295  89.785365  61.711495    25.375    25.344  6 57581.39527361 35.981
 296  89.784790  61.710966    25.537    25.566  5 57591.31091651 53.152
 297  89.784650  61.710641    29.881    31.004  5 57601.22655674 25.953
