# NaN NaN NaN ;Mean Elev.(m), Avg Gradient(m/km), RMS Gradient(m/km) - SRTM1     
#   11.475  -1.882   4.337 ;Mean Elev.(m), Avg Gradient(m/km), RMS Gradient(m/km) - ASTER GDEM
#   24.902  -0.473   3.757 ;Mean Elev.(m), Avg Gradient(m/km), RMS Gradient(m/km) - GMTED2010 
   1  88.761455  62.527535    21.180    20.147 15 54667.37376424 28.336
   2  88.756193  62.529616    20.171    20.163 16 54677.28940796 54.514
   3  88.747285  62.534029    -8.966   -11.032 16 54687.20504983 12.203
   4  88.738346  62.538293    19.898    19.891 16 54697.12068996 30.364
   5  88.739726  62.537617    -2.978    -3.468 17 54707.03633121  7.331
   6  88.756739  62.529756    20.358    19.653 16 54716.95198570 27.615
   7  88.772754  62.521968    10.740    12.710 13 54726.86763755 13.300
   8  88.778427  62.518854    21.631    20.735 13 54736.78328620 24.929
   9  88.776286  62.520291    25.498    26.094 13 54746.69893305 20.780
  10  88.772058  62.522922    23.404    23.645 14 54756.61457914 22.598
  11  88.768955  62.524062    19.923    19.921 14 54766.53022371 53.584
  12  88.774957  62.520904    19.316    19.302 14 54776.44586644 51.182
  13  88.782332  62.517207    19.251    19.229 13 54786.36150698 43.706
  14  88.781450  62.517556    21.694    21.683 13 54796.27714518 37.102
  15  88.769041  62.523619    22.916    22.900 14 54806.19278136 30.450
  16  88.756757  62.529893    23.662    23.667 16 54816.10841695 22.844
  17  88.751148  62.532105    24.357    24.241 16 54826.02406388 20.248
  18  88.761657  62.527731    24.021    24.038 15 54835.93970476 21.101
  19  88.764037  62.525936    24.456    24.385 14 54845.85535485 19.115
  20  88.766963  62.525236    24.728    24.674 14 54855.77100412 17.116
  21  88.758277  62.528838    24.801    24.851 15 54865.68665175 17.398
  22  88.755456  62.530066    24.428    24.353 15 54875.60229971 17.496
  23  88.762188  62.527518    24.399    24.459 15 54885.51794611 16.381
  24  88.770480  62.522854    24.363    24.448 14 54895.43358946 15.447
  25  88.782437  62.517374    24.224    24.161 13 54905.34923063 15.910
  26  88.784790  62.516439    24.505    24.270 13 54915.26486937 14.293
  27  88.777224  62.519951    81.519    81.430 13 54925.18050643  5.906
  28  88.767602  62.524528    22.956    22.989 14 54935.09614248 23.589
  29  88.761526  62.527293    23.847    23.821 14 54945.01177711 33.804
  30  88.763239  62.526468    25.729    25.696 14 54954.92741041 27.425
  31  88.772945  62.521763    31.951    32.110 14 54964.84305846 30.839
  32  88.776057  62.520168    28.656    28.695 14 54974.75870700 26.144
  33  88.769151  62.523344    29.621    29.593 14 54984.67435368 56.087
  34  88.762070  62.527220    84.204    84.405 15 54994.59000017  9.336
  35  88.755825  62.529807    22.883    22.884 15 55004.50564552 37.530
  36  88.757491  62.528977    24.375    24.515 15 55014.42128986 25.448
  37  88.761849  62.527181    21.433    21.448 14 55024.33693320 51.112
  38  88.762106  62.527612    20.135    20.120 15 55034.25257540 54.685
  39  88.752382  62.531416    20.189    20.150 16 55044.16821564 54.514
  40  88.749318  62.533155    20.291    20.234 17 55054.08385508 54.593
  41  88.752246  62.531585    20.035    20.018 16 55063.99949318 36.789
  42  88.765615  62.525556    20.178    20.145 14 55073.91514120 33.414
  43  88.776736  62.520240    20.188    20.172 13 55083.83079083 53.793
  44  88.778741  62.519098    20.801    20.024 13 55093.74643753 25.002
  45  88.775315  62.520527    20.192    20.183 13 55103.66208329 52.876
  46  88.774155  62.521558    20.302    20.307 14 55113.57772904 50.473
  47  88.773463  62.521679    19.866    19.880 13 55123.49337249 33.523
  48  88.777063  62.520064    19.480    19.488 14 55133.40901367 50.257
  49  88.779256  62.518737    19.371    19.374 13 55143.32465264 45.364
  50  88.777097  62.519809    22.382    22.358 14 55153.24029045 30.513
  51  88.769303  62.523570    23.168    23.147 14 55163.15592787 22.042
  52  88.759791  62.528362    23.634    23.589 15 55173.07156474 16.933
  53  88.749585  62.532691    23.687    23.643 17 55182.98720054 15.674
  54  88.753667  62.530904    24.030    24.015 16 55192.90285244 15.486
  55  88.756343  62.529464    23.881    23.897 15 55202.81850287 15.141
  56  88.759353  62.528590    23.672    23.709 15 55212.73415255 15.007
  57  88.757864  62.529007    23.874    23.806 16 55222.64980121 14.187
  58  88.764245  62.526318    23.710    23.628 15 55232.56544952 14.083
  59  88.769195  62.523382    23.745    23.676 14 55242.48109456 14.431
  60  88.779429  62.518884    23.707    23.484 13 55252.39673692 13.507
  61  88.782695  62.517245    23.542    23.229 13 55262.31237620 13.274
  62  88.777443  62.519677    23.577    23.329 14 55272.22801340 12.140
  63  88.773289  62.522166    81.638    81.589 14 55282.14365055  7.656
  64  88.768017  62.524305    27.405    24.791 14 55292.05928645 11.492
  65  88.767989  62.524278    22.022    21.940 14 55301.97492134 15.022
  66  88.774832  62.521010    21.736    21.726 13 55311.89057019 21.390
  67  88.775386  62.520531    24.055    24.018 13 55321.80621575 30.484
  68  88.773372  62.521850    33.207    33.163 14 55331.72185961 54.720
  69  88.768897  62.524301    29.647    29.836 14 55341.63750308 26.577
  70  88.763042  62.526679    27.024    27.010 15 55351.55314621 35.298
  71  88.762268  62.527365    24.030    24.118 15 55361.46878782 30.596
  72  88.757216  62.529083    27.034    27.023 15 55371.38442687 21.109
  73  88.753913  62.530904    23.767    22.617 16 55381.30006467 28.535
  74  88.747359  62.533871    21.195    21.285 17 55391.21570139 30.899
  75  88.742991  62.535751    20.875    20.865 17 55401.13133718 38.510
  76  88.753194  62.531262    20.535    20.515 16 55411.04698793 45.512
  77  88.766657  62.524636    20.566    20.315 14 55420.96263987 28.843
  78  88.778582  62.519205    20.188    20.201 13 55430.87828852 28.462
  79  88.780028  62.518643    22.119    21.828 14 55440.79393330 26.933
  80  88.774088  62.521450    20.359    20.318 13 55450.70957547 40.425
  81  88.768479  62.524056    20.631    20.611 14 55460.62521707 51.421
  82  88.769106  62.523552    21.806    20.780 14 55470.54085843 26.489
  83  88.774396  62.521111    21.017    21.008 13 55480.45649740 36.833
  84  88.776679  62.520015    20.647    20.633 13 55490.37213344 50.764
  85  88.769414  62.523226    19.323    19.276 14 55500.28776610 31.697
  86  88.763930  62.526451    19.406    19.312 14 55510.20340716 42.656
  87  88.758778  62.528692    18.786    18.773 15 55520.11905635 48.910
  88  88.757018  62.529255    21.004    20.971 15 55530.03470506 34.381
  89  88.760962  62.527559    20.776    20.774 14 55539.95035280 28.230
  90  88.763420  62.526524    21.468    21.488 14 55549.86599810 25.461
  91  88.760754  62.527660    22.876    22.863 15 55559.78164098 23.250
  92  88.754037  62.530667    23.000    23.014 16 55569.69728240 21.480
  93  88.750476  62.532018    22.966    22.955 16 55579.61292329 19.299
  94  88.759748  62.528171    22.874    22.828 15 55589.52856325 18.359
  95  88.772697  62.522537    22.865    22.833 14 55599.44420068 17.705
  96  88.776588  62.520374    22.622    22.349 14 55609.35983458 16.597
  97  88.771246  62.523112    22.490    22.245 14 55619.27546559 16.183
  98  88.762444  62.527162    22.566    22.404 15 55629.19111354 16.473
  99  88.758045  62.529095    22.582    22.472 15 55639.10676412 13.885
 100  88.764993  62.525924    37.952    41.927 15 55649.02241403  8.815
 101  88.777955  62.519745    26.474    25.095 14 55658.93806163  9.596
 102  88.782558  62.517041    22.072    22.051 13 55668.85370423 46.819
 103  88.777408  62.519730    29.474    29.491 14 55678.76934294 37.246
 104  88.763147  62.526674    27.746    27.778 14 55688.68497836 25.821
 105  88.747586  62.533430    25.050    24.907 17 55698.60061226 28.530
 106  88.746744  62.534367    24.865    24.869 17 55708.51624879 35.300
 107  88.754104  62.530699    21.497    21.469 16 55718.43190063 34.721
 108  88.758999  62.528328    19.965    19.972 15 55728.34754959 30.862
 109  88.758839  62.528701    19.800    19.772 15 55738.26319636 39.324
 110  88.755440  62.530488    20.490    20.449 16 55748.17884147 46.101
 111  88.754144  62.530844    21.301    20.572 16 55758.09448472 31.012
 112  88.761383  62.527474    20.684    19.830 15 55768.01012641 25.778
 113  88.773233  62.522024    22.705    22.539 14 55777.92576562 23.137
 114  88.777842  62.519565    19.999    19.773 13 55787.84140123 26.377
 115  88.772666  62.522363    21.141    21.125 14 55797.75703386 50.057
 116  88.762431  62.527061    21.015    21.022 15 55807.67267592 52.856
 117  88.756137  62.530054    21.016    20.962 16 55817.58832387 51.074
 118  88.760106  62.528251    20.112    20.136 15 55827.50396958 28.562
 119  88.768413  62.524090    19.430    19.444 14 55837.41961161 34.953
 120  88.776287  62.520441    20.146    19.554 14 55847.33525046 25.380
 121  88.769346  62.523737    22.100    19.643 14 55857.25088496 26.098
 122  88.755748  62.529795    18.841    18.849 15 55867.16652783 45.680
 123  88.746629  62.533953    18.588    18.558 17 55877.08217879 44.129
 124  88.746254  62.534215    21.624    21.653 16 55886.99782469 31.659
 125  88.749786  62.532400    22.796    23.011 16 55896.91346541 24.184
 126  88.755358  62.530454    22.724    22.336 16 55906.82910117 24.454
 127  88.752254  62.531160    24.225    23.971 16 55916.74474611 20.448
 128  88.752636  62.531077    24.045    23.882 16 55926.66039952 20.577
 129  88.755129  62.530201    23.298    23.269 16 55936.57604984 21.846
 130  88.765857  62.525449    23.822    23.541 15 55946.49169643 19.720
 131  88.777805  62.519819    23.403    23.014 13 55956.40733872 18.698
 132  88.783258  62.517168    24.028    24.244 13 55966.32297761 17.452
 133  88.776217  62.520318    22.590    22.285 13 55976.23861379 20.032
 134  88.762574  62.526723    23.089    23.246 14 55986.15424828 19.540
 135  88.751687  62.531741    23.327    23.199 16 55996.06988325 19.655
 136  88.759037  62.528365    22.162    21.755 15 56005.98553617 20.674
 137  88.774140  62.521698    22.624    21.810 14 56015.90118609 18.328
 138  88.778672  62.518958    21.539    21.539 14 56025.81683160 25.840
 139  88.774759  62.520961    22.051    22.080 14 56035.73247397 26.557
 140  88.761629  62.527292    22.690    22.703 14 56045.64811297 33.191
 141  88.748648  62.533236    26.441    26.406 17 56055.56374920 45.686
 142  88.743246  62.535901    26.734    26.547 16 56065.47938247 24.781
 143  88.747360  62.533502    28.531    26.212 17 56075.39502870 20.165
 144  88.756990  62.529446    23.248    23.236 16 56085.31067938 54.696
 145  88.759832  62.528185    20.866    20.328 15 56095.22632683 29.864
 146  88.758832  62.528725    19.533    19.541 16 56105.14197164 27.493
 147  88.762360  62.527437    19.520    19.176 15 56115.05760258 25.289
 148  88.762790  62.526688    18.643    18.665 14 56124.97324098 27.357
 149  88.769442  62.523934    19.201    19.153 14 56134.88887614 41.518
 150  88.773592  62.522089    18.657    18.684 14 56144.80451770 43.299
 151  88.770851  62.522624    18.525    18.543 14 56154.72016736 27.991
 152  88.768300  62.524245    18.828    18.813 14 56164.63581578 51.165
 153  88.763425  62.526364    18.768    18.734 14 56174.55146178 35.314
 154  88.764944  62.526004    18.789    18.807 14 56184.46710351 53.612
 155  88.768663  62.524039    18.071    18.063 14 56194.38274186 26.523
 156  88.770573  62.523188    18.756    17.838 14 56204.29837713 25.518
 157  88.762518  62.526897    18.195    17.808 15 56214.21400956 27.916
 158  88.748056  62.533680    17.789    17.762 17 56224.12964298 51.334
 159  88.744431  62.535414    17.782    17.787 16 56234.04529849 49.048
 160  88.746297  62.534414    19.117    19.122 17 56243.96095081 37.897
 161  88.754487  62.530835    19.809    19.804 16 56253.87659913 27.795
 162  88.756573  62.529507    20.232    20.198 15 56263.79224228 25.176
 163  88.756519  62.529528    22.698    23.624 16 56273.70788319 20.020
 164  88.757336  62.529233    22.264    22.368 15 56283.62352692 19.841
 165  88.765006  62.525886    23.039    23.029 14 56293.53917932 17.938
 166  88.773535  62.521672    23.490    23.664 13 56303.45482753 16.025
 167  88.778047  62.519246    23.039    22.996 14 56313.37047115 15.716
 168  88.777991  62.519615    23.751    23.960 14 56323.28611204 14.005
 169  88.772197  62.522680    23.363    23.685 14 56333.20175157 14.026
 170  88.765649  62.525633    23.595    23.730 14 56343.11739056 13.500
 171  88.762133  62.527129    23.334    23.377 14 56353.03302768 14.269
 172  88.766999  62.525109    23.314    23.346 14 56362.94867054 13.929
 173  88.769447  62.523311    23.870    23.830 14 56372.86432015 12.884
 176  88.757647  62.529248    19.818    19.864 15 56402.61125153 27.414
 177  88.751819  62.531865    21.163    21.136 17 56412.52689039 42.940
 178  88.748443  62.533342    30.798    30.799 17 56422.44252464 43.249
 179  88.749950  62.532708    27.830    27.737 17 56432.35816643 24.393
 180  88.757099  62.529592    27.275    27.257 16 56442.27382001 21.947
 181  88.760424  62.528141    24.468    24.420 15 56452.18947057 56.440
 182  88.764438  62.526188    23.334    22.212 14 56462.10511881 32.172
 183  88.771747  62.522804    21.670    21.170 14 56472.02076420 30.227
 184  88.775517  62.520544    20.253    20.261 14 56481.93640565 33.815
 185  88.776121  62.520402    20.345    20.299 13 56491.85204281 48.017
 186  88.770616  62.523458    19.490    19.441 14 56501.76767647 28.107
 187  88.756859  62.529576    19.419    19.374 16 56511.68330747 34.648
 188  88.754124  62.530777    19.473    19.463 16 56521.59895293 43.442
 189  88.762413  62.527229    19.295    19.313 15 56531.51460682 28.179
 191  88.771721  62.522630    20.371    20.112 13 56551.34590207 26.290
 192  88.766029  62.525268    20.605    19.909 14 56561.26154400 26.009
 193  88.756125  62.529890    20.126    19.614 16 56571.17718429 27.211
 194  88.746011  62.534363    18.954    18.772 17 56581.09282302 30.737
 195  88.744735  62.535365    18.729    18.709 17 56591.00845880 43.231
 196  88.751474  62.532064    19.649    19.640 17 56600.92410789 50.885
 197  88.759430  62.528354    20.028    20.008 15 56610.83975909 49.534
 198  88.757603  62.529073    21.776    21.749 16 56620.75540421 47.476
 199  88.756362  62.530135    23.893    23.876 16 56630.67104625 35.084
 200  88.755089  62.530541    24.294    24.290 16 56640.58668463 21.021
 201  88.765532  62.525624    24.012    24.071 14 56650.50233293 20.792
 202  88.777320  62.519673    23.763    23.840 14 56660.41798517 21.029
 203  88.782514  62.517449    23.982    24.189 13 56670.33363300 18.197
 204  88.773811  62.521587    23.658    23.588 14 56680.24927682 20.649
 205  88.763725  62.526550    24.609    24.668 14 56690.16491872 17.376
 206  88.759308  62.528697    24.337    24.375 15 56700.08055827 18.579
 207  88.761746  62.527308    24.639    24.733 14 56709.99619412 16.755
 208  88.770265  62.523561    24.368    24.448 14 56719.91183694 15.822
 209  88.773206  62.521911    80.665    80.785 13 56729.82748960  6.169
 210  88.767117  62.525128    77.583    76.438 14 56739.74313695  9.218
 211  88.753030  62.531234    81.196    81.308 17 56749.65877918  7.467
 212  88.746338  62.534515    22.911    22.975 17 56759.57441758 29.798
 213  88.744463  62.535191    24.455    24.468 16 56769.49005036 25.330
 214  88.755390  62.530006    31.786    31.740 15 56779.40570184 39.098
 215  88.766346  62.525163    28.967    28.961 15 56789.32135888 56.022
 216  88.767927  62.524233    27.474    27.480 14 56799.23701134 42.584
 217  88.766986  62.525279    27.381    27.304 14 56809.15265717 20.691
 218  88.764011  62.526289    25.544    25.525 15 56819.06829740 56.813
 219  88.770586  62.523501    24.476    24.479 14 56828.98393515 37.142
 220  88.773942  62.521231    84.249    84.397 14 56838.89956933  6.448
 221  88.773170  62.521897    20.224    20.215 13 56848.81520091 54.466
 222  88.769871  62.523460    19.580    19.597 14 56858.73085493 33.686
 223  88.760447  62.527799    20.858    20.207 15 56868.64650702 27.948
 224  88.758963  62.528620    20.783    20.253 15 56878.56215809 31.907
 225  88.768120  62.524661    20.266    20.251 14 56888.47780731 32.293
 226  88.776561  62.520195    20.700    20.664 13 56898.39345384 38.633
 227  88.777545  62.519603    21.944    21.680 13 56908.30909686 23.760
 228  88.767454  62.524529    22.569    23.561 14 56918.22473637 26.498
 229  88.750004  62.532445    20.529    20.537 17 56928.14037291 38.252
 230  88.740383  62.537066    20.815    20.529 16 56938.05600642 31.909
 231  88.742203  62.536515    19.644    19.599 17 56947.97163956 49.151
 232  88.756295  62.529612    18.573    18.584 15 56957.88729508 49.748
 233  88.766166  62.525083    19.288    19.293 14 56967.80294457 50.650
 234  88.764986  62.525845    22.496    22.475 15 56977.71858842 23.892
 235  88.756252  62.529784    24.160    24.306 15 56987.63422671 16.589
 236  88.749209  62.532727    24.519    24.424 17 56997.54985922 14.928
 237  88.760494  62.527937    22.025    22.033 15 57007.46550799 19.974
 238  88.774407  62.521265    22.250    22.214 14 57017.38116351 21.166
 239  88.780182  62.518502    24.056    23.993 14 57027.29681449 14.192
 240  88.772707  62.521847    24.000    23.793 14 57037.21246187 14.561
 241  88.763947  62.526351    24.393    24.304 15 57047.12810648 12.823
 242  88.755310  62.530056    24.341    24.353 15 57057.04374755 12.940
 243  88.757375  62.529083    21.794    21.483 15 57066.95938465 17.605
 244  88.762070  62.527395    21.437    21.539 15 57076.87501766 16.490
 245  88.755495  62.530036    21.428    21.431 15 57086.79064715 18.033
 246  88.752883  62.531273    21.872    21.721 17 57096.70630560 16.705
 247  88.745834  62.534280    22.145    21.796 17 57106.62196056 20.052
 248  88.745235  62.534900    22.144    21.994 16 57116.53761159 17.877
 249  88.749788  62.532467    83.576    83.375 17 57126.45325718  1.883
 250  88.759714  62.528091    22.963    22.976 15 57136.36889814 35.331
 251  88.762774  62.526715    29.346    29.325 14 57146.28453407 31.607
 252  88.757507  62.529242    28.122    28.060 15 57156.20016646 52.134
 253  88.751805  62.531705    30.316    30.073 16 57166.11580814 27.925
 254  88.755463  62.529932    28.888    28.900 16 57176.03146534 39.997
 255  88.764438  62.525698    23.783    23.762 14 57185.94711941 54.752
 256  88.774611  62.521056    23.721    23.785 14 57195.86276949 25.078
 257  88.777319  62.519609    20.256    20.189 13 57205.77840480 55.700
 258  88.772799  62.522013    20.020    19.986 14 57215.69404922 39.068
 259  88.764660  62.526205    19.867    19.866 14 57225.60969179 47.453
 260  88.756705  62.529669    19.534    19.544 16 57235.52533246 54.360
 261  88.755178  62.530104    21.093    20.499 16 57245.44097063 26.447
 262  88.756613  62.529351    21.083    19.978 15 57255.35660667 26.673
 263  88.753422  62.531065    20.219    20.168 16 57265.27224081 41.947
 264  88.746516  62.534512    21.968    22.095 16 57275.18788196 28.373
 265  88.742734  62.536102    20.769    20.414 16 57285.10353863 30.098
 266  88.746986  62.534244    23.478    23.113 17 57295.01919355 23.203
 267  88.754282  62.530567    21.229    20.150 16 57304.93484527 25.655
 268  88.767340  62.525151    19.922    19.891 14 57314.85049381 49.934
 269  88.769128  62.523693    18.921    18.942 14 57324.76613759 44.536
 270  88.767590  62.524381    18.325    18.337 14 57334.68177885 47.842
 271  88.765081  62.525944    18.457    18.466 14 57344.59741796 45.468
 272  88.769110  62.523653    20.040    20.044 14 57354.51307251 33.787
 273  88.772736  62.522021    21.577    21.544 14 57364.42871676 30.529
 274  88.775120  62.520936    21.957    21.693 13 57374.34435748 26.298
 275  88.771615  62.522643    21.983    21.432 14 57384.25999565 20.426
 276  88.765973  62.525692    22.544    22.610 14 57394.17563312 20.253
 277  88.754218  62.530732    24.081    23.925 16 57404.09126894 17.262
 278  88.750735  62.532010    24.424    24.570 16 57414.00691497 17.118
 279  88.755603  62.529902    23.909    23.747 15 57423.92256725 16.225
 280  88.760427  62.527912    23.404    23.363 15 57433.83821657 16.039
 281  88.758343  62.528833    24.149    24.198 15 57443.75386308 14.819
 282  88.753879  62.531033    24.508    24.390 16 57453.66950850 14.491
 283  88.749024  62.533078    23.881    24.002 17 57463.58515215 15.167
 284  88.748761  62.532979    25.395    24.322 16 57473.50079280 11.417
 285  88.753517  62.531007    82.674    82.726 16 57483.41643043  4.009
 286  88.757242  62.529497    21.213    21.190 15 57493.33206499 34.087
 287  88.751271  62.532125    21.805    21.809 16 57503.24769629 33.586
 288  88.751700  62.531581    27.586    27.555 16 57513.16334903 51.813
 289  88.759351  62.528472    30.495    26.610 15 57523.07900503 20.460
 290  88.767501  62.524640    25.882    25.910 14 57532.99465882 48.881
 291  88.774848  62.521191    25.949    25.919 13 57542.91030929 42.075
 292  88.775227  62.520848    25.500    25.125 14 57552.82595596 18.965
 293  88.768679  62.523624    21.084    21.108 14 57562.74160007 29.568
 294  88.764380  62.526050    20.015    19.941 15 57572.65724393 39.807
 295  88.762761  62.526986    20.000    19.969 14 57582.57288805 51.269
 296  88.763348  62.526827    19.674    19.677 15 57592.48853064 53.500
 297  88.762087  62.527230    19.652    19.626 14 57602.40417050 43.548
