-140373.982    44.963     0.00   16.81
-140087.396    42.211    -9.60   15.73
-139800.817    40.450    -6.14   14.78
-139514.245    38.672    -6.20   12.82
-139227.679    36.486    -7.63   10.79
-138941.121    34.251    -7.80    8.17
-138654.569    34.516     0.92    8.41
-138368.024    36.361     6.44   10.36
-138081.486    39.678    11.58   12.09
-137794.955    43.917    14.80   12.64
-137508.431    49.277    18.71   12.34
-137221.913    54.246    17.34   11.09
-136935.402    58.925    16.33    9.48
-136648.899    61.512     9.03    8.54
-136362.402    64.487    10.39    8.12
-136075.911    67.513    10.56    7.78
-135789.428    70.734    11.24    7.34
-135502.951    73.378     9.23    6.92
-135216.482    75.114     6.06    6.58
-134930.019    76.589     5.15    5.64
-134643.563    77.628     3.63    4.56
-134357.114    77.790     0.57    4.94
-134070.671    78.161     1.30    5.79
-133784.236    79.635     5.14    6.73
-133497.807    80.925     4.50    7.96
-133211.385    83.686     9.64    9.18
-132924.970    86.882    11.16    8.92
-132638.562    90.164    11.46    7.83
-132352.160    92.786     9.16    6.22
-132065.766    94.579     6.26    5.18
-131779.378    96.015     5.01    4.85
-131492.997    97.577     5.45    4.98
-131206.623    98.867     4.51    5.22
-130920.256    99.876     3.52    5.40
-130633.895   100.968     3.81    5.00
-130347.542   102.696     6.04    5.38
-130061.195   104.281     5.53    5.26
-129774.855   104.774     1.72    5.77
-129488.522   101.407   -11.76   11.35
-129202.195    96.352   -17.65   15.73
-128915.876    91.389   -17.34   16.28
-128629.563    87.833   -12.42   14.92
-128343.257    86.454    -4.82   12.26
-128056.958    87.299     2.95   12.34
-127770.666    91.485    14.62   13.23
-127484.380    96.959    19.12   11.95
-127198.102   102.389    18.97   10.03
-126911.830   106.452    14.20    9.10
-126625.565   109.797    11.68    9.18
-126339.307   113.137    11.67    9.60
-126053.055   115.918     9.72    9.64
-125766.811   118.530     9.13    9.46
-125480.573   121.055     8.82    9.23
-125194.342   123.512     8.58    9.21
-124908.118   126.200     9.39    8.79
-124621.901   130.096    13.61    9.13
-124335.690   133.058    10.35    9.68
-124049.486   137.004    13.79    9.75
-123763.289   140.881    13.55    9.62
-123477.099   144.699    13.34    9.12
-123190.916   148.513    13.33    8.25
-122904.740   151.517    10.50    8.48
-122618.570   153.854     8.17    8.32
-122332.407   155.462     5.62    7.43
-122046.251   155.881     1.47    7.67
-121760.102   155.888     0.02    8.03
-121473.959   154.973    -3.20    9.31
-121187.823   154.431    -1.89    9.86
-120901.695   153.509    -3.22    9.23
-120615.573   152.215    -4.52    8.29
-120329.457   149.446    -9.68    8.71
-120043.349   144.938   -15.76   12.55
-119757.247   139.867   -17.72   15.40
-119471.152   134.512   -18.72   16.38
-119185.064   128.678   -20.39   14.98
-118898.983   123.782   -17.12   13.30
-118612.908   120.519   -11.41   11.81
-118326.841   119.586    -3.26   11.29
-118040.780   119.532    -0.19   11.25
-117754.726   118.953    -2.03   11.57
-117468.678   118.027    -3.24   11.98
-117182.638   116.050    -6.91   13.04
-116896.604   113.326    -9.52   14.28
-116610.577   111.577    -6.11   13.76
-116324.557   109.671    -6.66   12.62
-116038.544   108.710    -3.36   11.46
-115752.537   108.706    -0.01    9.83
-115466.537   110.696     6.96   10.11
-115180.544   113.366     9.34    9.74
-114894.558   114.572     4.22    9.42
-114608.579   114.442    -0.45    9.46
-114322.606   113.925    -1.81    9.00
-114036.640   112.612    -4.59    8.96
-113750.681   109.292   -11.61    9.09
-113464.729   103.903   -18.85    9.81
-113178.783    98.077   -20.38   11.66
-112892.845    90.875   -25.19   15.21
-112606.913    81.671   -32.19   18.57
-112320.988    72.012   -33.78   20.26
-112035.069    63.077   -31.25   18.51
-111749.158    54.527   -29.90   15.24
-111463.253    48.686   -20.43   10.29
-111177.355    45.270   -11.95    5.87
-110891.464    43.628    -5.74    3.69
-110605.579    43.114    -1.80    3.14
-110319.702    42.924    -0.66    3.27
-110033.831    42.070    -2.99    3.91
-109747.967    40.421    -5.77    5.62
-109462.109    37.579    -9.94    7.41
-109176.259    35.874    -5.96    7.60
-108890.415    34.385    -5.21    7.11
-108604.578    33.385    -3.50    6.55
-108318.747    33.153    -0.81    6.11
-108032.924    34.135     3.44    6.49
-107747.107    35.178     3.65    6.24
-107461.297    36.424     4.36    5.73
-107175.494    37.375     3.33    4.95
-106889.698    38.678     4.56    4.04
-106603.908    39.727     3.67    3.13
-106318.125    40.324     2.09    2.73
-106032.349    40.321    -0.01    2.89
-105746.580    40.032    -1.01    3.15
-105460.817    39.003    -3.60    4.03
-105175.062    37.386    -5.66    5.02
-104889.313    35.174    -7.74    5.73
-104603.570    33.178    -6.99    5.60
-104317.477    31.588    -5.56    4.96
-104030.194    30.776    -2.83    4.60
-103742.920    30.780     0.01    4.56
-103455.653    30.684    -0.33    4.61
-103168.393    31.197     1.78    4.63
-102881.141    31.960     2.66    4.09
-102593.897    32.802     2.93    3.71
-102306.661    33.248     1.55    3.60
-102019.432    33.607     1.25    3.29
-101732.210    33.251    -1.24    3.38
-101444.997    32.938    -1.09    3.62
-101157.791    32.639    -1.04    3.65
-100870.592    32.316    -1.12    3.70
-100583.401    31.516    -2.79    3.34
-100296.218    31.106    -1.43    2.98
-100009.042    31.099    -0.02    3.08
 -99721.874    31.338     0.83    2.89
 -99434.714    31.178    -0.56    3.14
 -99147.561    30.776    -1.40    3.37
 -98860.416    30.565    -0.74    3.31
 -98573.278    30.709     0.50    3.51
 -98286.148    30.967     0.90    4.31
 -97999.026    31.773     2.81    5.29
 -97711.911    32.606     2.90    6.02
 -97424.804    33.586     3.41    6.28
 -97137.704    34.340     2.62    6.02
 -96850.612    34.765     1.48    5.78
 -96563.528    34.734    -0.11    5.46
 -96276.451    34.008    -2.53    5.20
 -95989.382    33.005    -3.49    4.74
 -95702.320    31.439    -5.46    4.01
 -95415.266    30.239    -4.18    3.48
 -95128.220    29.551    -2.40    2.95
 -94841.181    29.200    -1.22    2.77
 -94554.150    28.797    -1.40    2.41
 -94267.126    29.118     1.12    2.41
 -93980.110    29.388     0.94    2.38
 -93693.102    28.550    -2.92    3.97
 -93406.101    26.693    -6.47    6.19
 -93119.107    23.932    -9.62    7.55
 -92832.122    21.548    -8.31    7.94
 -92545.144    18.868    -9.34    6.77
 -92258.173    16.721    -7.48    4.63
 -91971.210    15.657    -3.71    2.54
 -91684.255    15.432    -0.78    1.90
 -91397.307    15.537     0.37    1.81
 -91110.367    15.483    -0.19    1.85
 -90823.435    15.078    -1.41    1.98
 -90536.510    14.196    -3.08    2.45
 -90249.592    13.116    -3.76    2.78
 -89962.683    12.128    -3.44    2.92
 -89675.780    11.185    -3.29    2.83
 -89388.886    10.614    -1.99    2.51
 -89101.999    10.410    -0.71    2.48
 -88815.119    10.510     0.35    2.52
 -88528.248    11.410     3.14    3.01
 -88241.383    12.712     4.54    3.73
 -87954.527    14.207     5.21    4.40
 -87667.677    16.060     6.46    4.83
 -87380.836    17.945     6.57    5.02
 -87094.002    19.678     6.04    4.50
 -86807.175    21.532     6.46    4.31
 -86520.357    23.638     7.34    5.55
 -86233.545    25.925     7.97    6.63
 -85946.742    28.166     7.81    6.97
 -85659.945    30.003     6.41    6.46
 -85373.157    31.867     6.50    5.38
 -85086.376    33.210     4.68    4.06
 -84799.603    33.326     0.40    3.47
 -84512.837    32.551    -2.70    3.40
 -84226.078    31.388    -4.05    3.24
 -83939.328    30.453    -3.26    3.36
 -83652.585    29.623    -2.89    3.12
 -83365.849    29.113    -1.78    2.81
 -83079.121    29.084    -0.10    2.68
 -82792.401    29.639     1.93    2.76
 -82505.688    30.286     2.26    2.95
 -82218.982    30.867     2.03    3.00
 -81932.285    31.868     3.49    2.53
 -81645.594    32.767     3.14    2.28
 -81358.912    33.678     3.18    2.23
 -81072.237    34.113     1.52    2.19
 -80785.569    34.269     0.54    2.28
 -80498.909    34.567     1.04    2.29
 -80212.257    35.538     3.39    2.68
 -79925.612    36.537     3.48    3.48
 -79638.975    37.502     3.37    3.66
 -79352.345    38.331     2.89    3.58
 -79065.723    38.953     2.17    3.22
 -78779.108    39.090     0.48    3.05
 -78492.501    38.779    -1.09    3.07
 -78205.902    38.249    -1.85    2.70
 -77919.310    37.824    -1.48    2.33
 -77632.725    37.655    -0.59    2.23
 -77346.148    37.816     0.56    2.33
 -77059.579    38.225     1.43    2.48
 -76773.017    38.882     2.30    2.57
 -76486.463    39.331     1.56    2.67
 -76199.916    39.497     0.58    2.78
 -75913.377    39.726     0.80    2.62
 -75626.846    40.137     1.44    2.56
 -75340.322    40.677     1.88    2.69
 -75053.805    41.330     2.28    2.77
 -74767.296    41.861     1.85    2.97
 -74480.795    42.048     0.65    3.21
 -74194.301    42.414     1.28    3.43
 -73907.814    42.267    -0.51    3.43
 -73621.336    42.106    -0.56    3.49
 -73334.864    42.852     2.60    4.07
 -73048.401    43.824     3.39    4.90
 -72761.944    45.537     5.98    5.79
 -72475.496    47.729     7.65    6.27
 -72189.055    49.782     7.17    5.69
 -71902.621    50.631     2.96    4.94
 -71616.195    50.345    -1.00    4.79
 -71329.777    49.596    -2.61    5.01
 -71043.366    48.346    -4.37    5.22
 -70756.962    46.674    -5.84    5.36
 -70470.566    44.655    -7.05    4.60
 -70184.178    42.875    -6.21    3.74
 -69897.797    41.917    -3.35    2.95
 -69611.424    41.555    -1.26    2.77
 -69325.058    41.128    -1.49    2.69
 -69038.700    40.714    -1.44    2.51
 -68752.349    39.969    -2.60    2.87
 -68466.006    39.193    -2.71    3.14
 -68179.670    37.711    -5.17    3.44
 -67893.342    35.295    -8.44    5.05
 -67607.021    32.055   -11.31    7.83
 -67320.708    28.200   -13.46    9.96
 -67034.402    24.013   -14.63   10.67
 -66748.104    20.120   -13.60    9.83
 -66461.814    17.182   -10.26    7.42
 -66175.531    15.189    -6.96    4.79
 -65889.255    15.046    -0.50    4.06
 -65602.987    16.137     3.81    4.16
 -65316.727    17.417     4.47    3.91
 -65030.474    19.034     5.65    4.36
 -64744.228    21.041     7.01    5.05
 -64457.990    22.468     4.99    5.19
 -64171.760    22.455    -0.04    5.69
 -63885.537    22.925     1.64    5.51
 -63599.321    23.151     0.79    5.85
 -63313.114    22.833    -1.11    6.35
 -63026.913    22.307    -1.84    5.90
 -62740.720    22.541     0.82    5.56
 -62454.535    22.967     1.49    5.47
 -62168.357    22.462    -1.76    6.02
 -61882.187    20.487    -6.90    6.88
 -61596.024    18.773    -5.99    6.76
 -61309.869    17.039    -6.06    5.78
 -61023.721    16.671    -1.29    4.92
 -60737.580    17.099     1.50    5.05
 -60451.448    18.572     5.15    5.49
 -60165.322    19.648     3.76    5.22
 -59879.204    20.316     2.34    4.51
 -59593.094    20.961     2.26    4.05
 -59306.991    21.463     1.75    3.77
 -59020.896    21.703     0.84    3.95
 -58734.808    21.071    -2.21    4.47
 -58448.728    20.144    -3.24    5.16
 -58162.655    19.337    -2.82    5.39
 -57876.590    18.867    -1.64    5.47
 -57590.532    19.084     0.76    6.30
 -57304.482    19.917     2.91    7.41
 -57018.439    21.772     6.48    8.30
 -56732.403    24.591     9.86    8.05
 -56446.376    27.229     9.22    6.64
 -56160.355    29.180     6.82    4.50
 -55874.342    30.519     4.68    2.91
 -55588.337    31.017     1.74    2.60
 -55302.339    31.099     0.29    2.65
 -55016.349    30.925    -0.61    2.78
 -54730.366    30.531    -1.38    3.10
 -54444.391    29.796    -2.57    3.53
 -54158.423    28.854    -3.29    3.81
 -53872.462    27.896    -3.35    3.68
 -53586.509    26.479    -4.96    3.27
 -53300.564    25.192    -4.50    2.92
 -53014.626    24.399    -2.77    3.77
 -52728.695    23.562    -2.93    4.59
 -52442.772    22.332    -4.30    5.53
 -52156.857    21.306    -3.59    5.79
 -51870.949    21.229    -0.27    5.81
 -51585.048    21.931     2.46    6.87
 -51299.155    23.774     6.45    8.31
 -51013.269    26.548     9.70    9.02
 -50727.391    29.109     8.96    8.87
 -50441.521    31.639     8.85    7.77
 -50155.657    32.462     2.88    7.08
 -49869.802    32.138    -1.13    7.36
 -49583.954    30.000    -7.48    7.64
 -49298.113    27.536    -8.62    7.40
 -49012.280    25.207    -8.15    6.45
 -48726.454    22.502    -9.47    5.20
 -48440.635    20.356    -7.51    4.02
 -48154.825    19.331    -3.59    4.17
 -47869.021    18.344    -3.45    4.11
 -47583.225    17.593    -2.63    3.59
 -47297.437    18.176     2.04    4.21
 -47011.656    19.302     3.94    4.95
 -46725.882    20.825     5.33    5.10
 -46440.116    22.044     4.27    4.40
 -46154.358    22.217     0.61    4.43
 -45868.607    20.946    -4.45    5.74
 -45582.863    18.924    -7.08    6.48
 -45297.127    16.925    -7.00    6.04
 -45011.398    16.077    -2.97    4.98
 -44725.677    16.250     0.61    4.99
 -44439.963    16.938     2.41    5.37
 -44154.257    17.758     2.87    5.44
 -43868.558    19.260     5.26    4.80
 -43582.866    20.796     5.38    3.77
 -43297.182    20.509    -1.00    4.03
 -43011.506    19.439    -3.74    4.29
 -42725.837    18.656    -2.74    4.35
 -42439.645    18.346    -1.09    4.26
 -42152.281    18.348     0.01    3.93
 -41864.925    18.775     1.49    4.32
 -41577.577    20.010     4.30    5.24
 -41290.238    22.146     7.43    6.18
 -41002.907    25.442    11.47    7.04
 -40715.585    28.960    12.24    8.40
 -40428.271    33.149    14.58    9.06
 -40140.965    36.994    13.38    8.32
 -39853.667    40.463    12.08    6.55
 -39566.378    43.403    10.23    5.25
 -39279.097    45.073     5.81    4.06
 -38991.824    45.347     0.95    3.95
 -38704.560    44.309    -3.61    5.02
 -38417.304    42.767    -5.37    5.81
 -38130.057    41.148    -5.64    5.99
 -37842.818    39.168    -6.89    5.57
 -37555.587    37.662    -5.24    4.21
 -37268.364    36.825    -2.91    2.94
 -36981.150    37.239     1.44    2.92
 -36693.944    37.910     2.34    2.94
 -36406.746    38.855     3.29    3.19
 -36119.557    39.932     3.75    3.32
 -35832.376    40.969     3.61    3.09
 -35545.203    41.989     3.55    2.94
 -35258.039    42.730     2.58    2.55
 -34970.883    43.087     1.24    2.21
 -34683.735    43.125     0.13    2.25
 -34396.596    43.071    -0.19    2.34
 -34109.465    42.794    -0.96    2.49
 -33822.342    42.495    -1.04    2.82
 -33535.228    42.803     1.07    3.17
 -33248.121    43.410     2.12    3.36
 -32961.024    43.719     1.07    3.52
 -32673.934    44.137     1.46    3.42
 -32386.853    44.613     1.66    3.06
 -32099.780    44.853     0.84    2.65
 -31812.715    44.826    -0.10    2.21
 -31525.659    44.793    -0.11    2.00
 -31238.611    44.232    -1.96    2.16
 -30951.571    43.932    -1.04    2.23
 -30664.540    43.533    -1.39    2.31
 -30377.517    43.032    -1.75    2.36
 -30090.502    42.609    -1.47    2.39
 -29803.496    42.224    -1.34    2.45
 -29516.498    41.999    -0.79    2.53
 -29229.508    41.746    -0.88    2.47
 -28942.526    41.180    -1.97    2.81
 -28655.553    40.579    -2.09    2.98
 -28368.588    40.174    -1.41    2.86
 -28081.631    40.055    -0.41    2.73
 -27794.683    39.741    -1.09    2.57
 -27507.743    39.696    -0.16    2.42
 -27220.811    39.396    -1.05    2.42
 -26933.888    38.954    -1.54    2.81
 -26646.972    38.065    -3.10    3.06
 -26360.065    37.178    -3.09    2.52
 -26073.167    36.983    -0.68    2.44
 -25786.277    37.100     0.41    2.71
 -25499.394    37.371     0.94    2.90
 -25212.521    37.932     1.96    2.95
 -24925.655    37.840    -0.32    3.60
 -24638.798    37.102    -2.57    4.61
 -24351.949    36.171    -3.24    5.05
 -24065.108    35.454    -2.50    5.50
 -23778.276    34.607    -2.95    5.91
 -23491.452    34.138    -1.63    6.33
 -23204.636    33.639    -1.74    6.58
 -22917.829    34.717     3.76    6.61
 -22631.030    36.062     4.69    6.22
 -22344.239    37.287     4.27    4.60
 -22057.456    37.735     1.56    3.11
 -21770.682    38.042     1.07    1.97
 -21483.915    37.837    -0.71    2.12
 -21197.158    37.124    -2.48    2.83
 -20910.408    35.403    -6.00    3.74
 -20623.667    33.808    -5.56    4.18
 -20336.934    32.608    -4.18    3.79
 -20050.209    31.517    -3.81    3.11
 -19763.492    30.954    -1.96    2.93
 -19476.784    31.124     0.59    2.97
 -19190.084    31.760     2.22    3.17
 -18903.392    32.550     2.76    3.18
 -18616.709    33.586     3.61    3.41
 -18330.034    34.004     1.46    3.49
 -18043.367    34.273     0.94    3.25
 -17756.708    34.144    -0.45    3.49
 -17470.058    33.452    -2.41    3.87
 -17183.416    32.137    -4.59    4.57
 -16896.782    30.100    -7.10    5.82
 -16610.156    27.225   -10.03    6.94
 -16323.539    24.099   -10.91    7.80
 -16036.930    21.594    -8.74    7.91
 -15750.329    19.184    -8.41    7.65
 -15463.736    17.041    -7.48    5.96
 -15177.152    16.090    -3.32    4.55
 -14890.576    16.495     1.41    4.82
 -14604.008    18.099     5.60    6.17
 -14317.449    20.129     7.09    6.83
 -14030.897    22.903     9.68    7.30
 -13744.354    25.727     9.85    6.55
 -13457.819    27.403     5.85    5.67
 -13171.293    29.424     7.05    4.54
 -12884.774    31.323     6.63    4.79
 -12598.264    33.396     7.23    6.17
 -12311.763    35.702     8.05    7.27
 -12025.269    38.009     8.06    7.23
 -11738.784    40.180     7.58    6.30
 -11452.307    41.804     5.67    4.96
 -11165.838    42.267     1.62    4.24
 -10879.377    41.164    -3.85    4.57
 -10592.925    39.996    -4.08    4.31
 -10306.480    38.314    -5.87    4.19
 -10020.045    36.160    -7.52    4.35
  -9733.617    33.817    -8.18    4.77
  -9447.197    31.017    -9.78    5.23
  -9160.786    28.360    -9.28    6.16
  -8874.383    25.284   -10.74    6.56
  -8587.989    22.084   -11.18    6.19
  -8301.602    19.168   -10.18    5.33
  -8015.224    17.227    -6.78    4.15
  -7728.854    15.676    -5.42    2.71
  -7442.492    14.528    -4.01    2.86
  -7156.138    13.180    -4.71    3.75
  -6869.793    11.693    -5.19    4.47
  -6583.456     9.962    -6.05    4.93
  -6297.127     8.403    -5.44    4.63
  -6010.806     7.162    -4.33    3.47
  -5724.494     6.579    -2.04    2.46
  -5438.190     7.034     1.59    2.95
  -5151.894     8.500     5.12    3.60
  -4865.606    10.572     7.24    4.17
  -4579.326    12.565     6.96    3.61
  -4293.055    13.109     1.90    4.03
  -4006.792    11.724    -4.84    6.22
  -3720.537     9.499    -7.78    7.69
  -3434.290     6.724    -9.69    8.04
  -3148.052     4.239    -8.68    7.19
  -2861.821     2.860    -4.82    5.47
  -2575.599     2.570    -1.01    4.79
  -2289.385     3.853     4.48    5.02
  -2003.180     5.359     5.26    4.66
  -1716.982     6.903     5.40    4.22
  -1430.793     7.151     0.87    4.79
  -1144.612     5.997    -4.03    5.58
   -858.439     4.547    -5.07    5.93
   -572.275     2.682    -6.52    5.78
   -286.118     0.888    -6.27    4.33
      0.030     0.012    -3.06    3.05
    286.170     2.560     8.90    8.97
    572.302     6.374    13.33   11.67
    858.425    10.102    13.03   12.25
   1144.540    13.320    11.25   11.39
   1430.648    15.882     8.95    9.47
   1716.747    18.977    10.82    8.02
   2002.837    23.037    14.19   11.99
   2288.920    27.119    14.27   16.77
   2574.994    36.120    31.47   22.81
   2861.060    46.424    36.02   25.28
   3147.118    60.135    47.93   25.16
   3433.168    72.396    42.86   20.86
   3719.210    81.727    32.62   15.96
   4005.243    87.293    19.46   11.89
   4291.268    91.273    13.91    8.01
   4577.285    92.346     3.75    8.29
   4863.294    91.809    -1.88   10.44
   5149.295    90.579    -4.30   11.85
   5435.287    88.403    -7.61   12.66
   5721.272    87.798    -2.12   12.64
   6007.248    87.671    -0.44   11.22
   6293.215    87.582    -0.31   10.59
   6579.175    89.917     8.17   11.80
   6865.127    94.655    16.57   15.35
   7151.070   100.756    21.34   18.09
   7437.005   110.204    33.04   22.00
   7722.932   119.622    32.94   24.12
   8008.851   129.458    34.40   22.80
   8294.762   137.155    26.92   19.38
   8580.664   144.424    25.43   13.79
   8866.558   149.140    16.49    7.35
   9152.444   150.215     3.76    5.29
   9438.322   150.284     0.24    4.70
   9724.192   150.816     1.86    4.89
  10010.053   152.158     4.70    5.51
  10295.907   154.598     8.53    6.09
  10581.752   157.440     9.94    6.69
  10867.589   160.517    10.77    6.55
  11153.418   163.616    10.84    5.79
  11439.239   167.062    12.06    5.25
  11725.051   169.983    10.22    6.14
  12010.856   172.917    10.27    6.79
  12296.652   175.903    10.45    6.81
  12582.440   178.844    10.29    6.38
  12868.220   181.777    10.26    5.70
  13153.991   184.195     8.46    5.04
  13439.755   186.616     8.47    4.48
  13725.510   188.624     7.03    5.09
  14011.257   191.025     8.40    5.36
  14296.996   193.432     8.42    5.40
  14582.727   195.987     8.94    5.77
  14868.450   198.019     7.11    4.76
  15154.165   198.499     1.68    4.24
  15439.871   197.548    -3.33    5.94
  15725.569   195.421    -7.45    7.94
  16011.259   192.410   -10.54    9.41
  16296.941   188.514   -13.64   10.09
  16582.615   184.265   -14.88    9.92
  16868.281   179.197   -17.74    9.77
  17153.938   174.717   -15.68   10.10
  17439.588   170.176   -15.90   10.44
  17725.229   165.777   -15.40   10.44
  18010.862   161.210   -15.99   10.08
  18296.487   157.015   -14.69    9.40
  18582.104   152.749   -14.94    8.64
  18867.712   148.447   -15.06    8.78
  19153.313   144.410   -14.13    7.89
  19439.641   142.249    -7.55    6.85
  19727.080   140.261    -6.92    5.95
  20014.510   139.064    -4.16    4.83
  20301.931   137.947    -3.89    4.66
  20589.344   136.860    -3.78    5.33
  20876.747   134.514    -8.16    6.96
  21164.141   130.510   -13.93    9.41
  21451.526   123.809   -23.32   13.71
  21738.902   114.910   -30.97   18.13
  22026.269   106.910   -27.84   18.36
  22313.627    98.610   -28.88   18.67
  22600.976    88.868   -33.90   19.46
  22888.316    81.124   -26.95   18.26
  23175.646    78.853    -7.90   17.39
  23462.968    79.673     2.85   19.68
  23750.281    82.970    11.47   21.91
  24037.585    88.103    17.87   23.13
  24324.879    97.310    32.05   19.57
  24612.165   105.699    29.20   12.22
  24899.442   111.924    21.67    7.76
  25186.709   116.091    14.51    8.01
  25473.968   119.962    13.47    8.99
  25761.217   123.739    13.15    8.67
  26048.458   127.614    13.49    7.51
  26335.689   129.719     7.33    6.01
  26622.911   130.938     4.25    6.15
  26910.125   130.374    -1.97    7.66
  27197.329   128.265    -7.34    8.96
  27484.525   125.526    -9.54    9.30
  27771.711   122.925    -9.06    8.77
  28058.888   121.222    -5.93    8.02
  28346.056   120.427    -2.77    7.57
  28633.216   119.616    -2.83    7.64
  28920.366   118.432    -4.13    9.47
  29207.507   116.548    -6.56   12.60
  29494.639   113.146   -11.85   16.10
  29781.763   105.781   -25.65   20.44
  30068.877    97.270   -29.64   20.21
  30355.982    91.454   -20.26   17.55
  30643.078    86.648   -16.74   14.02
  30930.165    84.696    -6.80   10.59
  31217.243    85.246     1.92   10.52
  31504.313    88.700    12.03   10.66
  31791.373    92.457    13.09    8.52
  32078.424    95.407    10.28    5.52
  32365.466    97.360     6.81    4.81
  32652.499    98.626     4.41    4.65
  32939.523    99.756     3.94    5.39
  33226.538   101.164     4.90    6.88
  33513.544   103.329     7.55    7.91
  33800.541   105.696     8.24    7.82
  34087.530   107.596     6.62    6.92
  34374.509   109.227     5.68    5.90
  34661.479   111.129     6.63    5.15
  34948.440   112.875     6.08    4.96
  35235.392   114.297     4.96    5.09
  35522.335   115.289     3.46    5.17
  35809.269   116.517     4.28    4.85
  36096.195   116.903     1.34    4.30
  36383.111   117.396     1.72    4.07
  36670.018   118.817     4.95    4.91
  36956.916   120.697     6.55    6.09
  37243.805   122.861     7.54    6.99
  37530.686   126.253    11.82    8.25
  37817.557   130.557    15.00    9.45
  38104.419   135.768    18.16   11.98
  38391.272   141.533    20.10   14.46
  38678.117   147.525    20.89   16.50
  38964.952   152.967    18.97   19.24
  39251.778   159.004    21.05   19.38
  39538.596   164.727    19.95   19.92
  39825.404   167.149     8.45   22.45
  40112.203   167.749     2.09   23.42
  40398.994   170.727    10.38   24.50
  40685.775   169.860    -3.02   28.03
  40972.548   168.947    -3.18   26.72
  41259.311   170.706     6.13   24.50
  41546.066   169.679    -3.58   23.83
  41832.811   171.140     5.09   22.45
  42119.548   171.062    -0.27   21.82
  42406.276   170.025    -3.62   21.87
  42692.994   167.633    -8.34   20.04
  42979.704   168.049     1.45   18.72
  43266.405   169.762     5.98   17.70
  43553.097   173.602    13.39   20.13
  43839.779   179.124    19.26   22.16
  44126.453   187.997    30.95   22.96
  44413.118   196.113    28.31   22.35
  44699.774   204.903    30.66   21.88
  44986.421   212.755    27.39   21.24
  45273.059   220.109    25.65   20.02
  45559.688   226.574    22.56   18.10
  45846.308   231.389    16.80   15.70
  46132.919   236.360    17.34   12.28
  46419.522   242.114    20.08   10.97
  46706.115   249.417    25.48   14.15
  46992.699   256.969    26.35   18.46
  47279.275   266.603    33.62   21.88
  47565.841   276.773    35.49   25.20
  47852.399   288.859    42.18   26.10
  48138.947   300.917    42.08   25.62
  48425.487   314.733    48.21   24.03
  48712.017   323.710    31.33   21.46
  48998.539   332.030    29.04   17.42
  49285.052   339.236    25.15   14.80
  49571.556   345.297    21.15   16.06
  49858.050   350.853    19.39   18.27
  50144.536   354.065    11.21   18.60
  50431.013   355.715     5.76   18.38
  50717.482   358.773    10.68   17.92
  51003.941   361.836    10.69   17.36
  51290.391   363.210     4.79   16.24
