# NaN NaN NaN ;Mean Elev.(m), Avg Gradient(m/km), RMS Gradient(m/km) - SRTM1     
#   28.011  -4.499  10.529 ;Mean Elev.(m), Avg Gradient(m/km), RMS Gradient(m/km) - ASTER GDEM
#   51.586  -3.930   9.568 ;Mean Elev.(m), Avg Gradient(m/km), RMS Gradient(m/km) - GMTED2010 
   1  90.575835  60.050224    61.443    61.610  5 54662.21362519 16.534
   2  90.577567  60.052343    48.347    48.381  5 54672.12927080 38.434
   4  90.572855  60.052494    48.251    48.219  5 54691.96055641 44.562
   6  90.578736  60.050841    48.166    48.083  5 54711.79184433 49.492
   8  90.576351  60.049735    48.358    48.311  5 54731.62314348 44.982
   9  90.574743  60.050958    47.971    47.988  5 54741.53879047 37.239
  10  90.577319  60.053006    58.719    59.010  5 54751.45443791 26.791
  11  90.574543  60.051821    60.346    60.823  5 54761.37008427 20.610
  12  90.574764  60.050340    56.381    58.086  5 54771.28572845 27.153
  13  90.576101  60.049338    47.551    47.511  5 54781.20136963 43.101
  14  90.576822  60.048754    47.388    47.403  5 54791.11700816 49.153
  15  90.578407  60.049838    47.825    47.868  5 54801.03264577 43.973
  16  90.577729  60.050040    59.504    59.268  5 54810.94828303 18.584
  17  90.578174  60.050391    60.823    60.823  5 54820.86392327 13.869
  18  90.577573  60.050800    60.644    60.686  5 54830.77957537 13.954
  19  90.576228  60.051644    61.419    61.352  5 54840.69521401 12.929
  20  90.573964  60.053278    61.711    61.599  5 54850.61086299 13.601
  21  90.571306  60.054818    61.286    61.033  5 54860.52651157 13.778
  22  90.573061  60.056677    62.161    61.891  5 54870.44216073 13.240
  23  90.572366  60.054849    62.010    61.781  5 54880.35780789 11.596
  24  90.576209  60.052980    61.654    61.686  5 54890.27345223 10.844
  25  90.578082  60.051382    60.758    59.938  5 54900.18909333 13.699
  26  90.577653  60.051745    60.907    60.908  5 54910.10473229 12.979
  27  90.575044  60.052451    61.515    61.871  5 54920.02036979  9.029
  28  90.573321  60.051964    52.849    52.894  5 54929.93600677 20.278
  29  90.576156  60.050409    56.427    57.450  5 54939.85164295 18.897
  30  90.579611  60.048051    58.251    58.650  6 54949.76727745 24.882
  31  90.581724  60.046928    52.118    52.100  5 54959.68291601 51.910
  32  90.578084  60.047315    61.308    61.326  5 54969.59856428 28.890
  33  90.577538  60.049707    51.323    51.318  5 54979.51421202 39.389
  35  90.575080  60.051133    60.724    60.509  5 54999.34550673 22.334
  36  90.576017  60.051583    49.185    49.244  5 55009.26115246 32.932
  37  90.575856  60.051741    49.431    49.474  5 55019.17679627 47.686
  38  90.574497  60.052726    48.666    48.642  5 55029.09243869 42.070
  39  90.574767  60.054440    48.717    48.708  5 55039.00808073 47.477
  40  90.574432  60.054220    48.736    48.747  5 55048.92372116 47.650
  41  90.575435  60.051770    48.762    48.749  5 55058.83935935 44.863
  42  90.577691  60.048880    48.693    48.654  5 55068.75499822 30.349
  43  90.579489  60.048254    48.943    48.892  5 55078.67064810 40.823
  44  90.578336  60.049346    48.901    48.838  6 55088.58629584 48.597
  45  90.576364  60.051620    48.562    48.628  5 55098.50194230 42.929
  46  90.576768  60.053729    48.821    48.808  5 55108.41758849 48.309
  47  90.576212  60.052492    48.371    48.397  5 55118.33323317 36.381
  48  90.575813  60.049389    48.392    48.304  5 55128.24887524 31.086
  49  90.578447  60.048233    48.088    48.090  5 55138.16451565 50.395
  50  90.579841  60.049128    48.001    47.996  5 55148.08015455 48.015
  51  90.577544  60.050318    48.311    48.302  6 55157.99579248 45.964
  52  90.574873  60.050709    61.346    61.614  5 55167.91143005 15.437
  53  90.576133  60.050793    61.730    61.505  5 55177.82706729 12.759
  54  90.575838  60.049705    61.558    61.679  5 55187.74271140 11.400
  55  90.575523  60.050540    61.081    60.818  5 55197.65836226 10.923
  56  90.573204  60.052057    60.997    60.772  5 55207.57401205 11.192
  57  90.572390  60.054206    60.627    60.607  5 55217.48966156 10.319
  58  90.573290  60.055260    62.423    62.482  5 55227.40531043 11.669
  59  90.573802  60.053585    61.965    62.372  5 55237.32095612 12.090
  60  90.575463  60.050837    61.781    61.684  5 55247.23659827 12.315
  61  90.576500  60.049176    61.662    61.591  5 55257.15223792 10.878
  62  90.577692  60.050220    61.938    61.907  5 55267.06787690 10.428
  63  90.574761  60.051138    61.736    61.556  5 55276.98351484 11.047
  64  90.576085  60.051996    62.095    62.100  5 55286.89915202 11.060
  65  90.576077  60.049588    62.183    62.192  5 55296.81478639 11.493
  66  90.580126  60.048142    61.153    61.040  5 55306.73042729 12.816
  67  90.579323  60.047048    56.579    57.434  5 55316.64607370 35.676
  68  90.579677  60.048704    54.338    54.391  5 55326.56171940 52.587
  69  90.576585  60.050297    60.810    61.138  5 55336.47736382 25.889
  70  90.573869  60.051370    51.070    51.082  5 55346.39300776 42.417
  71  90.576722  60.052813    51.318    51.339  5 55356.30865095 47.779
  72  90.576370  60.052140    59.692    59.535  5 55366.22429152 19.042
  73  90.575052  60.050976    50.206    50.313  5 55376.13993041 47.484
  74  90.577123  60.051769    49.700    49.696  5 55386.05556883 47.858
  75  90.575878  60.051404    62.066    62.043  5 55395.97120586 17.090
  76  90.575105  60.050605    48.720    48.688  5 55405.88684651 24.810
  77  90.576900  60.050730    59.894    59.901  5 55415.80249791 15.997
  78  90.576325  60.048835    61.556    61.640  5 55425.71814559 17.513
  79  90.579395  60.048906    48.803    48.777  5 55435.63379127 46.514
  80  90.579108  60.049681    49.824    48.411  5 55445.54943549 26.388
  81  90.575137  60.050203    60.758    61.020  5 55455.46507860 20.374
  82  90.576096  60.051888    60.393    60.529  5 55465.38072160 23.035
  83  90.578808  60.051637    59.239    59.163  5 55475.29636160 24.238
  84  90.579112  60.048819    48.750    48.789  5 55485.21199794 47.783
  85  90.582505  60.047786    50.873    49.111  5 55495.12763262 28.984
  86  90.580635  60.047190    48.166    48.148  5 55505.04326591 50.790
  87  90.576887  60.049167    47.469    47.554  5 55514.95891625 38.036
  88  90.577136  60.051952    47.318    47.308  5 55524.87456616 45.896
  89  90.576278  60.052775    57.891    57.933  5 55534.79021381 18.293
  90  90.573808  60.051847    59.620    59.499  5 55544.70585914 17.262
  91  90.575527  60.052756    59.397    59.451  5 55554.62150326 15.409
  92  90.573303  60.052698    60.262    60.507  5 55564.53714599 13.987
  93  90.573945  60.052877    60.098    60.143  5 55574.45278846 13.002
  94  90.574615  60.051564    60.010    60.049  5 55584.36842924 13.731
  95  90.578176  60.050282    60.275    60.454  5 55594.28406687 12.413
  96  90.578129  60.047769    60.920    60.697  5 55604.19970066 12.491
  97  90.580025  60.047114    61.003    60.855  5 55614.11533269 13.045
  98  90.579051  60.047088    60.832    60.776  5 55624.03097063 13.118
  99  90.578304  60.048970    61.520    61.045  5 55633.94662330 12.789
 100  90.579389  60.050275    61.064    61.067  5 55643.86227379 13.468
 101  90.578485  60.049675    61.772    61.796  5 55653.77792102 11.072
 102  90.577742  60.048381    53.885    53.475  5 55663.69356376 17.631
 103  90.578701  60.048633    54.432    54.415  5 55673.60920397 40.448
 104  90.579863  60.049900    51.418    51.429  5 55683.52484291 42.089
 105  90.577012  60.049770    59.034    58.905  5 55693.44048000 26.011
 106  90.577279  60.050077    49.407    49.318  5 55703.35611596 51.069
 107  90.578703  60.051054    48.898    48.942  5 55713.27176094 35.683
 108  90.576179  60.051187    48.680    48.677  5 55723.18741005 50.075
 109  90.575658  60.052193    44.423    44.492  4 55733.10305742 26.762
 110  90.576716  60.053386    48.581    48.573  5 55743.01870362 42.866
 111  90.574383  60.052248    48.734    48.641  5 55752.93434782 46.582
 112  90.578568  60.051885    59.446    59.688  5 55762.84999042 14.947
 113  90.577375  60.049061    48.766    48.829  5 55772.76562941 50.231
 114  90.581498  60.048806    48.215    48.225  5 55782.68126578 31.035
 115  90.578804  60.047460    49.184    49.220  5 55792.59689891 49.415
 116  90.578110  60.047404    57.362    58.690  5 55802.51253318 24.142
 117  90.578786  60.049188    48.837    48.914  5 55812.42818361 50.384
 118  90.578676  60.049085    48.535    48.560  6 55822.34383205 47.880
 119  90.580617  60.048623    49.667    48.150  5 55832.25947583 30.547
 120  90.582191  60.048166    53.867    55.574  5 55842.17511508 27.252
 121  90.580302  60.047635    57.485    58.074  5 55852.09075085 24.239
 122  90.577423  60.047716    60.630    60.716  5 55862.00638437 20.441
 123  90.575913  60.050182    60.006    60.394  5 55871.92203903 21.851
 124  90.576390  60.051247    47.288    47.267  5 55881.83768888 44.156
 125  90.575593  60.050605    47.459    47.448  5 55891.75333185 47.558
 126  90.577525  60.050734    52.434    52.435  5 55901.66896946 29.477
 127  90.576702  60.050324    52.502    52.466  5 55911.58460338 21.371
 128  90.575183  60.052280    52.678    52.645  5 55921.50025809 21.161
 129  90.576173  60.052924    55.240    55.561  5 55931.41591026 18.007
 130  90.576180  60.050852    54.619    53.069  5 55941.33155794 18.906
 131  90.576898  60.048620    59.024    60.030  5 55951.24720116 16.219
 132  90.578953  60.048692    59.135    59.957  5 55961.16284097 15.484
 133  90.577832  60.049384    59.116    59.372  5 55971.07847823 14.338
 134  90.578482  60.050682    56.680    56.361  5 55980.99411447 14.858
 135  90.579140  60.049730    57.298    57.943  5 55990.90974922 14.963
 136  90.579945  60.048745    59.092    59.205  5 56000.82539433 14.830
 137  90.580759  60.048291    60.978    61.241  5 56010.74104459 13.934
 138  90.581143  60.049038    60.969    61.190  5 56020.65669112 10.313
 139  90.577263  60.049709    51.719    51.672  5 56030.57233438 25.848
 140  90.576111  60.051699    59.557    59.625  4 56040.48797616 22.715
 141  90.573717  60.051526    56.260    54.172  5 56050.40361539 34.065
 142  90.575402  60.051183    50.899    50.875  5 56060.31925232 48.636
 143  90.577911  60.049966    49.041    49.015  6 56070.23488897 47.928
 144  90.577682  60.050845    49.207    49.207  5 56080.15053996 49.596
 145  90.576058  60.052059    48.798    48.781  5 56090.06618810 48.211
 146  90.574710  60.053082    48.250    48.256  4 56099.98183373 46.456
 147  90.577061  60.053305    44.135    42.079  5 56109.89746549 23.712
 148  90.576394  60.049941    47.905    47.816  5 56119.81310503 50.413
 149  90.578528  60.046957    49.942    48.451  5 56129.72874122 26.676
 150  90.582098  60.046464    48.278    48.147  5 56139.64437479 42.439
 151  90.578081  60.048035    48.294    48.232  5 56149.56002459 35.741
 152  90.575437  60.050242    58.102    58.312  5 56159.47567384 15.591
 153  90.576081  60.051395    47.929    47.868  5 56169.39132192 32.847
 154  90.578994  60.050654    60.669    60.589  5 56179.30696657 16.517
 155  90.579395  60.048454    50.211    50.596  6 56189.22260654 26.807
 156  90.579914  60.047920    53.448    54.773  6 56199.13824352 24.186
 157  90.578801  60.048869    53.843    55.307  6 56209.05387776 22.990
 158  90.576439  60.049676    50.542    51.041  5 56218.96951006 27.382
 159  90.576707  60.051680    47.127    47.090  5 56228.88515719 49.101
 160  90.575932  60.051640    46.817    46.791  5 56238.80081083 49.096
 161  90.575491  60.051018    47.154    47.070  5 56248.71646059 49.612
 162  90.576931  60.051189    48.062    48.060  5 56258.63210578 47.730
 163  90.576037  60.051783    50.093    50.071  4 56268.54774789 23.049
 164  90.577378  60.052967    50.828    50.790  5 56278.46338862 20.358
 165  90.575107  60.052577    51.966    52.098  5 56288.37903792 18.198
 166  90.577560  60.051596    52.584    52.527  5 56298.29468698 15.768
 167  90.578010  60.049341    57.002    56.646  5 56308.21033174 13.528
 168  90.577759  60.048367    60.342    60.255  5 56318.12597392 12.523
 169  90.577353  60.050020    60.756    60.139  5 56328.04161508 12.758
 170  90.575633  60.051178    60.784    60.529  5 56337.95725501 12.203
 171  90.575859  60.050997    61.677    61.403  5 56347.87289308 13.075
 172  90.577062  60.048639    60.703    60.573  5 56357.78852821 14.005
 173  90.580045  60.048753    62.187    61.833  5 56367.70417778 12.474
 176  90.573311  60.052835    58.553    58.081  5 56397.45111502 12.874
 177  90.574454  60.054154    50.647    50.716  5 56407.36675653 46.629
 178  90.575170  60.052809    56.939    56.945  5 56417.28239379 53.352
 179  90.579085  60.051081    52.166    52.203  5 56427.19802655 48.193
 180  90.579121  60.051545    50.359    50.454  5 56437.11367874 44.224
 181  90.577202  60.052561    49.780    49.729  5 56447.02933017 49.769
 182  90.573644  60.052844    49.731    49.569  5 56456.94497905 50.196
 183  90.572996  60.052448    50.507    49.397  5 56466.86062490 23.672
 184  90.575087  60.051089    48.984    48.871  5 56476.77626688 45.165
 185  90.578635  60.049370    48.692    48.685  5 56486.69190534 32.322
 186  90.580224  60.048468    48.560    48.501  5 56496.60754111 41.919
 187  90.580740  60.048912    48.332    48.364  5 56506.52317567 43.986
 188  90.579998  60.049419    48.800    48.754  5 56516.43881050 49.375
 189  90.576991  60.050073    58.606    59.336  5 56526.35446500 15.520
 190  90.576258  60.049578    50.461    48.899  5 56536.27011541 23.045
 192  90.577794  60.050096    48.116    48.181  5 56556.10140625 33.346
 193  90.575822  60.051221    60.563    60.643  5 56566.01704889 18.852
 194  90.574409  60.052655    60.067    59.746  5 56575.93269023 22.724
 195  90.573976  60.052583    51.212    51.252  5 56585.84832823 25.707
 196  90.575480  60.051466    48.120    48.073  5 56595.76396598 38.773
 197  90.574757  60.051112    47.836    47.806  5 56605.67961825 49.862
 198  90.577493  60.052093    61.416    61.464  5 56615.59526624 17.500
 199  90.577992  60.052464    47.514    47.563  5 56625.51091038 43.410
 200  90.576464  60.051787    47.463    47.377  5 56635.42655148 50.761
 201  90.578786  60.051430    47.399    47.331  5 56645.34219045 46.683
 202  90.577003  60.050525    48.374    48.284  5 56655.25784289 47.932
 203  90.578024  60.050043    50.686    50.680  5 56665.17349130 31.553
 204  90.578680  60.050240    61.253    60.717  5 56675.08913699 15.286
 205  90.578390  60.051248    60.905    60.862  5 56685.00478153 14.573
 206  90.575523  60.051116    61.202    61.217  5 56694.92042362 14.047
 207  90.578527  60.051628    60.999    60.940  5 56704.83606186 11.655
 208  90.577134  60.048912    61.643    61.567  5 56714.75169385 11.674
 210  90.576214  60.051315    61.576    61.718  5 56734.58299553 12.475
 211  90.573503  60.052779    62.399    62.531  5 56744.49864221  9.797
 212  90.575330  60.054531    54.470    54.417  5 56754.41428510 24.888
 213  90.574981  60.053237    55.551    55.511  5 56764.32992188 26.905
 214  90.576833  60.051865    59.408    59.151  5 56774.24555785 29.701
 215  90.574853  60.052268    61.764    61.795  5 56784.16121485 26.372
 216  90.575692  60.054002    59.965    60.064  5 56794.07686857 26.554
 217  90.573381  60.054165    49.444    49.462  5 56803.99251842 36.939
 218  90.574474  60.053598    49.257    49.232  5 56813.90816103 43.022
 219  90.573994  60.051308    49.591    49.530  5 56823.82379979 51.193
 221  90.580110  60.049289    48.415    48.400  5 56843.65506684 33.275
 222  90.580011  60.049764    48.284    48.234  5 56853.57070936 48.039
 223  90.575807  60.050208    48.750    48.672  5 56863.48636307 49.234
 224  90.577930  60.052355    49.468    49.391  5 56873.40201703 49.052
 225  90.574232  60.051323    62.352    62.336  5 56883.31766687 15.593
 226  90.575753  60.051969    48.679    48.684  5 56893.23331400 29.745
 227  90.575924  60.052708    48.802    48.807  5 56903.14895779 46.946
 228  90.574320  60.053859    48.392    48.317  5 56913.06459943 44.550
 229  90.573337  60.054451    48.323    48.300  4 56922.98023933 50.021
 230  90.572098  60.053418    48.408    48.397  5 56932.89587658 49.852
 231  90.575443  60.052163    48.300    48.291  5 56942.81150894 48.001
 232  90.575749  60.050926    47.709    47.594  5 56952.72715348 45.080
 233  90.574499  60.050997    46.799    46.735  5 56962.64280402 50.537
 234  90.573577  60.051753    47.192    47.136  5 56972.55844989 44.904
 235  90.576437  60.053054    47.035    46.955  5 56982.47409203 46.565
 236  90.576437  60.051260    52.367    53.160  5 56992.38972896 19.814
 237  90.580208  60.049217    50.126    50.082  5 57002.30536341 23.124
 238  90.579166  60.048950    61.011    60.924  5 57012.22102053 15.126
 239  90.579149  60.049879    61.273    60.984  5 57022.13667214 15.040
 240  90.575197  60.050583    60.326    60.379  5 57032.05232050 16.714
 241  90.575726  60.052270    61.693    61.838  5 57041.96796725 13.646
 242  90.575157  60.052023    61.655    61.759  5 57051.88361150 11.922
 243  90.575930  60.050439    62.036    61.750  5 57061.79925142 12.611
 244  90.576430  60.048879    62.111    62.034  5 57071.71488593 13.825
 245  90.577944  60.049087    61.421    61.415  5 57081.63051667 11.838
 246  90.574667  60.050472    62.019    61.655  5 57091.54616057 12.902
 247  90.572539  60.053437    56.859    57.087  5 57101.46181829 18.069
 248  90.573050  60.054557    61.464    61.471  4 57111.37747268 13.151
 249  90.574403  60.053239    60.076    60.673  4 57121.29312106  6.915
 250  90.577850  60.052492    57.902    57.874  5 57131.20876398 14.741
 251  90.576915  60.051439    52.066    52.052  5 57141.12440129 50.412
 252  90.576253  60.051576    50.281    50.293  5 57151.04003539 40.134
 253  90.575193  60.050353    51.402    51.320  5 57160.95566600 50.633
 254  90.576879  60.050992    50.084    50.020  6 57170.87132105 35.977
 255  90.576535  60.049513    49.434    49.311  5 57180.78697572 43.258
 256  90.579423  60.049638    48.917    48.943  5 57190.70262698 41.743
 257  90.578272  60.050241    48.590    48.680  5 57200.61827474 41.628
 258  90.575791  60.051499    51.919    50.992  5 57210.53390888 22.814
 259  90.573373  60.051983    59.783    58.741  5 57220.44955277 25.033
 260  90.576933  60.052737    48.137    48.141  5 57230.36519609 47.625
 261  90.578687  60.051840    61.393    61.413  5 57240.28083671 16.208
 262  90.576237  60.049348    48.209    48.157  5 57250.19647390 40.011
 263  90.576467  60.049606    60.492    60.682  5 57260.11210944 20.930
 264  90.575199  60.050438    61.717    61.670  5 57270.02774355 22.660
 265  90.572986  60.052568    50.374    48.045  5 57279.94339653 32.894
 266  90.574092  60.053844    59.455    59.451  4 57289.85905224 23.017
 267  90.576391  60.053542    60.098    60.063  5 57299.77470494 24.835
 268  90.574627  60.050926    48.131    48.022  5 57309.69035335 50.563
 269  90.576269  60.051493    47.378    47.348  5 57319.60599909 31.713
 270  90.575737  60.052841    47.426    47.368  5 57329.52164192 48.920
 271  90.574383  60.053609    47.026    46.917  4 57339.43728245 49.763
 272  90.574625  60.053625    49.811    49.447  5 57349.35293207 28.217
 273  90.575066  60.051156    51.182    51.239  5 57359.26857762 46.739
 274  90.579121  60.049875    51.547    51.614  5 57369.18422043 50.848
 275  90.579390  60.049624    52.685    50.980  5 57379.09986033 24.842
 276  90.577237  60.050463    52.444    50.523  5 57389.01549866 23.138
 277  90.574721  60.050623    57.647    58.997  5 57398.93113590 19.951
 278  90.577197  60.050649    50.933    50.570  5 57408.84677312 19.066
 279  90.576103  60.049854    51.715    52.004  5 57418.76242573 19.628
 280  90.579236  60.051220    56.398    57.721  5 57428.67807646 17.047
 281  90.576814  60.052290    53.278    52.306  5 57438.59372428 18.352
 282  90.573785  60.053929    51.991    51.894  4 57448.50937093 17.282
 283  90.572802  60.055185    59.871    60.287  4 57458.42501652 16.478
 284  90.574481  60.054717    60.628    60.546  5 57468.34065926 13.044
 285  90.576850  60.052213    58.267    57.941  5 57478.25629776 15.449
 286  90.580110  60.050386    51.133    51.186  5 57488.17193324 21.103
 287  90.579205  60.048529    51.545    51.512  5 57498.08756620 35.229
 288  90.578210  60.049283    51.007    50.917  5 57508.00320638 48.228
 289  90.574882  60.050646    49.229    49.211  5 57517.91886223 48.340
 290  90.578056  60.052420    49.639    49.638  5 57527.83451584 45.721
 291  90.576957  60.050354    49.971    49.918  5 57537.75016577 50.865
 292  90.576675  60.048861    49.394    49.520  5 57547.66581325 44.578
 293  90.579201  60.050125    49.055    48.974  5 57557.58145999 51.698
 294  90.576307  60.051122    48.476    48.393  5 57567.49710522 31.165
 295  90.574830  60.052349    48.598    48.570  5 57577.41274995 47.049
 296  90.574563  60.052587    48.463    48.424  5 57587.32839340 46.327
 297  90.576082  60.052199    57.846    57.992  5 57597.24403451 15.851
