-116006.659    92.112     0.00   11.26
-115720.278    89.805    -8.05   11.67
-115433.898    87.907    -6.63   11.77
-115147.519    85.585    -8.11   11.41
-114861.139    82.920    -9.31   10.09
-114574.760    80.675    -7.84    8.34
-114288.382    79.896    -2.72    7.72
-114002.004    80.168     0.95    8.31
-113715.626    80.658     1.71    8.33
-113429.249    82.617     6.84    8.56
-113142.872    86.058    12.02    8.72
-112856.496    89.750    12.89    7.98
-112570.114    92.796    10.63    6.88
-112283.571    94.147     4.72    6.81
-111997.029    94.257     0.38    6.88
-111710.489    93.440    -2.85    7.27
-111423.949    92.236    -4.20    8.02
-111137.411    91.189    -3.66    8.24
-110850.874    90.195    -3.47    7.66
-110564.338    89.230    -3.37    6.79
-110277.803    88.460    -2.69    5.71
-109991.270    88.844     1.34    5.37
-109704.737    90.013     4.08    5.16
-109418.206    91.707     5.91    6.21
-109131.675    93.735     7.08    7.46
-108845.146    95.707     6.88    8.87
-108558.618    98.076     8.27   10.20
-108272.091   100.047     6.88   11.11
-107985.566   101.211     4.06   11.57
-107699.041   101.075    -0.47   12.45
-107412.517    98.856    -7.75   13.49
-107125.995    95.758   -10.81   14.66
-106839.474    91.682   -14.23   15.08
-106552.954    86.571   -17.84   15.03
-106266.435    81.258   -18.54   14.19
-105979.917    77.561   -12.90   12.70
-105693.400    74.520   -10.62   10.92
-105406.885    72.386    -7.45    9.28
-105120.370    71.778    -2.12    9.59
-104833.857    71.293    -1.69   10.69
-104547.345    70.209    -3.78   12.61
-104260.834    66.298   -13.65   15.92
-103974.324    58.911   -25.78   19.38
-103687.815    51.643   -25.37   19.43
-103401.307    46.245   -18.84   17.51
-103114.801    44.211    -7.10   15.85
-102828.295    45.851     5.73   17.57
-102541.791    51.076    18.24   20.72
-102255.288    59.837    30.58   20.58
-101968.786    69.955    35.32   16.33
-101682.285    78.497    29.81   11.25
-101395.785    84.054    19.40    9.02
-101109.287    87.778    13.00    8.04
-100822.789    90.161     8.32    8.18
-100536.293    92.071     6.67    8.96
-100249.798    93.768     5.92    9.76
 -99963.304    95.540     6.19   10.09
 -99676.811    97.154     5.63    9.73
 -99390.319    98.844     5.90    9.40
 -99103.828   100.324     5.17    9.12
 -98817.338   101.346     3.57    8.19
 -98530.850   100.993    -1.23    7.77
 -98244.363    99.880    -3.88    7.16
 -97957.877    98.668    -4.23    6.54
 -97671.392    97.161    -5.26    6.55
 -97384.908    95.217    -6.79    7.27
 -97098.425    93.274    -6.78    8.38
 -96811.943    91.445    -6.38    9.29
 -96525.463    89.501    -6.78   10.75
 -96238.983    86.884    -9.14   12.81
 -95952.505    83.430   -12.06   14.91
 -95666.028    79.929   -12.22   17.07
 -95379.552    76.017   -13.65   19.60
 -95093.077    71.725   -14.98   21.76
 -94806.603    68.618   -10.85   24.30
 -94520.131    66.006    -9.12   27.70
 -94233.659    64.044    -6.85   29.98
 -93947.189    60.940   -10.83   30.41
 -93660.720    57.768   -11.07   28.70
 -93374.252    55.920    -6.45   26.91
 -93087.785    56.875     3.34   24.89
 -92801.319    60.106    11.28   22.90
 -92514.854    65.442    18.63   21.19
 -92228.391    70.044    16.06   19.32
 -91941.928    72.052     7.01   18.89
 -91655.467    73.230     4.11   20.43
 -91369.007    71.754    -5.15   23.62
 -91082.548    66.585   -18.05   27.08
 -90796.090    57.154   -32.92   29.65
 -90509.633    47.245   -34.59   27.94
 -90223.177    39.097   -28.45   24.15
 -89936.723    31.984   -24.83   20.23
 -89650.270    27.764   -14.73   15.96
 -89363.817    26.520    -4.34   12.84
 -89077.366    28.539     7.05   13.83
 -88790.916    33.311    16.66   15.40
 -88504.467    39.004    19.87   14.38
 -88218.020    45.147    21.45   11.81
 -87931.573    50.065    17.17    9.54
 -87645.128    52.814     9.60    8.49
 -87358.683    53.747     3.26    8.19
 -87072.240    53.814     0.23    7.72
 -86785.798    53.513    -1.05    7.60
 -86499.357    52.675    -2.92    7.46
 -86212.917    51.353    -4.62    7.36
 -85926.479    50.389    -3.37    6.75
 -85640.041    50.203    -0.65    6.53
 -85353.605    49.449    -2.63    6.95
 -85067.169    47.133    -8.08    8.64
 -84780.735    45.327    -6.31    8.94
 -84494.302    44.717    -2.13    9.66
 -84207.870    44.991     0.95   11.18
 -83921.439    45.948     3.34   12.59
 -83635.010    48.506     8.93   13.75
 -83348.581    54.097    19.52   14.01
 -83062.154    60.372    21.91   12.71
 -82775.728    65.140    16.64   11.51
 -82489.303    69.607    15.60   10.58
 -82202.879    73.704    14.30   11.56
 -81916.456    77.432    13.02   11.91
 -81630.034    80.369    10.25   11.40
 -81343.613    81.535     4.07   10.10
 -81057.194    82.039     1.76    9.05
 -80770.776    81.005    -3.61    8.95
 -80484.358    78.911    -7.31    9.33
 -80197.942    75.846   -10.70    8.98
 -79911.527    72.977   -10.02    7.14
 -79625.113    71.613    -4.76    6.52
 -79338.701    71.313    -1.05    6.98
 -79052.289    71.469     0.55    7.80
 -78765.879    72.195     2.53    8.30
 -78479.470    72.953     2.64    7.92
 -78193.061    72.329    -2.18    7.56
 -77906.654    70.948    -4.82    7.12
 -77620.248    69.724    -4.27    5.97
 -77333.844    68.675    -3.66    4.66
 -77047.440    67.738    -3.27    3.86
 -76761.037    66.468    -4.44    4.25
 -76474.636    63.941    -8.82    6.71
 -76188.236    59.835   -14.34    9.84
 -75901.837    53.700   -21.42   13.02
 -75615.439    46.489   -25.18   15.08
 -75329.042    39.465   -24.53   15.70
 -75042.646    34.360   -17.82   14.33
 -74756.251    29.508   -16.94   12.56
 -74469.858    25.113   -15.35   11.22
 -74183.466    21.283   -13.37   10.64
 -73897.074    18.665    -9.14   10.34
 -73610.684    17.270    -4.87    9.18
 -73324.295    18.312     3.64   10.07
 -73037.907    20.524     7.72   11.84
 -72751.521    24.612    14.28   12.88
 -72465.135    29.624    17.50   11.73
 -72178.751    34.085    15.58    8.52
 -71892.367    37.626    12.37    4.72
 -71605.985    39.423     6.27    3.39
 -71319.604    39.574     0.52    3.42
 -71033.224    40.203     2.20    3.12
 -70746.845    40.485     0.98    3.10
 -70460.468    40.389    -0.33    3.44
 -70174.091    39.643    -2.61    3.71
 -69887.716    38.820    -2.87    3.50
 -69601.341    38.211    -2.13    3.22
 -69314.968    37.789    -1.47    3.15
 -69028.596    37.583    -0.72    2.90
 -68742.225    37.236    -1.21    2.97
 -68455.856    36.651    -2.04    3.06
 -68169.487    36.202    -1.57    3.31
 -67883.120    36.052    -0.52    3.66
 -67596.753    36.739     2.40    4.49
 -67310.388    37.764     3.58    5.24
 -67024.024    38.401     2.22    5.52
 -66737.661    38.364    -0.13    6.32
 -66451.299    38.251    -0.40    7.46
 -66164.938    37.037    -4.24    8.25
 -65878.579    35.619    -4.95    8.15
 -65592.220    35.347    -0.95    8.30
 -65305.863    36.916     5.48   10.27
 -65019.507    40.043    10.92   12.28
 -64733.151    43.776    13.04   12.96
 -64446.797    48.400    16.15   12.12
 -64160.445    52.317    13.68   10.33
 -63874.093    55.487    11.07    7.93
 -63587.742    57.689     7.69    6.31
 -63301.393    59.281     5.56    5.61
 -63015.045    60.856     5.50    5.13
 -62728.697    62.254     4.88    4.17
 -62442.351    61.271    -3.43    6.73
 -62156.006    58.005   -11.41   11.09
 -61869.663    54.332   -12.82   13.17
 -61583.320    50.018   -15.07   13.97
 -61296.978    45.984   -14.09   13.40
 -61010.638    42.671   -11.57   11.71
 -60724.299    41.668    -3.50   11.26
 -60437.961    43.052     4.83   12.61
 -60151.624    46.127    10.74   13.93
 -59865.288    51.217    17.77   14.20
 -59578.953    56.633    18.92   11.93
 -59292.619    61.258    16.15    7.85
 -59006.287    63.090     6.40    5.46
 -58719.955    62.971    -0.42    5.67
 -58433.625    63.888     3.20    6.39
 -58147.296    66.098     7.72    7.77
 -57860.968    68.619     8.81    7.83
 -57574.641    71.217     9.07    6.80
 -57288.315    73.593     8.30    5.76
 -57001.991    75.858     7.91    4.30
 -56715.667    76.962     3.86    3.25
 -56429.345    76.583    -1.32    3.83
 -56143.024    75.084    -5.24    6.38
 -55856.704    72.224    -9.99    8.87
 -55570.385    68.392   -13.38   10.85
 -55284.067    63.957   -15.49   10.63
 -54997.750    59.950   -13.99    9.18
 -54711.434    56.760   -11.14    8.44
 -54425.120    54.313    -8.55    7.64
 -54138.807    51.236   -10.75    8.94
 -53852.494    47.583   -12.76   10.19
 -53566.183    45.304    -7.96   10.49
 -53279.873    44.340    -3.37   10.43
 -52993.565    44.720     1.33   10.32
 -52707.257    46.020     4.54   10.10
 -52420.950    47.416     4.88    9.55
 -52134.645    50.055     9.22    7.82
 -51848.341    52.323     7.92    5.23
 -51562.037    53.310     3.45    3.36
 -51275.735    52.994    -1.10    3.28
 -50989.435    52.605    -1.36    3.16
 -50703.102    52.629     0.08    3.27
 -50416.480    53.112     1.68    3.67
 -50129.860    53.574     1.61    4.00
 -49843.241    54.453     3.07    4.00
 -49556.625    55.837     4.83    3.78
 -49270.010    56.798     3.35    3.24
 -48983.397    57.209     1.43    2.91
 -48696.786    57.046    -0.57    2.96
 -48410.177    56.855    -0.66    3.13
 -48123.570    56.485    -1.29    3.26
 -47836.964    55.904    -2.03    3.31
 -47550.361    55.839    -0.22    3.46
 -47263.759    55.650    -0.66    3.50
 -46977.159    55.632    -0.06    3.51
 -46690.561    56.017     1.34    3.29
 -46403.965    55.932    -0.30    2.69
 -46117.371    55.553    -1.32    2.47
 -45830.778    54.582    -3.39    4.41
 -45544.188    52.573    -7.01    6.60
 -45257.599    50.454    -7.40    8.01
 -44971.012    49.768    -2.39    8.18
 -44684.427    49.278    -1.71    8.01
 -44397.844    49.996     2.51    8.19
 -44111.263    51.315     4.60    7.92
 -43824.683    52.881     5.47    7.10
 -43538.106    55.386     8.74    5.55
 -43251.530    57.316     6.73    4.39
 -42964.956    58.076     2.65    4.75
 -42678.384    58.471     1.38    5.06
 -42391.814    59.328     2.99    5.44
 -42105.246    60.550     4.27    5.50
 -41818.679    61.773     4.27    5.04
 -41532.115    62.814     3.63    4.33
 -41245.552    63.599     2.74    3.55
 -40958.991    63.603     0.01    3.48
 -40672.432    63.435    -0.59    3.60
 -40385.875    62.409    -3.58    3.96
 -40099.320    61.397    -3.53    4.06
 -39812.766    61.067    -1.15    4.33
 -39526.215    61.033    -0.12    4.37
 -39239.665    61.225     0.67    4.32
 -38953.117    61.274     0.17    4.25
 -38666.571    61.461     0.65    3.57
 -38380.027    61.364    -0.34    3.20
 -38093.485    60.272    -3.81    4.45
 -37806.944    57.527    -9.58    7.94
 -37520.405    53.689   -13.39   10.35
 -37233.869    49.058   -16.16   11.86
 -36947.334    44.552   -15.73   11.35
 -36660.801    40.939   -12.61    9.53
 -36374.270    39.640    -4.53    8.78
 -36087.740    41.567     6.72   11.47
 -35801.213    45.950    15.30   13.14
 -35514.687    50.076    14.40   12.83
 -35228.164    54.196    14.38   10.78
 -34941.642    56.700     8.74    7.75
 -34655.122    57.238     1.88    6.05
 -34368.603    55.967    -4.44    6.29
 -34082.087    54.665    -4.54    5.78
 -33795.573    54.107    -1.95    5.00
 -33509.060    53.983    -0.43    5.00
 -33222.549    54.685     2.45    5.37
 -32936.040    55.942     4.39    4.96
 -32649.533    57.223     4.47    4.49
 -32363.028    57.835     2.14    4.10
 -32076.525    57.887     0.18    4.14
 -31790.023    57.175    -2.49    4.54
 -31503.524    55.806    -4.78    4.90
 -31217.026    54.478    -4.64    5.03
 -30930.530    53.126    -4.72    4.82
 -30644.036    51.520    -5.60    4.18
 -30357.544    50.765    -2.63    3.84
 -30071.053    50.313    -1.58    3.93
 -29784.565    50.456     0.50    4.35
 -29498.078    51.504     3.66    6.13
 -29211.593    52.928     4.97    7.38
 -28925.110    54.196     4.42    7.51
 -28638.629    55.371     4.10    6.61
 -28352.150    55.783     1.44    5.69
 -28065.673    55.429    -1.24    5.65
 -27779.197    53.789    -5.72    6.70
 -27492.723    50.795   -10.45    7.40
 -27206.252    47.012   -13.20    8.47
 -26919.782    43.315   -12.91    9.19
 -26633.313    39.939   -11.78    8.83
 -26346.847    37.467    -8.63    7.31
 -26060.383    36.182    -4.49    6.03
 -25773.920    35.976    -0.72    5.45
 -25487.460    36.324     1.22    5.64
 -25201.001    37.292     3.38    6.43
 -24914.544    38.278     3.44    7.39
 -24628.089    39.450     4.09    7.49
 -24341.635    40.787     4.67    7.32
 -24055.184    41.799     3.53    6.85
 -23768.734    42.076     0.97    6.57
 -23482.287    42.288     0.74    5.67
 -23195.841    42.218    -0.24    4.42
 -22909.397    41.567    -2.27    4.19
 -22622.954    41.647     0.28    3.84
 -22336.514    42.175     1.84    3.67
 -22050.076    42.757     2.03    3.52
 -21763.639    43.182     1.48    3.75
 -21477.204    44.093     3.18    4.30
 -21190.771    45.411     4.60    5.05
 -20904.340    47.119     5.96    5.46
 -20617.911    48.774     5.78    5.52
 -20331.484    50.548     6.20    5.45
 -20045.058    52.047     5.23    5.10
 -19758.635    53.344     4.53    4.64
 -19472.213    54.289     3.30    4.04
 -19185.793    54.837     1.91    3.52
 -18899.375    54.741    -0.33    3.87
 -18612.959    54.189    -1.93    4.64
 -18326.544    52.916    -4.44    5.26
 -18040.132    51.634    -4.48    5.75
 -17753.721    49.413    -7.75    7.37
 -17467.312    46.106   -11.55    9.62
 -17180.905    41.255   -16.94   12.41
 -16894.500    35.576   -19.83   14.31
 -16608.097    29.729   -20.42   14.45
 -16321.696    24.544   -18.10   12.51
 -16035.296    20.820   -13.00    9.88
 -15748.898    18.721    -7.33    8.26
 -15462.502    17.402    -4.61    7.30
 -15176.108    16.609    -2.77    6.81
 -14889.716    16.390    -0.76    7.01
 -14603.326    14.883    -5.26    8.19
 -14316.938    12.105    -9.70    8.35
 -14030.551    10.613    -5.21    7.86
 -13744.166    11.119     1.77    8.20
 -13457.783    11.894     2.70    8.37
 -13171.402    12.460     1.98    8.09
 -12885.023    13.626     4.07    7.72
 -12598.646    16.231     9.10    5.76
 -12312.270    17.870     5.72    3.35
 -12025.897    17.579    -1.02    2.99
 -11739.525    16.907    -2.35    3.19
 -11453.155    16.055    -2.98    3.58
 -11166.787    15.168    -3.10    4.04
 -10880.421    14.182    -3.44    4.32
 -10594.056    13.522    -2.30    4.10
 -10307.694    13.072    -1.57    3.67
 -10021.333    12.699    -1.30    3.09
  -9734.974    12.327    -1.30    2.69
  -9448.617    12.431     0.37    2.60
  -9162.262    12.883     1.58    2.48
  -8875.909    12.897     0.05    2.77
  -8589.557    12.311    -2.05    3.32
  -8303.208    11.421    -3.11    3.87
  -8016.860    10.508    -3.19    4.55
  -7730.514     9.504    -3.51    5.16
  -7444.170     8.393    -3.88    5.47
  -7157.828     7.307    -3.79    5.28
  -6871.488     6.147    -4.05    4.69
  -6585.149     5.147    -3.49    4.21
  -6298.813     4.134    -3.54    3.89
  -6012.478     3.508    -2.18    3.79
  -5726.145     3.223    -1.00    3.91
  -5439.814     3.001    -0.77    4.12
  -5153.485     2.611    -1.36    4.16
  -4867.157     2.252    -1.25    4.24
  -4580.832     1.978    -0.96    4.37
  -4294.508     1.643    -1.17    4.46
  -4008.186     1.267    -1.32    4.30
  -3721.866     0.764    -1.76    3.90
  -3435.548     0.560    -0.71    3.90
  -3149.232     0.092    -1.63    3.16
  -2862.918    -0.204    -1.03    2.50
  -2576.605    -0.517    -1.09    1.52
  -2290.294    -0.689    -0.60    0.82
  -2003.985    -0.771    -0.29    0.41
  -1717.678    -0.601     0.59    1.43
  -1431.373    -0.214     1.35    3.58
  -1145.070    -0.196     0.06    3.46
   -858.769     0.325     1.82    4.90
   -572.469     0.778     1.58    5.66
   -286.171     1.197     1.46    6.58
      0.125     1.182    -0.05    6.54
    286.419     1.457     0.96    6.87
    572.711     1.967     1.78    7.92
    859.001     2.462     1.73    8.70
   1145.290     3.330     3.03    9.97
   1431.577     3.964     2.21   10.61
   1717.861     4.791     2.89   11.43
   2004.144     5.423     2.21   11.92
   2290.426     6.029     2.12   12.06
   2576.705     6.421     1.37   11.74
   2862.982     7.951     5.34   12.79
   3149.258     8.772     2.87   13.15
   3435.532    10.758     6.94   14.15
   3721.803    13.483     9.52   15.73
   4008.073    15.724     7.83   16.55
   4294.342    18.098     8.29   17.26
   4580.608    20.953     9.97   18.32
   4866.872    23.285     8.15   18.91
   5153.135    25.367     7.27   19.04
   5439.396    27.120     6.13   19.60
   5725.655    27.705     2.04   20.75
   6011.912    27.637    -0.24   21.87
   6298.167    26.112    -5.33   22.72
   6584.421    23.854    -7.89   22.67
   6870.672    22.269    -5.54   23.05
   7156.922    20.168    -7.34   23.36
   7443.170    17.182   -10.43   22.66
   7729.416    15.554    -5.69   23.14
   8015.660    13.865    -5.90   23.38
   8301.902    11.290    -8.99   22.09
   8588.143     7.634   -12.77   18.54
   8874.381     4.984    -9.26   14.78
   9160.618     2.508    -8.65    9.58
   9446.853     0.971    -5.37    6.16
   9733.086     0.030    -3.29    3.36
  10019.317    -0.440    -1.64    2.14
  10305.546    -0.769    -1.15    0.49
  10591.774    -0.832    -0.22    0.00
  10878.000    -0.832     0.00    0.00
  11164.304    -0.832     0.00    0.00
  11451.004    -0.832     0.00    0.00
  11737.701    -0.832     0.00    0.00
  12024.396    -0.832     0.00    0.00
  12311.088    -0.832     0.00    0.00
  12597.777    -0.832     0.00    0.00
  12884.464    -0.832     0.00    0.00
  13171.148    -0.832     0.00    0.00
  13457.830    -0.782     0.17    0.38
  13744.509    -0.579     0.71    1.17
  14031.185    -0.215     1.27    2.07
  14317.859     0.388     2.10    3.02
  14604.531     0.811     1.48    3.48
  14891.200     0.940     0.45    3.57
  15177.866     0.685    -0.89    3.31
  15464.529     0.420    -0.93    3.15
  15751.190     0.195    -0.78    2.87
  16037.849    -0.149    -1.20    2.32
  16324.505    -0.489    -1.19    1.60
  16611.158    -0.489     0.00    1.31
  16897.809    -0.012     1.67    2.26
  17184.457     0.711     2.52    3.01
  17471.102     1.837     3.93    4.57
  17757.745     2.597     2.65    5.14
  18044.386     4.421     6.37    8.17
  18331.024     7.801    11.79   12.17
  18617.659    11.710    13.64   14.74
  18904.292    15.647    13.74   15.48
  19190.922    18.936    11.47   16.26
  19477.549    21.397     8.59   17.47
  19764.174    25.534    14.44   19.16
  20050.796    30.352    16.81   19.97
  20337.416    35.328    17.36   19.08
  20624.033    39.349    14.03   16.67
  20910.648    42.004     9.26   14.86
  21197.260    45.626    12.64   13.60
  21483.869    50.217    16.02   13.38
  21770.476    55.232    17.50   14.54
  22057.081    60.830    19.53   16.23
  22343.682    66.619    20.20   16.76
  22630.281    73.640    24.50   14.26
  22916.878    78.650    17.48   11.37
  23203.472    81.911    11.38    9.18
  23490.063    83.864     6.81    8.18
  23776.652    85.358     5.21    7.91
  24063.238    86.651     4.51    7.58
  24349.822    88.196     5.39    7.70
  24636.403    91.218    10.55    8.48
  24922.982    94.518    11.52    9.11
  25209.558    97.608    10.78    9.31
  25496.131   100.239     9.18    9.34
  25782.702   101.418     4.11    8.79
  26069.270   101.733     1.10    8.54
  26355.835   102.930     4.17    8.27
  26642.398   104.821     6.60    7.90
  26928.959   106.099     4.46    7.64
  27215.517   106.713     2.14    7.56
  27502.072   107.632     3.21    7.55
  27788.625   109.437     6.30    7.50
  28075.175   111.934     8.71    7.73
  28361.723   114.388     8.56    8.05
  28648.268   118.266    13.53    8.86
  28934.810   123.432    18.03   10.11
  29221.350   129.010    19.47   10.99
  29507.887   134.644    19.66   11.18
  29794.422   140.078    18.97   11.33
  30080.954   146.069    20.91   11.83
  30367.483   152.629    22.90   11.35
  30654.010   158.539    20.62   10.10
  30940.535   163.406    16.99    9.25
  31227.057   167.955    15.88    8.59
  31513.576   171.772    13.32    7.90
  31800.092   175.717    13.77    7.41
  32086.606   179.630    13.66    8.05
  32373.118   183.892    14.88    8.71
  32659.627   187.758    13.49    8.51
  32946.133   191.622    13.49    7.48
  33232.637   194.865    11.32    6.42
  33519.138   197.889    10.56    5.09
  33805.637   200.929    10.61    6.29
  34092.133   205.586    16.26   10.93
  34378.626   208.878    11.49   11.62
  34665.117   211.631     9.61   10.68
  34951.606   213.606     6.90    9.55
  35238.091   214.528     3.22    8.44
  35524.575   215.350     2.87    7.55
  35811.055   215.461     0.39    7.37
  36097.533   214.289    -4.09    5.37
  36384.009   213.768    -1.82    5.37
  36670.481   212.967    -2.80    6.01
  36956.952   212.446    -1.82    6.25
  37243.420   212.380    -0.23    5.96
  37529.885   211.447    -3.26    5.01
  37816.347   210.298    -4.01    3.76
  38102.807   210.277    -0.07    3.36
  38389.265   212.028     6.11    4.34
  38675.720   213.650     5.66    4.46
  38962.172   214.936     4.49    4.78
  39248.622   215.062     0.44    4.85
  39535.069   214.991    -0.25    4.97
  39821.513   214.657    -1.16    5.08
  40107.955   214.409    -0.87    5.31
  40394.395   214.540     0.46    6.25
  40680.832   214.750     0.73    7.36
  40967.266   215.052     1.05    7.74
  41253.698   215.321     0.94    7.91
  41540.127   214.329    -3.46    7.53
  41826.553   212.802    -5.33    7.92
  42112.977   210.828    -6.89    7.67
  42399.399   208.033    -9.76    5.90
  42685.817   205.203    -9.88    5.36
  42972.234   201.994   -11.20    6.08
  43258.647   198.353   -12.71    7.37
  43545.058   195.873    -8.66    7.85
  43831.467   194.286    -5.54    7.53
  44117.873   193.203    -3.78    6.85
  44404.276   192.934    -0.94    6.83
  44690.677   193.884     3.32    7.47
  44977.076   196.203     8.10    7.65
  45263.471   198.582     8.31    7.64
  45549.864   199.692     3.88    7.68
  45836.255   200.896     4.20    7.66
  46122.643   201.456     1.95    7.49
  46409.028   200.658    -2.79    7.93
  46695.411   198.597    -7.20    8.96
  46981.791   194.686   -13.66   10.57
  47268.169   190.513   -14.57   11.59
  47554.544   186.372   -14.46   10.63
  47840.917   183.089   -11.47    9.47
  48127.287   181.416    -5.84    8.32
  48413.654   181.182    -0.82    7.44
  48700.019   182.665     5.18    7.75
  48986.381   185.631    10.36    8.62
  49272.741   188.923    11.50    9.20
  49559.098   191.979    10.67    8.43
  49845.453   191.985     0.02    8.23
  50131.805   190.379    -5.61    9.70
  50418.154   188.397    -6.92   10.01
  50704.501   187.358    -3.63   10.18
  50990.845   185.351    -7.01    9.80
  51277.187   183.492    -6.49    9.20
  51563.526   184.030     1.88    9.68
  51849.863   185.575     5.40   10.33
  52136.197   187.462     6.59   10.63
  52422.528   189.335     6.54   10.77
  52708.857   190.323     3.45   10.85
  52995.183   191.572     4.36   10.05
  53281.507   193.239     5.82    8.69
  53567.828   195.309     7.23    8.28
  53854.147   196.550     4.33    8.41
  54140.463   195.878    -2.35    9.15
  54426.776   194.065    -6.33    9.02
  54713.087   192.168    -6.62    8.96
  54999.395   190.793    -4.80    8.94
  55285.701   189.731    -3.71    8.51
  55572.004   189.984     0.88    8.13
  55858.305   190.891     3.17    8.78
  56144.603   192.572     5.87    9.23
  56430.898   195.125     8.92    8.39
  56717.191   196.265     3.98    7.49
  57003.481   195.719    -1.91    8.16
  57289.769   193.456    -7.91    9.28
  57576.054   190.134   -11.60    9.52
  57862.337   187.079   -10.67    8.59
  58148.617   184.487    -9.05    7.35
  58434.895   181.832    -9.27    6.23
  58721.170   178.675   -11.03    6.88
  59007.442   175.830    -9.94    7.65
  59293.712   173.076    -9.62    8.20
  59579.979   169.471   -12.59    8.09
  59866.244   165.828   -12.73    8.55
  60152.506   161.705   -14.40   10.47
  60438.765   157.528   -14.59   12.86
  60725.022   152.293   -18.29   15.26
  61011.277   146.409   -20.55   16.31
  61297.528   138.795   -26.60   18.18
  61583.778   130.311   -29.64   20.74
  61870.024   120.802   -33.22   23.75
  62156.268   107.958   -44.87   28.87
  62442.510    93.126   -51.82   33.80
  62728.749    78.782   -50.11   33.40
  63014.985    65.927   -44.91   30.39
  63301.219    56.119   -34.26   26.78
  63587.451    49.892   -21.75   22.89
  63873.679    47.126    -9.66   21.71
  64159.906    46.865    -0.91   21.74
  64446.129    48.025     4.05   22.90
  64732.350    48.674     2.27   24.02
