-133341.960    56.181     0.00    4.68
-133055.400    56.593     1.44    4.48
-132768.836    57.133     1.89    4.13
-132482.268    58.058     3.23    3.44
-132195.696    58.282     0.78    3.05
-131909.120    58.282     0.00    2.96
-131622.540    58.558     0.96    3.36
-131335.956    59.946     4.84    4.58
-131049.369    62.232     7.98    6.20
-130762.777    65.087     9.96    7.08
-130476.182    67.922     9.89    7.14
-130189.583    70.577     9.26    6.05
-129902.979    72.944     8.26    4.43
-129616.372    74.701     6.13    3.84
-129329.761    76.081     4.82    3.75
-129043.147    77.643     5.45    4.29
-128756.528    79.588     6.79    5.26
-128469.905    81.710     7.40    5.66
-128183.279    83.570     6.49    5.24
-127896.648    84.877     4.56    4.58
-127610.014    85.629     2.62    4.25
-127323.376    85.592    -0.13    4.68
-127036.734    84.391    -4.19    6.23
-126750.088    82.810    -5.52    7.49
-126463.438    80.503    -8.05    8.76
-126176.784    78.374    -7.43    9.55
-125890.127    76.371    -6.99   10.09
-125603.465    75.417    -3.33    9.95
-125316.800    75.389    -0.10   10.30
-125030.131    75.809     1.46   10.84
-124743.457    76.253     1.55   11.24
-124456.780    76.019    -0.82   11.32
-124170.099    75.966    -0.18   11.10
-123883.414    75.749    -0.76   10.82
-123596.726    75.622    -0.44   10.61
-123310.033    74.739    -3.08   10.43
-123023.336    73.352    -4.84   10.08
-122736.636    70.817    -8.84   10.19
-122449.932    69.075    -6.07   10.20
-122163.223    68.308    -2.68   10.34
-121876.511    67.535    -2.70    9.67
-121589.795    64.884    -9.24    9.15
-121303.075    60.894   -13.92   10.58
-121016.351    56.612   -14.93   12.49
-120729.624    52.337   -14.91   12.57
-120442.892    48.027   -15.03   10.66
-120156.156    44.405   -12.63    8.32
-119869.417    41.676    -9.52    5.64
-119582.674    41.469    -0.72    7.22
-119295.926    43.124     5.77   12.06
-119009.175    46.117    10.44   16.42
-118722.420    49.558    12.00   19.86
-118435.661    52.884    11.60   22.90
-118148.899    56.004    10.88   25.51
-117862.132    57.973     6.87   26.32
-117575.361    58.830     2.99   24.77
-117288.587    59.466     2.22   22.82
-117001.808    60.760     4.51   21.79
-116715.026    60.330    -1.50   20.33
-116428.240    59.288    -3.63   19.36
-116141.450    57.170    -7.38   17.87
-115854.656    55.391    -6.20   14.74
-115567.858    55.302    -0.31   12.81
-115281.056    56.739     5.01   11.58
-114994.250    59.464     9.50   11.07
-114707.441    62.997    12.32   10.76
-114420.627    66.983    13.90    9.35
-114133.810    71.239    14.84    7.46
-113846.988    74.048     9.80    6.84
-113560.163    75.710     5.79    7.57
-113273.334    77.260     5.40    8.84
-112986.501    77.644     1.34   10.17
-112699.664    77.572    -0.25   11.12
-112412.933    77.073    -1.74   11.79
-112126.848    76.355    -2.51   11.92
-111840.760    76.210    -0.51   12.67
-111554.668    76.529     1.12   13.71
-111268.573    78.019     5.21   15.16
-110982.475    79.572     5.43   16.37
-110696.375    81.190     5.65   17.05
-110410.270    81.973     2.74   17.08
-110124.163    81.857    -0.41   16.83
-109838.053    81.044    -2.84   16.11
-109551.939    80.436    -2.13   15.22
-109265.822    80.598     0.57   14.26
-108979.702    80.785     0.65   13.19
-108693.579    81.281     1.74   12.30
-108407.453    82.483     4.20   12.26
-108121.324    84.108     5.68   12.40
-107835.191    86.680     8.99   12.27
-107549.056    88.371     5.91   12.38
-107262.917    88.962     2.07   12.19
-106976.775    88.480    -1.69   12.04
-106690.630    87.515    -3.37   11.77
-106404.482    85.631    -6.58   10.69
-106118.330    83.384    -7.85    9.09
-105832.176    81.572    -6.33    6.89
-105546.018    80.095    -5.16    4.95
-105259.857    79.127    -3.38    3.57
-104973.693    78.891    -0.83    3.18
-104687.526    79.338     1.56    3.31
-104401.356    79.586     0.87    3.58
-104115.183    79.474    -0.39    3.85
-103829.006    79.404    -0.25    4.10
-103542.826    79.273    -0.46    4.22
-103256.643    79.164    -0.38    4.06
-102970.457    79.067    -0.34    3.76
-102684.268    78.717    -1.22    3.79
-102398.076    78.440    -0.97    4.04
-102111.880    77.874    -1.98    4.54
-101825.682    76.639    -4.32    5.12
-101539.480    74.862    -6.21    5.07
-101253.275    72.606    -7.88    4.88
-100967.067    70.511    -7.32    4.54
-100680.855    68.956    -5.43    4.28
-100394.641    67.696    -4.40    4.40
-100108.423    66.101    -5.57    4.02
 -99822.203    64.681    -4.96    3.38
 -99535.979    63.767    -3.19    3.08
 -99249.752    63.561    -0.72    3.48
 -98963.522    62.905    -2.29    4.55
 -98677.288    62.245    -2.31    5.34
 -98391.052    62.259     0.05    5.58
 -98104.812    63.081     2.87    5.32
 -97818.569    63.517     1.52    5.44
 -97532.323    63.724     0.72    4.82
 -97246.074    63.546    -0.62    4.19
 -96959.822    63.266    -0.98    4.26
 -96673.567    62.021    -4.35    5.26
 -96387.308    60.327    -5.92    5.88
 -96101.046    58.655    -5.84    6.23
 -95814.781    56.846    -6.32    6.36
 -95528.513    54.614    -7.79    6.59
 -95242.242    52.253    -8.25    6.67
 -94955.968    49.889    -8.26    6.78
 -94669.690    48.204    -5.88    6.73
 -94383.410    46.478    -6.03    6.24
 -94097.126    44.590    -6.59    4.92
 -93810.839    43.127    -5.11    3.36
 -93524.549    42.423    -2.46    2.64
 -93238.255    42.189    -0.82    2.44
 -92951.959    42.105    -0.30    2.84
 -92665.659    42.458     1.24    3.16
 -92379.356    42.343    -0.40    3.91
 -92093.051    42.204    -0.49    4.04
 -91806.741    42.315     0.39    3.64
 -91520.429    42.385     0.25    3.55
 -91234.114    41.026    -4.75    5.35
 -90947.795    38.870    -7.53    6.60
 -90661.474    36.841    -7.08    6.60
 -90375.149    34.724    -7.39    6.77
 -90088.821    32.919    -6.30    7.16
 -89802.490    31.641    -4.46    7.30
 -89516.155    31.203    -1.53    7.49
 -89229.818    31.621     1.46    7.77
 -88943.477    32.012     1.37    8.21
 -88657.133    31.919    -0.32    8.42
 -88370.786    31.728    -0.67    8.90
 -88084.436    31.224    -1.76    9.28
 -87798.083    30.064    -4.05   10.63
 -87511.726    26.961   -10.84   11.49
 -87225.367    22.947   -14.02   11.58
 -86939.004    19.092   -13.46    9.58
 -86652.638    17.246    -6.45    7.86
 -86366.269    17.358     0.39    8.08
 -86079.897    19.147     6.25    8.98
 -85793.521    21.586     8.52    9.28
 -85507.143    23.857     7.93    8.60
 -85220.761    25.369     5.28    7.40
 -84934.376    27.016     5.75    6.78
 -84647.988    29.322     8.05    7.20
 -84361.597    32.281    10.33    8.13
 -84075.202    35.019     9.56    8.27
 -83788.805    37.168     7.50    7.42
 -83502.404    38.834     5.82    5.76
 -83216.000    39.405     1.99    4.71
 -82929.593    38.803    -2.10    5.10
 -82643.183    37.749    -3.68    4.94
 -82356.770    37.156    -2.07    4.61
 -82070.353    37.188     0.11    4.37
 -81783.933    37.646     1.60    4.06
 -81497.511    38.368     2.52    3.42
 -81211.085    38.983     2.15    2.52
 -80924.655    39.059     0.27    1.91
 -80638.223    39.007    -0.18    1.50
 -80351.788    39.123     0.40    1.46
 -80065.349    39.732     2.13    2.11
 -79778.907    41.039     4.56    3.81
 -79492.462    43.296     7.88    6.34
 -79206.014    45.318     7.06    6.73
 -78919.563    47.104     6.24    6.23
 -78633.108    48.615     5.28    5.50
 -78346.651    49.824     4.22    4.99
 -78060.190    50.143     1.12    4.71
 -77773.726    49.940    -0.71    4.65
 -77487.259    48.939    -3.50    5.08
 -77200.788    47.707    -4.30    6.45
 -76914.315    47.083    -2.18    7.52
 -76627.838    46.739    -1.20    7.92
 -76341.359    49.155     8.44   10.07
 -76054.876    51.622     8.61   11.76
 -75768.390    53.999     8.30   12.14
 -75481.900    56.896    10.11   12.08
 -75195.408    60.806    13.65   10.30
 -74908.912    63.012     7.70    8.97
 -74622.413    62.189    -2.87   11.19
 -74335.911    58.548   -12.71   12.98
 -74049.406    53.954   -16.04   13.73
 -73762.898    49.307   -16.22   13.91
 -73476.387    45.546   -13.13   12.19
 -73189.872    43.266    -7.96    9.49
 -72903.354    42.513    -2.63    6.74
 -72616.833    42.378    -0.47    4.57
 -72330.309    42.989     2.13    3.32
 -72043.782    43.816     2.89    2.96
 -71757.252    44.732     3.20    3.05
 -71470.718    45.604     3.04    3.61
 -71184.181    46.266     2.31    3.72
 -70897.641    46.197    -0.24    3.69
 -70611.098    46.125    -0.25    3.85
 -70324.552    45.586    -1.88    4.57
 -70038.002    44.865    -2.52    4.83
 -69751.450    44.415    -1.57    4.63
 -69464.894    43.763    -2.28    4.06
 -69178.335    43.574    -0.66    3.89
 -68891.773    44.073     1.74    4.17
 -68605.208    45.134     3.70    4.01
 -68318.639    45.593     1.60    3.37
 -68032.068    45.090    -1.76    3.51
 -67745.493    44.367    -2.52    3.83
 -67458.915    43.857    -1.78    3.59
 -67172.334    43.191    -2.32    3.16
 -66885.749    42.663    -1.84    3.15
 -66599.162    42.599    -0.22    3.70
 -66312.571    43.047     1.56    3.90
 -66025.978    44.008     3.36    4.14
 -65739.381    45.274     4.42    3.84
 -65452.780    46.152     3.06    3.67
 -65166.177    46.364     0.74    3.58
 -64879.571    46.473     0.38    3.18
 -64592.961    46.636     0.57    2.81
 -64306.348    47.137     1.75    2.98
 -64019.732    47.659     1.82    3.37
 -63733.113    48.102     1.54    3.61
 -63446.491    48.950     2.96    3.91
 -63159.865    49.829     3.07    3.62
 -62873.236    49.968     0.49    3.52
 -62586.605    49.565    -1.40    3.65
 -62299.970    49.041    -1.83    3.64
 -62013.331    48.776    -0.93    3.59
 -61726.690    49.043     0.93    3.42
 -61440.045    49.295     0.88    3.15
 -61153.398    49.996     2.44    3.02
 -60866.747    50.619     2.17    2.81
 -60580.093    51.043     1.48    2.63
 -60293.436    51.711     2.33    2.44
 -60006.775    52.163     1.58    2.73
 -59720.112    52.406     0.85    2.92
 -59433.445    52.641     0.82    2.86
 -59146.775    52.541    -0.35    2.95
 -58860.102    52.077    -1.62    2.88
 -58573.425    51.777    -1.04    2.70
 -58286.746    51.676    -0.35    2.49
 -58000.063    51.417    -0.90    2.56
 -57713.378    51.259    -0.55    2.74
 -57426.689    51.259     0.00    3.09
 -57139.997    50.997    -0.91    3.48
 -56853.301    50.849    -0.52    4.14
 -56566.603    50.985     0.48    4.43
 -56279.901    51.499     1.79    4.69
 -55993.196    52.301     2.80    4.82
 -55706.488    53.141     2.93    4.48
 -55419.777    53.728     2.05    3.56
 -55133.063    53.683    -0.16    3.63
 -54846.345    53.098    -2.04    4.43
 -54559.624    51.728    -4.78    5.20
 -54272.901    50.253    -5.14    5.22
 -53986.174    48.803    -5.06    4.86
 -53699.443    47.922    -3.07    4.78
 -53412.710    47.492    -1.50    4.64
 -53125.973    47.389    -0.36    4.52
 -52839.234    47.375    -0.05    4.17
 -52552.491    47.148    -0.79    4.06
 -52265.744    46.850    -1.04    4.34
 -51978.995    45.560    -4.50    4.80
 -51692.243    43.696    -6.50    5.40
 -51405.487    41.554    -7.47    5.89
 -51118.728    39.953    -5.58    6.18
 -50831.966    38.855    -3.83    6.67
 -50545.335    37.715    -3.98    6.73
 -50259.173    35.983    -6.05    6.52
 -49973.009    33.946    -7.12    7.07
 -49686.842    31.983    -6.86    7.78
 -49400.672    31.146    -2.92    7.82
 -49114.501    31.898     2.63    8.24
 -48828.327    33.886     6.95    9.02
 -48542.150    36.711     9.87    9.91
 -48255.971    39.725    10.53   10.35
 -47969.790    42.513     9.74    9.51
 -47683.606    45.183     9.33    7.50
 -47397.420    47.385     7.69    4.93
 -47111.231    48.302     3.20    3.13
 -46825.040    48.091    -0.74    2.90
 -46538.846    47.598    -1.72    2.75
 -46252.650    47.492    -0.37    2.76
 -45966.452    47.803     1.09    2.83
 -45680.251    47.746    -0.20    3.31
 -45394.048    48.054     1.08    3.52
 -45107.842    48.218     0.57    3.54
 -44821.634    47.532    -2.40    4.38
 -44535.423    45.030    -8.74    6.79
 -44249.210    41.527   -12.24    8.72
 -43962.995    37.534   -13.95    9.40
 -43676.777    33.962   -12.48    8.95
 -43390.556    30.999   -10.35    7.51
 -43104.334    29.168    -6.40    5.55
 -42818.108    29.034    -0.47    5.44
 -42531.881    30.787     6.12    7.03
 -42245.651    33.409     9.16    8.82
 -41959.418    36.924    12.28    9.58
 -41673.183    40.783    13.48    8.56
 -41386.946    43.693    10.17    6.70
 -41100.706    46.174     8.67    5.37
 -40814.464    48.239     7.21    4.95
 -40528.219    49.473     4.31    5.28
 -40241.972    50.960     5.20    5.22
 -39955.723    52.155     4.18    4.97
 -39669.471    53.163     3.52    4.35
 -39383.216    53.817     2.28    3.96
 -39096.959    53.876     0.21    3.98
 -38810.700    53.334    -1.89    3.83
 -38524.438    52.025    -4.57    3.53
 -38238.174    50.728    -4.53    3.77
 -37951.908    49.210    -5.30    4.10
 -37665.639    47.439    -6.19    4.81
 -37379.367    46.168    -4.44    4.70
 -37093.093    45.246    -3.22    4.21
 -36806.817    44.791    -1.59    3.70
 -36520.538    44.577    -0.75    4.03
 -36234.257    44.328    -0.87    4.97
 -35947.973    43.102    -4.28    6.09
 -35661.687    41.134    -6.87    6.78
 -35375.399    38.034   -10.83    7.56
 -35089.108    34.541   -12.20    7.39
 -34802.814    31.309   -11.29    6.55
 -34516.518    29.133    -7.60    5.85
 -34230.220    27.830    -4.55    5.31
 -33943.920    27.044    -2.75    4.79
 -33657.616    26.663    -1.33    4.62
 -33371.311    26.501    -0.57    4.45
 -33085.003    26.412    -0.31    3.61
 -32798.692    25.508    -3.16    4.42
 -32512.379    24.218    -4.50    5.41
 -32226.064    22.788    -4.99    5.66
 -31939.746    21.577    -4.23    5.31
 -31653.426    20.586    -3.46    4.77
 -31367.104    20.019    -1.98    4.44
 -31080.779    19.462    -1.94    3.98
 -30794.451    19.280    -0.64    3.66
 -30508.121    18.490    -2.76    3.70
 -30221.789    17.745    -2.60    3.70
 -29935.454    16.552    -4.17    3.36
 -29649.117    15.129    -4.97    3.07
 -29362.777    13.867    -4.41    3.57
 -29076.435    13.067    -2.79    3.66
 -28790.090    12.546    -1.82    3.71
 -28503.743    12.008    -1.88    3.48
 -28217.394    11.905    -0.36    3.36
 -27931.042    12.026     0.42    3.24
 -27644.688    12.334     1.08    3.34
 -27358.331    12.458     0.43    3.34
 -27071.972    12.300    -0.55    3.20
 -26785.610    12.266    -0.12    2.96
 -26499.246    12.189    -0.27    3.23
 -26212.879    11.352    -2.92    3.63
 -25926.510    10.831    -1.82    3.55
 -25640.139    10.492    -1.18    3.45
 -25353.765     9.976    -1.80    3.41
 -25067.389     9.169    -2.82    2.87
 -24781.010     8.045    -3.92    2.52
 -24494.629     7.492    -1.93    2.74
 -24208.245     6.930    -1.96    2.81
 -23921.859     6.143    -2.75    2.57
 -23635.471     5.544    -2.09    2.32
 -23349.080     5.029    -1.80    1.89
 -23062.687     4.678    -1.22    1.76
 -22776.291     4.927     0.87    2.22
 -22489.893     5.457     1.85    2.93
 -22203.492     5.915     1.60    3.40
 -21917.089     6.419     1.76    3.69
 -21630.683     7.163     2.60    3.63
 -21344.275     8.014     2.97    3.65
 -21057.865     8.793     2.72    3.70
 -20771.452     9.399     2.12    4.04
 -20485.037    10.067     2.33    4.26
 -20198.619    10.831     2.67    4.67
 -19912.199    11.570     2.58    4.89
 -19625.776    12.224     2.29    4.98
 -19339.351    12.626     1.40    4.86
 -19052.924    13.083     1.60    4.76
 -18766.494    13.586     1.75    4.72
 -18480.061    13.556    -0.10    4.64
 -18193.627    13.320    -0.82    4.45
 -17907.189    13.129    -0.67    4.34
 -17620.750    13.113    -0.06    4.57
 -17334.307    12.541    -2.00    5.00
 -17047.863    11.466    -3.75    5.78
 -16761.416    10.551    -3.19    6.43
 -16474.966     9.310    -4.33    7.07
 -16188.514     7.357    -6.82    7.31
 -15902.060     5.509    -6.45    6.96
 -15615.603     3.800    -5.97    6.12
 -15329.144     2.328    -5.14    5.12
 -15042.682     1.211    -3.90    4.16
 -14756.218     0.266    -3.30    3.02
 -14469.752    -0.592    -3.00    0.79
 -14183.283    -0.726    -0.47    0.30
 -13896.811    -0.761    -0.12    0.00
 -13610.337    -0.761     0.00    0.00
 -13323.861    -0.761     0.00    0.00
 -13037.382    -0.761     0.00    0.00
 -12750.901    -0.761     0.00    0.00
 -12464.417    -0.761     0.00    0.00
 -12177.931    -0.761     0.00    0.00
 -11891.442    -0.761     0.00    0.00
 -11604.951    -0.726     0.12    0.30
 -11318.458    -0.684     0.15    0.41
 -11031.962    -0.633     0.18    0.53
 -10745.464    -0.584     0.17    0.60
 -10458.963    -0.393     0.67    2.65
 -10172.460     0.328     2.52    5.24
  -9885.954     0.198    -0.46    4.28
  -9599.446    -0.279    -1.66    2.25
  -9312.936    -0.510    -0.81    1.53
  -9026.423    -0.700    -0.66    0.43
  -8739.907    -0.754    -0.19    0.08
  -8453.389    -0.761    -0.02    0.00
  -8166.869    -0.761     0.00    0.00
  -7880.346    -0.761     0.00    0.00
  -7593.821    -0.761     0.00    0.00
  -7307.293    -0.761     0.00    0.00
  -7020.763    -0.761     0.00    0.00
  -6734.231    -0.761     0.00    0.00
  -6447.696    -0.761     0.00    0.00
  -6161.158    -0.761     0.00    0.00
  -5874.618    -0.761     0.00    0.00
  -5588.076    -0.761     0.00    0.00
  -5301.531    -0.761     0.00    0.00
  -5014.984    -0.761     0.00    0.00
  -4728.434    -0.761     0.00    0.00
  -4441.882    -0.761     0.00    0.00
  -4155.328    -0.761     0.00    0.00
  -3868.771    -0.761     0.00    0.00
  -3582.211    -0.761     0.00    0.00
  -3295.649    -0.761     0.00    0.00
  -3009.085    -0.761     0.00    0.00
  -2722.518    -0.669     0.32    0.57
  -2435.949    -0.325     1.20    1.65
  -2149.377     0.239     1.97    2.71
  -1862.803     0.856     2.15    3.43
  -1576.227     1.204     1.21    3.72
  -1289.648     1.101    -0.36    3.64
  -1003.066     0.824    -0.97    3.38
   -716.482     0.540    -0.99    3.17
   -429.896     0.361    -0.62    2.93
   -143.307     0.522     0.56    3.09
    143.284     1.026     1.76    3.55
    429.878     1.381     1.24    3.64
    716.474     1.675     1.03    3.43
   1003.072     2.030     1.24    3.09
   1289.673     2.574     1.90    3.10
   1576.277     5.190     9.13    7.39
   1862.883     8.926    13.03   11.89
   2149.491    13.766    16.89   15.90
   2436.102    18.766    17.44   18.49
   2722.715    26.065    25.47   19.51
   3009.331    34.739    30.26   18.13
   3295.949    42.661    27.64   14.57
   3582.569    48.012    18.67   11.03
   3869.192    50.927    10.17    8.73
   4155.818    53.476     8.90    6.18
   4442.446    55.822     8.18    4.45
   4729.076    57.841     7.05    4.90
   5015.709    60.656     9.82    7.94
   5302.344    64.362    12.93   10.50
   5588.982    70.273    20.62   12.23
   5875.622    76.419    21.44   12.59
   6162.265    83.295    23.99   11.92
   6448.910    89.316    21.01   10.37
   6735.557    94.239    17.17    8.39
   7022.207    97.380    10.96    6.60
   7308.860    99.683     8.03    4.45
   7595.515   100.633     3.31    3.77
   7882.172   101.150     1.80    3.57
   8168.832   102.033     3.08    3.78
   8455.494   102.973     3.28    4.19
   8742.159   103.923     3.31    4.76
   9028.826   104.131     0.73    5.24
   9315.495   103.987    -0.50    5.59
   9602.167   103.253    -2.56    6.03
   9888.842   102.044    -4.21    5.85
  10175.519   100.581    -5.10    4.69
  10462.198   100.528    -0.19    4.67
  10748.880   102.239     5.97    6.19
  11035.564   104.844     9.09    7.23
  11322.116   107.858    10.52    8.05
  11608.357   111.114    11.38    8.28
  11894.599   114.148    10.60    7.52
  12180.842   116.781     9.20    6.32
  12467.088   119.420     9.22    6.75
  12753.335   122.527    10.85    8.81
  13039.584   126.426    13.62   10.88
  13325.834   130.982    15.91   11.99
  13612.086   136.539    19.42   12.56
  13898.340   142.841    22.02   13.36
  14184.596   150.100    25.36   13.98
  14470.853   157.940    27.39   13.70
  14757.113   164.777    23.88   13.45
  15043.373   171.800    24.54   13.44
  15329.636   178.602    23.76   13.14
  15615.900   184.660    21.16   12.16
  15902.166   189.992    18.62   10.82
  16188.434   193.914    13.70    9.31
  16474.704   196.331     8.44    7.27
  16760.975   197.454     3.93    5.81
  17047.248   196.081    -4.80    7.18
  17333.522   192.896   -11.13    9.25
  17619.798   189.347   -12.40   10.34
  17906.077   187.881    -5.12   11.09
  18192.356   189.567     5.89   15.22
  18478.638   193.604    14.10   19.21
  18764.921   197.518    13.67   19.73
  19051.206   201.117    12.57   18.39
  19337.492   204.055    10.26   14.99
  19623.781   205.864     6.32   11.17
  19910.071   205.322    -1.89   10.20
  20196.363   203.565    -6.14    9.18
  20482.656   203.084    -1.68    7.88
  20768.951   204.161     3.76    7.61
  21055.248   206.714     8.92    6.58
  21341.547   209.121     8.41    5.48
  21627.847   210.350     4.30    5.28
  21914.149   209.987    -1.27    5.46
  22200.453   209.579    -1.42    5.55
  22486.759   209.148    -1.51    5.56
  22773.066   208.739    -1.43    5.56
  23059.375   208.701    -0.13    5.55
  23345.686   209.937     4.32    6.20
  23631.998   212.348     8.42    7.26
  23918.312   215.252    10.14    8.13
  24204.628   218.389    10.96    9.00
  24490.945   221.452    10.70    9.23
  24777.265   224.633    11.11    8.73
  25063.586   227.203     8.98    8.07
  25349.908   229.024     6.36    7.01
  25636.233   230.174     4.02    6.35
  25922.559   231.181     3.52    6.69
  26208.887   232.275     3.82    8.33
  26495.216   233.182     3.17    9.51
  26781.548   233.933     2.62   10.44
  27067.881   233.190    -2.60   11.16
  27354.215   232.151    -3.63   11.11
  27640.552   229.674    -8.65   10.33
  27926.890   226.554   -10.90    8.52
  28213.230   224.933    -5.66    6.55
  28499.572   225.102     0.59    5.73
  28785.915   226.783     5.87    6.03
  29072.260   229.203     8.45    6.28
  29358.607   230.704     5.24    6.39
  29644.955   231.581     3.06    6.58
  29931.306   231.337    -0.85    7.17
  30217.657   230.006    -4.65    8.16
  30504.011   228.224    -6.22    8.75
  30790.366   226.008    -7.74    8.14
  31076.724   223.544    -8.60    7.31
  31363.082   221.252    -8.00    7.65
  31649.443   218.483    -9.67    9.09
  31935.805   215.171   -11.57   10.58
  32222.169   211.184   -13.92   11.17
  32508.535   207.451   -13.04   11.14
  32794.902   204.171   -11.45    9.66
  33081.271   202.780    -4.86    8.43
  33367.642   202.846     0.23    7.98
  33654.015   202.562    -0.99    7.98
  33940.389   203.196     2.21    7.66
  34226.765   204.366     4.09    7.14
  34513.143   205.031     2.32    6.75
  34799.522   205.460     1.50    5.89
  35085.903   204.763    -2.43    5.53
  35372.286   204.086    -2.36    5.02
  35658.671   203.570    -1.80    5.22
  35945.057   201.239    -8.14    6.25
  36231.445   198.841    -8.37    6.87
  36517.835   198.287    -1.93    8.18
  36804.227   198.150    -0.48    9.74
  37090.620   197.627    -1.82   10.04
  37377.015   196.905    -2.52   10.29
  37663.411   197.176     0.94   10.99
  37949.810   197.735     1.95   11.20
  38236.210   197.466    -0.94   11.34
  38522.612   195.070    -8.37   11.06
  38809.015   191.572   -12.21    9.74
  39095.420   188.337   -11.29    9.14
  39381.827   185.253   -10.77    8.95
  39668.236   182.109   -10.97    8.81
  39954.647   179.565    -8.88    8.45
  40241.059   177.348    -7.74    8.06
  40527.473   175.388    -6.84    8.41
  40813.888   172.382   -10.49    9.59
  41100.305   169.218   -11.05    9.73
  41386.724   166.246   -10.38    9.14
  41673.145   163.629    -9.14    9.27
  41959.568   160.627   -10.48    9.66
  42245.992   158.366    -7.89    9.61
  42532.418   159.012     2.25   11.50
  42818.845   160.647     5.71   12.71
  43105.275   162.464     6.34   13.44
  43391.706   163.085     2.17   13.31
  43678.139   162.301    -2.74   13.73
  43964.573   157.694   -16.09   18.12
  44251.009   147.396   -35.95   25.78
  44537.447   130.033   -60.62   35.53
  44823.887   112.093   -62.63   39.22
  45110.328    97.437   -51.16   36.69
  45396.772    88.480   -31.27   32.18
  45683.216    83.155   -18.59   26.84
  45969.663    81.478    -5.85   21.91
  46256.111    81.964     1.70   19.81
  46542.561    82.667     2.45   19.77
  46829.013    79.345   -11.60   21.95
  47115.466    74.813   -15.82   22.10
  47401.922    73.841    -3.39   22.66
  47688.379    72.630    -4.23   23.98
  47974.837    70.944    -5.88   24.91
  48261.298    74.296    11.70   26.84
