# NaN NaN NaN ;Mean Elev.(m), Avg Gradient(m/km), RMS Gradient(m/km) - SRTM1     
#    4.212  -0.228   4.039 ;Mean Elev.(m), Avg Gradient(m/km), RMS Gradient(m/km) - ASTER GDEM
#    2.203   0.331   4.700 ;Mean Elev.(m), Avg Gradient(m/km), RMS Gradient(m/km) - GMTED2010 
   1  87.791873  66.089115     5.539     6.002 15 54664.32612150 34.857
   2  87.828789  66.089032    59.611    57.939 24 54674.24176964 14.090
   3  87.835276  66.090261     5.872     5.852 22 54684.15741359 36.523
   4  87.837593  66.091022     6.461     6.458 21 54694.07305577 42.379
   5  87.840527  66.090230     5.826     5.750 21 54703.98869554 55.491
   6  87.825223  66.088426     5.593     5.577 26 54713.90434459 55.318
   7  87.818860  66.086511     5.069     5.040 28 54723.81999464 52.318
   8  87.815162  66.085920    57.884    58.059 28 54733.73564263 18.353
   9  87.818658  66.086976    57.949    58.184 28 54743.65128984 18.948
  10  87.821641  66.088043    12.969    12.922 26 54753.56693667 20.562
  11  87.824899  66.087686     4.791     4.554 26 54763.48258294 31.393
  12  87.814312  66.086167     4.286     4.249 29 54773.39822537 47.886
  13  87.808590  66.084835     5.250     5.198 30 54783.31386550 27.821
  14  87.810804  66.085000     4.852     4.530 30 54793.22950413 25.882
  15  87.818936  66.086734     5.541     5.224 28 54803.14514227 22.767
  16  87.825208  66.088286     5.752     5.246 26 54813.06077999 21.837
  17  87.825266  66.088671     7.823     7.041 24 54822.97642325 18.611
  18  87.822934  66.087878     7.154     4.979 26 54832.89206333 20.948
  19  87.824234  66.087650     5.241     5.018 26 54842.80771355 20.124
  20  87.827046  66.088673     9.508    10.175 25 54852.72336275 18.465
  21  87.833632  66.090232    11.052    11.119 23 54862.63901197 17.604
  22  87.837226  66.090874    12.442    11.645 22 54872.55466086 16.587
  23  87.831145  66.089828    15.302    13.171 24 54882.47030687 16.164
  24  87.819986  66.087470    10.477    10.483 26 54892.38594911 17.728
  25  87.809847  66.085540    16.655    13.602 29 54902.30158865 17.042
  26  87.809887  66.085596    21.682    23.392 29 54912.21722762 16.104
  27  87.821039  66.086947     6.608     6.425 27 54922.13286661 18.588
  28  87.823200  66.088289     5.661     5.505 26 54932.04850406 20.039
  29  87.821898  66.087877    26.298    26.727 26 54941.96413959 13.625
  30  87.815229  66.086269     5.751     5.735 29 54951.87977289 25.143
  31  87.809496  66.084779     8.813     8.820 29 54961.79541445 29.511
  32  87.810736  66.085169    12.430    12.384 30 54971.71106321 32.124
  33  87.817793  66.086818    17.403    17.400 27 54981.62671136 39.039
  34  87.825726  66.088437    42.023    41.119 25 54991.54235928 32.223
  35  87.826725  66.088757    58.122    58.486 24 55001.45800609 19.634
  36  87.824182  66.088445     9.372     9.250 25 55011.37365079 24.163
  37  87.821485  66.088016    58.031    58.318 26 55021.28929401 14.934
  38  87.826481  66.088661     5.331     5.293 24 55031.20493690 56.224
  39  87.834390  66.089782    56.307    56.484 23 55041.12057935 14.115
  40  87.836379  66.090564     4.365     4.355 22 55051.03621982 50.926
  41  87.831648  66.089640     4.369     4.333 23 55060.95185754 51.559
  42  87.819252  66.087468     3.973     3.985 26 55070.86749831 46.226
  43  87.812320  66.085345    54.421    55.867 30 55080.78314673 14.179
  44  87.811747  66.085069    57.121    57.664 30 55090.69879392 15.626
  45  87.816397  66.086477    57.361    57.997 28 55100.61444074 15.904
  46  87.822080  66.088016    57.936    58.332 26 55110.53008718 17.232
  47  87.819931  66.087931    57.812    58.204 26 55120.44573114 15.058
  48  87.815574  66.086130     4.033     3.985 28 55130.36137224 47.727
  49  87.806339  66.084497    11.471     9.879 30 55140.27701092 28.833
  50  87.803620  66.084838    25.096    29.403 29 55150.19264923 23.188
  51  87.818203  66.086619    30.414    30.091 27 55160.10828897 20.337
  52  87.823787  66.088660    23.670    28.639 25 55170.02392751 18.163
  53  87.828510  66.089316    22.679    23.916 23 55179.93956473 17.109
  54  87.825967  66.088619    25.370    28.093 24 55189.85521177 16.685
  55  87.822978  66.088329    25.284    27.703 25 55199.77086195 16.499
  56  87.826463  66.088761    24.178    28.209 25 55209.68651195 16.318
  57  87.831038  66.089669    25.645    29.071 23 55219.60216155 15.380
  58  87.831107  66.089577    31.301    31.813 23 55229.51780985 14.436
  59  87.824487  66.088537    29.837    30.354 25 55239.43345437 14.611
  60  87.818589  66.086582    29.955    31.248 28 55249.34909539 14.915
  61  87.811419  66.085320    29.874    30.577 30 55259.26473395 14.836
  62  87.810879  66.085413    29.733    30.432 29 55269.18037236 14.094
  63  87.814185  66.086612    29.663    29.068 28 55279.09601092 14.515
  64  87.820388  66.087460    27.512    28.606 26 55289.01164847 15.500
  65  87.819242  66.087490    29.296    29.123 26 55298.92728296 15.297
  66  87.817233  66.086128    58.360    58.471 28 55308.84292650  5.027
  67  87.808529  66.085138    50.928    50.942 30 55318.75857177  5.799
  68  87.810861  66.085252     6.916     6.841 29 55328.67421697 28.116
  69  87.818395  66.086719    12.133    12.167 28 55338.58986213 37.717
  70  87.826207  66.088281    17.859    17.841 25 55348.50550691 56.077
  71  87.825577  66.089138    16.160    16.147 24 55358.42114909 55.965
  72  87.828811  66.088941    58.169    58.553 24 55368.33678954 20.604
  73  87.827226  66.088753    58.158    58.288 25 55378.25242808 19.476
  74  87.827221  66.089056     6.747     6.711 25 55388.16806601 56.399
  75  87.827551  66.089512     6.097     6.068 24 55398.08370302 30.677
  76  87.831304  66.089094    57.987    58.262 24 55407.99934787 18.302
  77  87.821663  66.087938    57.903    58.276 26 55417.91499797 14.917
  78  87.814941  66.086282    57.890    58.126 29 55427.83064487 17.240
  79  87.812497  66.085484    58.100    58.151 29 55437.74628946 19.868
  80  87.811745  66.085924     6.621     6.601 29 55447.66193282 54.825
  81  87.816525  66.086692    58.150    58.308 28 55457.57757636 18.851
  82  87.816872  66.087242    58.250    58.476 27 55467.49321881 17.810
  83  87.818339  66.086718     5.359     5.317 27 55477.40885813 37.959
  84  87.813790  66.085932     7.880     7.101 28 55487.32449375 29.766
  85  87.808110  66.085531     4.271     4.216 29 55497.24012704 52.671
  86  87.813110  66.086231     5.512     3.771 28 55507.15576434 34.994
  87  87.818093  66.087362     5.370     5.357 27 55517.07141522 46.563
  88  87.825109  66.088406     5.069     5.095 26 55526.98706538 37.371
  89  87.825341  66.088867     4.482     4.498 25 55536.90271292 32.957
  90  87.826552  66.088832     4.138     4.136 25 55546.81835833 26.558
  91  87.827880  66.088965     4.356     4.368 24 55556.73400194 25.077
  92  87.828727  66.089398     5.066     5.052 24 55566.64964461 23.932
  93  87.826004  66.089369     5.290     5.136 24 55576.56528628 23.209
  94  87.823165  66.088226     5.162     4.999 26 55586.48092607 23.906
  95  87.816151  66.086717     6.146     6.100 28 55596.39656230 22.090
  96  87.810750  66.085863     5.940     5.959 29 55606.31219564 22.466
  97  87.814424  66.085900     7.913     6.629 28 55616.22782773 21.971
  98  87.818435  66.086835     6.691     6.542 28 55626.14347046 20.503
  99  87.818049  66.087262     6.188     5.664 27 55636.05912239 20.757
 100  87.820446  66.086834    12.504    12.197 27 55645.97477250 21.570
 101  87.813485  66.086022     8.565     7.638 29 55655.89041899 19.193
 102  87.811732  66.085475    27.574    27.749 29 55665.80606146 10.033
 103  87.811431  66.085843     5.589     5.577 29 55675.72170109 36.193
 104  87.817252  66.086962    14.918    14.927 27 55685.63733951 40.753
 105  87.822347  66.088145    58.171    58.373 26 55695.55297671 22.001
 106  87.827659  66.088737    58.210    58.607 24 55705.46861267 21.457
 107  87.828313  66.088623    58.150    58.609 25 55715.38426097 17.774
 108  87.826151  66.088638     7.519     7.506 25 55725.29990965 53.435
 109  87.828233  66.089086    58.359    58.235 25 55735.21555683 13.841
 110  87.830418  66.089654    57.743    58.009 24 55745.13120276 12.924
 111  87.829356  66.089382     5.596     5.606 24 55755.04684673 47.115
 112  87.823659  66.087868    52.944    56.713 26 55764.96248794 20.959
 113  87.814258  66.086031    57.767    57.959 29 55774.87812598 16.252
 114  87.809660  66.085045     5.691     5.703 29 55784.79376129 43.192
 115  87.813233  66.085953     5.710     5.689 29 55794.70939508 48.659
 116  87.819285  66.087487    57.555    58.130 27 55804.62503350 16.436
 117  87.823615  66.088010     8.384     6.323 26 55814.54068330 24.828
 118  87.818881  66.087073    57.952    58.233 28 55824.45633003 17.383
 119  87.809871  66.085778    56.468    58.180 29 55834.37197176 17.574
 120  87.812655  66.085064    57.765    58.025 30 55844.28761070 18.750
 121  87.813805  66.086223     5.203     5.192 28 55854.20324653 37.505
 122  87.822347  66.088029     4.392     4.380 25 55864.11888545 47.440
 123  87.830267  66.089052     4.958     4.960 24 55874.03453971 40.203
 124  87.829363  66.089047     4.635     4.651 24 55883.95018782 31.168
 125  87.823334  66.088712    10.620    10.876 25 55893.86582930 25.483
 126  87.823621  66.088472    11.368    11.436 25 55903.78146589 23.663
 127  87.827865  66.089058     9.652    10.635 25 55913.69710491 24.364
 128  87.828391  66.089730     7.196     7.577 23 55923.61275899 24.909
 129  87.828519  66.089492     7.794     7.368 24 55933.52841003 25.753
 130  87.820951  66.087733     7.885     8.705 26 55943.44405592 25.511
 131  87.813327  66.085451     7.583     6.528 29 55953.35969752 26.101
 132  87.808863  66.084522     7.150     5.760 29 55963.27533629 25.771
 133  87.810807  66.085674     4.053     3.917 29 55973.19097380 32.930
 134  87.823085  66.087599     4.098     4.100 26 55983.10661102 35.602
 135  87.822396  66.088602     4.060     4.068 25 55993.02224517 32.149
 136  87.820150  66.087471     4.308     4.007 27 56002.93789403 28.599
 137  87.810956  66.085528     5.249     3.855 29 56012.85354264 26.941
 138  87.811870  66.084718     3.847     3.868 30 56022.76918873 19.197
 139  87.813637  66.086148     6.941     6.283 29 56032.68483219 14.391
 140  87.826703  66.088342    29.990    32.172 25 56042.60047456 11.996
 141  87.831310  66.089859     4.919     4.938 23 56052.51611365 25.503
 142  87.830818  66.089824    12.093    12.115 24 56062.43174929 36.928
 143  87.827982  66.088676    14.757    14.681 25 56072.34738929 29.676
 144  87.823537  66.088112    58.422    58.572 25 56082.26303919 22.999
 145  87.823606  66.088606    10.100    10.090 25 56092.17868697 29.360
 146  87.830691  66.089437     8.638     9.213 24 56102.09433310 20.745
 147  87.828484  66.089275    57.860    58.194 23 56112.00996405 14.064
 148  87.823172  66.087737     8.949     5.680 26 56121.92560277 22.999
 149  87.810801  66.085784     3.404     3.407 29 56131.84123706 39.774
 150  87.809504  66.084829     9.394    10.165 29 56141.75687283 22.378
 151  87.814729  66.085723    53.542    55.562 29 56151.67252417 12.106
 152  87.820229  66.087606    56.740    57.213 27 56161.58817377 12.667
 153  87.823889  66.088527     2.903     2.916 25 56171.50382141 36.079
 154  87.819337  66.087693     3.413     3.302 26 56181.41946389 56.351
 155  87.814392  66.086041     3.640     3.583 28 56191.33510251 50.654
 156  87.810679  66.085331    56.165    58.063 30 56201.25073849 18.171
 157  87.815248  66.086687     3.300     3.320 28 56211.16637304 34.282
 158  87.826673  66.088915     2.487     2.480 25 56221.08200631 47.967
 159  87.833118  66.090435     3.189     3.177 22 56230.99765893 32.483
 160  87.831612  66.090211     9.175     7.374 23 56240.91331169 25.316
 161  87.829901  66.089072    15.954    15.381 24 56250.82896038 24.496
 162  87.824128  66.088191    27.225    28.475 25 56260.74460393 23.388
 163  87.826578  66.088294    33.387    33.291 25 56270.66024585 20.010
 164  87.825557  66.088882    29.216    29.132 24 56280.57588571 19.781
 165  87.826230  66.088890    20.295    20.700 24 56290.49153794 19.830
 166  87.822019  66.087551    11.227    11.486 26 56300.40718556 19.568
 167  87.812837  66.085802    10.959    10.721 29 56310.32282866 20.083
 168  87.809756  66.084920    12.479    11.300 30 56320.23847002 18.101
 169  87.813261  66.085860    11.319    10.453 29 56330.15411120 17.734
 170  87.819675  66.087525     9.338     9.712 27 56340.06975197 17.866
 171  87.827574  66.088395     8.178     8.955 25 56349.98539070 18.064
 172  87.819098  66.087887    12.935    10.402 26 56359.90102696 16.286
 173  87.816530  66.086321    13.316    11.045 28 56369.81667688 16.536
 175  87.816873  66.087267     9.667     9.999 27 56389.64796941 15.970
 176  87.830019  66.089044     6.022     5.624 24 56399.56361387 16.153
 177  87.833287  66.090283     8.481     8.140 22 56409.47925487  9.673
 178  87.833710  66.090088     5.469     5.406 23 56419.39489105 31.342
 179  87.828201  66.089281    18.807    18.765 24 56429.31052534 42.103
 180  87.827188  66.088524    58.335    58.509 25 56439.22617875 20.117
 181  87.827152  66.088374    13.334    13.263 25 56449.14182975 49.990
 182  87.823105  66.088617     9.860     9.841 25 56459.05747819 34.570
 183  87.821813  66.087994     6.799     6.769 26 56468.97312358 53.014
 184  87.821479  66.087017    54.650    56.135 27 56478.88876510 14.035
 185  87.814772  66.086130     5.072     5.023 28 56488.80440211 53.423
 186  87.814289  66.086050     5.533     4.023 29 56498.72003715 25.611
 187  87.818663  66.086618     3.447     3.406 28 56508.63567139 57.173
 188  87.819803  66.087684     3.324     3.323 26 56518.55131105 32.354
 189  87.823480  66.087919     3.241     3.226 26 56528.46696539 35.864
 190  87.821046  66.087671     3.971     4.008 26 56538.38261496 41.300
 191  87.821343  66.086908     4.987     4.925 27 56548.29826073 29.771
 192  87.817707  66.087116    58.448    58.095 27 56558.21390361 14.075
 193  87.825086  66.087960    11.202    11.543 26 56568.12954660 24.573
 194  87.829742  66.089478     4.585     3.773 23 56578.04518803 28.421
 195  87.833381  66.090261     3.495     3.464 22 56587.96082573 51.935
 196  87.830428  66.090062     5.022     5.026 23 56597.87646754 45.852
 197  87.827944  66.089107     5.448     5.469 25 56607.79211874 35.836
 198  87.826918  66.088667     5.014     4.980 24 56617.70776513 21.709
 199  87.826491  66.088618     5.341     5.054 24 56627.62340821 23.047
 200  87.826045  66.088464     4.358     4.356 25 56637.53904848 23.081
 201  87.822733  66.087687     4.114     4.107 26 56647.45469041 24.239
 202  87.816210  66.086626     3.754     3.734 27 56657.37034176 23.815
 203  87.813518  66.085912     7.922     6.478 29 56667.28598916 19.774
 204  87.814076  66.086434     4.758     5.015 28 56677.20163426 19.326
 205  87.820966  66.087301     4.633     4.155 26 56687.11727875 19.862
 206  87.825068  66.087815     3.894     3.423 26 56697.03292093 19.822
 207  87.824237  66.087628     4.035     3.663 26 56706.94855807 19.724
 208  87.820848  66.087141     4.125     3.637 27 56716.86419269 20.168
 209  87.820432  66.087036    50.543    51.886 27 56726.77984572 11.833
 210  87.822884  66.087952    31.618    32.674 25 56736.69549501 16.840
 211  87.826905  66.089444     4.228     3.937 24 56746.61114098 19.882
 212  87.833019  66.090105    27.036    31.174 23 56756.52678282 10.406
 213  87.829991  66.090002     4.083     4.233 23 56766.44241806 21.154
 214  87.825655  66.089234     5.678     5.646 24 56776.35805931 20.101
 215  87.825491  66.088770    12.323    12.353 24 56786.27371576 33.904
 216  87.826732  66.088866    19.287    19.295 25 56796.18936872 50.610
 217  87.827695  66.089000    14.465    14.351 24 56806.10501710 29.817
 218  87.824463  66.088377    58.035    58.438 26 56816.02065859 23.435
 219  87.818230  66.087122    14.490    14.490 27 56825.93629634 55.851
 220  87.815199  66.085992    50.043    57.170 29 56835.85193083 21.188
 221  87.812688  66.086272    56.218    58.130 28 56845.76756212 14.988
 222  87.817693  66.087196     8.031     4.917 27 56855.68321014 29.465
 223  87.823046  66.088154     4.373     4.305 25 56865.59886410 35.653
 224  87.822513  66.088162    57.713    57.947 25 56875.51451655 12.397
 225  87.821261  66.087542     4.772     4.714 27 56885.43016583 32.775
 226  87.818949  66.086850    57.969    58.061 27 56895.34581209 16.169
 227  87.819231  66.087235    58.063    58.355 27 56905.26145548 17.548
 228  87.823454  66.088644    58.159    58.423 25 56915.17709707 18.892
 229  87.832774  66.090080    57.830    57.921 22 56925.09273731 20.459
 230  87.836698  66.090658    57.146    56.895 22 56935.00837413 17.809
 231  87.830747  66.090126     4.222     4.073 23 56944.92400478 32.551
 232  87.824690  66.088727     4.238     4.226 25 56954.83965416 47.084
 233  87.822573  66.087961     4.905     4.919 26 56964.75530364 38.656
 234  87.825459  66.088493     9.062     8.105 25 56974.67094897 25.369
 235  87.830976  66.089279     4.789     4.786 24 56984.58659010 26.153
 236  87.829109  66.089005     5.125     4.704 24 56994.50222545 21.118
 237  87.820854  66.087330     4.477     4.108 27 57004.41786426 21.658
 238  87.814611  66.085468     6.631     5.620 29 57014.33351951 23.496
 239  87.811145  66.085382     5.244     4.750 30 57024.24917016 19.947
 240  87.821915  66.087020    30.316    32.220 27 57034.16481969 16.544
 241  87.826267  66.088759     5.811     5.195 25 57044.08046619 20.168
 242  87.829249  66.088915     5.062     4.489 24 57053.99610992 19.114
 243  87.821940  66.087725     5.451     4.327 26 57063.91174807 20.387
 244  87.816215  66.086920     6.269     4.198 27 57073.82738139 19.292
 245  87.820481  66.087547     4.325     4.274 27 57083.74301201 21.839
 246  87.831550  66.089368     4.124     4.123 24 57093.65866344 22.176
 247  87.836744  66.091035     5.886     4.731 21 57103.57432072 19.102
 248  87.839164  66.091106     5.689     4.714 21 57113.48997383 20.083
 249  87.830180  66.089730    59.619    59.677 24 57123.40561984  7.170
 250  87.823287  66.088118    15.575    14.901 26 57133.32126066  8.977
 251  87.822018  66.087624     5.339     5.375 27 57143.23689735 22.867
 252  87.825443  66.088532    12.336    12.321 24 57153.15253163 35.746
 253  87.830932  66.089366    17.578    17.486 24 57163.06816602 52.331
 254  87.830331  66.088999    57.806    58.235 24 57172.98382305 22.647
 255  87.819027  66.087457    17.015    16.081 27 57182.89947601 29.539
 256  87.810298  66.085772    56.820    58.177 29 57192.81512533 17.023
 257  87.810701  66.085532    56.923    58.083 29 57202.73077289 16.877
 258  87.816576  66.087017    58.077    58.395 27 57212.64640745 16.117
 259  87.826297  66.088765     5.127     4.897 24 57222.56205208 27.262
 260  87.828690  66.089284     4.659     4.664 24 57232.47769452 49.998
 261  87.822586  66.088615     4.688     4.648 25 57242.39333349 52.478
 262  87.820542  66.087462    57.711    58.003 27 57252.30897029 13.242
 263  87.822689  66.087756    58.075    58.300 26 57262.22460575 14.660
 264  87.829631  66.089498    57.948    58.361 24 57272.14024109 19.079
 265  87.839535  66.091065     6.195     6.149 21 57282.05589942 53.668
 266  87.837060  66.091335     4.960     4.939 21 57291.97155416 36.353
 267  87.833450  66.089744    10.307    10.846 23 57301.88720559 24.411
 268  87.820710  66.087866     4.453     4.451 26 57311.80285241 37.118
 269  87.819716  66.086891     4.603     4.611 27 57321.71849699 45.915
 270  87.820852  66.087619     6.034     6.011 27 57331.63413941 38.176
 271  87.827810  66.088841     9.647     6.846 24 57341.54978030 22.477
 272  87.827287  66.088760    12.701    12.185 25 57351.46543153 20.382
 273  87.821238  66.087336     8.542     7.501 26 57361.38107564 21.773
 274  87.814976  66.085544    10.151    10.959 29 57371.29671655 21.877
 275  87.812193  66.085460    17.218    13.150 30 57381.21235570 19.225
 276  87.820149  66.086962    11.020    11.147 27 57391.12799507 18.693
 277  87.826345  66.088858     9.459     9.887 24 57401.04363329 18.609
 278  87.830350  66.089436     9.535     7.573 24 57410.95927444 18.220
 279  87.826407  66.088629    17.423    18.634 24 57420.87492623 17.724
 280  87.824483  66.087874     6.693     5.848 26 57430.79057560 20.516
 281  87.824793  66.088273     5.317     4.539 25 57440.70622314 21.884
 282  87.830628  66.089633     4.654     4.115 23 57450.62187026 22.313
 283  87.835118  66.090687     4.508     4.224 22 57460.53751575 21.997
 284  87.836364  66.090595     9.901     6.871 22 57470.45315766 19.072
 285  87.829098  66.089447    20.010    19.221 24 57480.36879478 15.809
 286  87.822978  66.088075    43.145    43.161 26 57490.28442897  5.154
 287  87.819847  66.087561    59.128    58.908 27 57500.20006142  5.018
 288  87.824600  66.087851     5.526     5.549 26 57510.11570735 21.572
 289  87.825285  66.088289     7.500     7.433 26 57520.03136316 17.481
 290  87.825679  66.088261     9.221     9.199 25 57529.94701627 34.426
 291  87.821516  66.087331    13.202    13.212 26 57539.86266576 35.526
 292  87.812856  66.086373    16.137    15.306 28 57549.77831208 34.026
 293  87.814288  66.086050     9.639     9.608 28 57559.69395794 38.434
 294  87.818709  66.087047     5.609     5.584 28 57569.60960342 40.552
 295  87.826388  66.088297    52.914    54.947 25 57579.52524884 12.752
 296  87.828178  66.089068    54.210    55.214 24 57589.44089212 11.914
 297  87.826084  66.088944    12.423    10.132 25 57599.35653236 19.790
