-185924.929    59.501     0.00    3.91
-185639.208    59.830     1.15    3.90
-185353.466    60.028     0.69    3.94
-185067.704    60.258     0.81    3.93
-184781.921    60.548     1.01    3.91
-184496.118    60.558     0.04    3.65
-184210.295    60.118    -1.54    3.51
-183924.451    59.858    -0.91    3.40
-183638.586    59.316    -1.90    3.16
-183352.701    58.976    -1.19    3.16
-183066.796    58.679    -1.04    2.99
-182780.870    58.450    -0.80    2.89
-182494.923    58.520     0.25    2.96
-182208.956    58.738     0.76    3.27
-181922.969    59.054     1.10    3.83
-181636.961    59.526     1.65    4.18
-181350.932    59.896     1.29    4.30
-181064.883    59.887    -0.03    4.38
-180778.813    59.414    -1.65    4.29
-180492.723    59.440     0.09    4.34
-180206.612    59.534     0.33    4.25
-179920.481    59.710     0.62    3.95
-179634.329    59.834     0.43    3.97
-179348.156    60.072     0.83    4.12
-179061.963    60.730     2.30    4.52
-178775.749    61.414     2.39    4.65
-178489.515    61.458     0.15    4.60
-178203.260    61.182    -0.96    4.54
-177916.985    61.101    -0.28    4.43
-177630.688    60.640    -1.61    4.19
-177344.372    60.547    -0.33    3.80
-177058.034    59.845    -2.45    3.25
-176771.677    59.164    -2.38    2.21
-176485.298    58.779    -1.34    1.82
-176198.899    58.558    -0.77    1.77
-175912.479    58.578     0.07    2.02
-175626.039    58.450    -0.45    1.98
-175339.577    58.405    -0.16    2.11
-175053.096    58.528     0.43    2.23
-174766.593    58.948     1.47    2.44
-174480.070    59.354     1.41    2.51
-174193.527    59.552     0.69    2.36
-173906.962    59.945     1.37    2.28
-173620.377    60.168     0.78    2.21
-173333.771    60.230     0.21    2.27
-173047.145    60.189    -0.14    2.32
-172760.498    60.090    -0.35    2.34
-172473.830    60.123     0.12    2.36
-172187.141    60.109    -0.05    2.37
-171900.432    60.247     0.48    2.45
-171613.702    60.735     1.70    2.57
-171326.952    60.999     0.92    2.40
-171040.180    61.010     0.04    2.31
-170753.388    61.035     0.08    2.13
-170466.575    61.277     0.85    2.36
-170179.742    61.711     1.51    2.66
-169892.888    61.780     0.24    2.68
-169606.013    61.545    -0.82    2.69
-169319.117    61.458    -0.31    2.67
-169032.200    61.307    -0.53    2.62
-168745.263    61.090    -0.76    2.44
-168458.305    60.773    -1.10    2.16
-168171.326    60.629    -0.50    1.82
-167884.327    60.581    -0.17    1.78
-167597.306    60.539    -0.15    1.62
-167310.265    60.342    -0.69    1.26
-167023.203    60.361     0.07    1.17
-166736.120    60.473     0.39    1.21
-166449.017    60.560     0.30    1.38
-166161.892    60.610     0.17    1.45
-165874.747    60.869     0.90    1.69
-165587.581    61.170     1.05    1.86
-165300.394    61.440     0.94    2.00
-165013.187    61.807     1.28    2.10
-164725.958    62.240     1.51    2.03
-164438.709    62.759     1.81    1.95
-164151.439    63.157     1.39    1.88
-163864.148    63.721     1.96    2.02
-163576.836    64.297     2.00    2.15
-163289.503    64.423     0.44    2.28
-163002.150    64.388    -0.12    2.55
-162714.775    64.312    -0.26    2.60
-162427.380    64.448     0.47    2.70
-162139.964    64.837     1.35    2.70
-161852.527    65.128     1.01    2.61
-161565.069    65.379     0.87    2.51
-161277.590    65.874     1.72    2.41
-160990.090    66.673     2.78    2.04
-160702.570    67.288     2.14    1.74
-160415.028    67.562     0.95    1.75
-160127.466    67.923     1.25    1.59
-159839.882    68.266     1.19    1.39
-159552.278    68.524     0.90    1.08
-159264.653    68.423    -0.35    1.23
-158977.006    68.113    -1.08    1.32
-158689.339    67.875    -0.83    1.49
-158401.651    67.747    -0.45    1.63
-158113.942    67.459    -1.00    1.67
-157826.212    67.423    -0.12    1.68
-157538.461    67.543     0.42    1.75
-157250.689    67.825     0.98    1.75
-156962.897    67.949     0.43    1.73
-156675.083    68.066     0.41    1.59
-156387.248    68.119     0.19    1.42
-156099.392    68.380     0.90    1.26
-155811.515    68.319    -0.21    1.27
-155523.617    68.281    -0.13    1.23
-155235.699    68.110    -0.59    1.24
-154947.759    67.955    -0.54    1.58
-154659.798    67.814    -0.49    1.78
-154371.816    67.910     0.33    2.35
-154083.813    67.502    -1.41    2.48
-153795.789    67.235    -0.93    2.75
-153507.745    67.128    -0.37    2.87
-153219.679    67.184     0.19    2.96
-152931.592    67.405     0.77    3.19
-152643.484    67.334    -0.25    3.15
-152355.354    67.459     0.43    3.28
-152067.204    67.267    -0.66    3.32
-151779.033    67.363     0.33    3.50
-151490.841    67.535     0.60    3.55
-151202.627    67.396    -0.48    3.15
-150914.393    67.664     0.93    3.21
-150626.137    67.124    -1.87    2.80
-150337.861    66.936    -0.65    2.77
-150049.563    66.640    -1.03    2.60
-149761.244    66.314    -1.13    2.48
-149472.904    66.191    -0.43    2.43
-149184.543    65.781    -1.42    2.48
-148896.161    65.626    -0.54    2.59
-148607.758    65.869     0.84    2.84
-148319.333    65.870     0.00    2.93
-148030.888    65.994     0.43    3.14
-147742.421    66.089     0.33    3.08
-147453.933    66.132     0.15    2.89
-147165.424    65.950    -0.63    1.96
-146876.894    66.458     1.76    2.00
-146588.343    67.171     2.47    2.55
-146299.770    67.623     1.57    2.65
-146011.177    67.897     0.95    2.55
-145722.562    67.950     0.18    2.61
-145433.926    67.805    -0.50    2.58
-145145.269    67.475    -1.14    2.59
-144856.590    67.078    -1.38    2.54
-144567.891    67.142     0.22    3.15
-144279.170    67.387     0.85    3.62
-143990.428    67.671     0.98    3.91
-143701.665    67.814     0.50    3.95
-143412.880    68.134     1.11    4.02
-143124.075    68.318     0.64    3.75
-142835.248    68.441     0.42    3.55
-142546.400    68.691     0.87    3.27
-142257.531    68.918     0.79    3.09
-141968.640    69.334     1.44    2.89
-141679.728    69.686     1.22    2.72
-141390.795    70.173     1.69    2.84
-141104.182    70.334     0.56    3.12
-140819.648    70.140    -0.68    3.10
-140535.094    69.879    -0.92    3.17
-140250.520    69.771    -0.38    3.42
-139965.926    69.887     0.41    3.65
-139681.312    70.247     1.27    4.01
-139396.678    70.362     0.40    4.21
-139112.024    70.923     1.97    4.54
-138827.350    71.405     1.69    4.71
-138542.657    71.542     0.48    4.55
-138257.943    71.499    -0.15    4.45
-137973.210    70.940    -1.96    4.26
-137688.456    70.619    -1.13    4.26
-137403.683    69.709    -3.20    3.98
-137118.889    69.009    -2.46    3.42
-136834.076    68.629    -1.33    3.42
-136549.243    68.351    -0.98    3.39
-136264.390    68.449     0.34    3.58
-135979.516    68.888     1.54    3.70
-135694.623    69.231     1.20    3.82
-135409.710    69.503     0.95    3.90
-135124.777    70.235     2.57    4.07
-134839.824    70.562     1.15    4.20
-134554.851    70.655     0.33    4.13
-134269.857    70.458    -0.69    4.05
-133984.844    69.763    -2.44    3.90
-133699.811    69.162    -2.11    4.12
-133414.758    68.083    -3.78    3.91
-133129.685    67.423    -2.32    3.70
-132844.592    67.048    -1.31    3.71
-132559.478    66.008    -3.65    2.89
-132274.345    65.586    -1.48    2.43
-131989.192    65.491    -0.33    2.33
-131704.018    65.945     1.59    2.78
-131418.825    66.414     1.64    3.04
-131133.611    66.841     1.50    3.06
-130848.378    67.118     0.97    3.02
-130563.124    66.987    -0.46    2.93
-130277.850    66.557    -1.51    2.75
-129992.557    66.975     1.47    2.97
-129707.243    67.160     0.65    3.17
-129421.909    67.405     0.86    3.26
-129136.555    67.729     1.13    3.31
-128851.181    68.081     1.23    3.19
-128565.787    68.095     0.05    3.03
-128280.372    68.353     0.90    3.06
-127994.938    68.325    -0.10    3.07
-127709.483    68.387     0.22    3.22
-127424.009    68.585     0.69    3.16
-127138.514    69.157     2.01    3.50
-126852.999    69.686     1.85    3.62
-126567.464    70.557     3.05    3.78
-126281.909    71.354     2.79    3.56
-125996.333    71.910     1.95    3.45
-125710.738    71.985     0.27    3.23
-125425.122    72.128     0.50    3.21
-125139.487    72.177     0.17    2.88
-124853.831    71.753    -1.48    2.85
-124568.155    71.155    -2.09    2.65
-124282.458    70.735    -1.47    2.55
-123996.742    70.735     0.00    2.89
-123711.005    70.683    -0.18    3.23
-123425.248    70.379    -1.06    3.52
-123139.471    70.030    -1.22    3.71
-122853.674    69.750    -0.98    3.84
-122567.857    69.690    -0.21    4.10
-122282.019    69.168    -1.82    3.87
-121996.161    68.657    -1.79    3.68
-121710.283    68.387    -0.95    3.59
-121424.385    68.249    -0.48    3.53
-121138.467    68.336     0.30    3.66
-120852.528    68.543     0.73    3.81
-120566.569    68.503    -0.14    4.26
-120280.590    69.069     1.98    4.94
-119994.590    69.542     1.65    5.03
-119708.571    70.277     2.57    4.93
-119422.531    70.870     2.07    4.44
-119136.471    71.235     1.28    4.05
-118850.390    71.336     0.35    3.70
-118564.290    71.319    -0.06    3.66
-118278.169    71.039    -0.98    3.76
-117992.027    69.976    -3.71    3.78
-117705.866    69.104    -3.05    3.37
-117419.684    68.850    -0.89    3.61
-117133.482    69.157     1.08    3.89
-116847.259    69.705     1.91    4.29
-116561.017    70.664     3.35    4.87
-116274.753    72.679     7.04    6.01
-115988.470    75.197     8.79    6.07
-115702.166    77.378     7.62    5.17
-115415.842    78.887     5.27    4.63
-115129.498    79.767     3.07    4.28
-114843.133    80.542     2.71    4.36
-114556.748    81.474     3.25    4.61
-114270.343    82.377     3.15    4.84
-113983.917    83.721     4.69    5.23
-113697.471    84.533     2.83    4.94
-113411.005    85.466     3.26    4.79
-113124.518    85.732     0.93    4.93
-112838.011    86.092     1.26    5.04
-112551.484    86.666     2.00    5.21
-112264.936    87.086     1.47    5.34
-111978.367    87.887     2.79    5.18
-111691.779    89.387     5.23    4.66
-111405.170    89.397     0.04    4.60
-111118.540    89.448     0.18    4.48
-110831.890    89.502     0.19    4.53
-110545.220    89.300    -0.70    4.43
-110258.529    90.159     3.00    5.51
-109971.818    90.640     1.68    5.68
-109685.087    91.855     4.24    5.21
-109398.335    93.095     4.33    4.65
-109111.563    93.441     1.20    4.47
-108824.770    92.716    -2.53    4.64
-108537.956    91.750    -3.37    4.37
-108251.123    90.423    -4.63    4.36
-107964.269    88.686    -6.05    5.06
-107677.394    86.896    -6.24    4.86
-107390.499    86.092    -2.80    4.38
-107103.583    84.923    -4.08    4.05
-106816.647    84.104    -2.85    4.10
-106529.691    83.467    -2.22    4.17
-106242.714    82.781    -2.39    4.43
-105955.717    82.645    -0.48    4.66
-105668.699    82.146    -1.74    4.39
-105381.660    82.589     1.54    4.53
-105094.601    83.247     2.29    4.78
-104807.522    83.695     1.56    4.87
-104520.422    84.423     2.54    4.81
-104233.301    84.905     1.68    4.58
-103946.160    84.529    -1.31    4.63
-103658.999    83.628    -3.14    5.08
-103371.817    82.337    -4.49    5.57
-103084.614    81.184    -4.01    5.85
-102797.391    79.998    -4.13    6.27
-102510.147    77.664    -8.13    5.77
-102222.883    76.249    -4.93    4.86
-101935.598    75.572    -2.36    3.54
-101648.293    75.861     1.01    4.14
-101360.967    75.927     0.23    4.47
-101073.620    75.804    -0.43    4.55
-100786.253    75.790    -0.05    4.60
-100498.866    75.861     0.25    4.86
-100211.457    76.128     0.93    5.00
 -99924.029    76.060    -0.24    4.87
 -99636.579    76.164     0.36    4.94
 -99349.109    76.219     0.19    4.89
 -99061.619    76.226     0.03    4.64
 -98774.107    76.157    -0.24    4.32
 -98486.575    76.009    -0.52    3.74
 -98199.023    75.793    -0.75    3.43
 -97911.450    75.450    -1.19    2.73
 -97623.856    75.545     0.33    2.73
 -97336.242    75.730     0.64    3.01
 -97048.607    76.049     1.11    3.43
 -96760.951    76.275     0.78    3.70
 -96473.275    76.765     1.70    4.10
 -96185.578    77.019     0.88    4.18
 -95897.860    77.397     1.31    4.40
 -95610.122    78.123     2.53    4.51
 -95322.363    78.768     2.24    4.17
 -95034.583    79.173     1.41    3.94
 -94746.783    79.773     2.08    3.73
 -94458.961    80.192     1.46    3.50
 -94171.120    79.765    -1.48    3.83
 -93883.257    78.475    -4.48    4.33
 -93595.374    77.186    -4.48    5.04
 -93307.470    76.370    -2.83    5.16
 -93019.546    76.136    -0.82    5.34
 -92731.600    75.967    -0.59    5.50
 -92443.634    75.715    -0.87    5.26
 -92155.648    75.542    -0.60    4.80
 -91867.640    75.448    -0.33    4.47
 -91579.612    74.958    -1.70    3.77
 -91291.563    74.209    -2.60    2.92
 -91003.493    74.570     1.26    3.92
 -90715.403    75.527     3.32    4.59
 -90427.292    76.595     3.71    4.95
 -90139.160    77.637     3.62    4.85
 -89851.007    79.110     5.11    4.54
 -89562.833    79.645     1.85    4.17
 -89274.639    80.132     1.69    3.79
 -88986.424    79.945    -0.65    3.55
 -88698.188    79.709    -0.82    3.53
 -88409.931    79.012    -2.42    3.74
 -88121.654    78.389    -2.16    3.83
 -87833.356    77.517    -3.02    3.53
 -87545.036    77.054    -1.61    3.30
 -87256.696    76.741    -1.09    2.96
 -86968.336    76.466    -0.95    2.75
 -86679.954    76.491     0.09    2.69
 -86391.552    76.835     1.19    3.01
 -86103.129    77.870     3.59    3.54
 -85814.684    79.017     3.98    3.95
 -85526.220    80.490     5.11    4.01
 -85237.734    81.854     4.73    3.57
 -84949.227    83.060     4.18    2.84
 -84660.700    83.617     1.93    2.39
 -84372.151    83.516    -0.35    2.48
 -84083.582    83.173    -1.19    3.22
 -83794.992    82.563    -2.11    4.82
 -83506.381    81.826    -2.55    5.88
 -83217.749    81.423    -1.40    7.11
 -82929.096    80.995    -1.48    8.03
 -82640.423    81.286     1.01    8.39
 -82351.728    81.909     2.16    8.48
 -82063.012    82.756     2.93    8.12
 -81774.276    83.380     2.16    7.78
 -81485.519    84.041     2.29    6.76
 -81196.741    84.230     0.65    6.53
 -80907.941    84.177    -0.18    6.59
 -80619.121    83.980    -0.68    6.77
 -80330.280    83.431    -1.90    6.75
 -80041.418    83.060    -1.28    7.00
 -79752.535    82.677    -1.33    7.04
 -79463.631    82.989     1.08    7.14
 -79177.553    82.995     0.02    7.10
 -78892.993    82.795    -0.70    6.51
 -78608.413    82.756    -0.14    6.28
 -78323.814    83.007     0.88    6.25
 -78039.196    82.802    -0.72    6.12
 -77754.557    82.585    -0.76    5.87
 -77469.899    81.967    -2.17    5.73
 -77185.222    81.628    -1.19    5.29
 -76900.525    80.741    -3.11    5.21
 -76615.808    80.086    -2.30    5.03
 -76331.071    79.485    -2.11    4.84
 -76046.315    78.865    -2.18    4.85
 -75761.540    78.593    -0.95    5.01
 -75476.744    78.236    -1.26    5.16
 -75191.929    78.265     0.10    5.19
 -74907.094    78.485     0.77    5.10
 -74622.240    78.009    -1.67    5.03
 -74337.366    77.750    -0.91    4.99
 -74052.472    76.668    -3.80    5.11
 -73767.559    75.664    -3.53    5.52
 -73482.626    74.957    -2.48    4.97
 -73197.673    73.910    -3.68    4.36
 -72912.701    73.116    -2.79    4.36
 -72627.709    72.212    -3.17    5.06
 -72342.697    71.569    -2.26    5.43
 -72057.665    70.739    -2.91    5.72
 -71772.614    69.779    -3.37    6.05
 -71487.543    68.624    -4.05    5.73
 -71202.452    68.092    -1.87    5.52
 -70917.342    67.069    -3.59    5.73
 -70632.212    66.238    -2.91    5.67
 -70347.062    65.309    -3.26    5.55
 -70061.892    65.833     1.84    5.31
 -69776.703    66.362     1.85    5.24
 -69491.494    66.888     1.84    5.05
 -69206.265    67.230     1.20    4.68
 -68921.016    67.234     0.02    4.31
 -68635.748    67.009    -0.79    3.91
 -68350.460    65.969    -3.64    4.04
 -68065.152    64.984    -3.45    4.01
 -67779.824    64.612    -1.30    3.92
 -67494.477    64.790     0.62    4.00
 -67209.110    65.136     1.21    4.19
 -66923.723    65.352     0.76    4.24
 -66638.316    65.266    -0.30    4.47
 -66352.889    65.371     0.37    4.43
 -66067.443    65.610     0.84    4.16
 -65781.976    65.747     0.48    3.85
 -65496.490    65.570    -0.62    3.26
 -65210.984    65.716     0.51    2.77
 -64925.459    65.595    -0.43    2.36
 -64639.913    65.519    -0.27    2.56
 -64354.348    65.440    -0.28    2.84
 -64068.763    65.464     0.09    3.15
 -63783.158    65.078    -1.35    3.70
 -63497.533    64.493    -2.05    4.61
 -63211.888    62.651    -6.45    6.08
 -62926.223    62.619    -0.11    6.25
 -62640.539    62.814     0.68    6.29
 -62354.835    62.642    -0.60    6.39
 -62069.110    61.554    -3.81    7.41
 -61783.366    61.329    -0.79    8.18
 -61497.602    60.867    -1.62    8.72
 -61211.819    61.352     1.70    8.70
 -60926.015    60.668    -2.39    8.90
 -60640.191    61.234     1.98    9.30
 -60354.348    61.875     2.24    9.65
 -60068.484    62.732     3.00    9.73
 -59782.601    64.282     5.42    8.46
 -59496.698    64.481     0.70    8.28
 -59210.775    64.875     1.38    7.75
 -58924.831    64.931     0.20    7.79
 -58638.868    63.905    -3.59    7.91
 -58352.886    63.761    -0.50    8.65
 -58066.883    64.354     2.07    9.78
 -57780.860    66.732     8.32    9.47
 -57494.817    69.768    10.61    7.75
 -57208.754    70.397     2.20    8.15
 -56922.672    70.834     1.53    8.13
 -56636.569    70.953     0.42    8.02
 -56350.446    71.671     2.51    7.42
 -56064.304    71.788     0.41    6.97
 -55778.141    71.702    -0.30    6.61
 -55491.959    72.537     2.92    5.78
 -55205.756    73.045     1.78    5.38
 -54919.534    73.838     2.77    5.95
 -54633.291    74.995     4.04    6.10
 -54347.029    75.423     1.49    6.30
 -54060.746    75.274    -0.52    6.57
 -53774.444    75.535     0.91    6.69
 -53488.121    75.557     0.08    6.83
 -53201.779    75.198    -1.25    6.69
 -52915.416    74.774    -1.48    6.70
 -52629.033    73.997    -2.71    6.48
 -52342.631    73.557    -1.54    5.96
 -52056.208    73.328    -0.80    5.67
 -51769.765    73.370     0.15    5.51
 -51483.303    74.160     2.76    5.11
 -51196.820    74.969     2.83    5.28
 -50910.317    76.162     4.16    5.17
 -50623.794    77.195     3.60    4.91
 -50337.251    78.396     4.19    4.96
 -50050.688    79.304     3.17    5.35
 -49764.105    80.456     4.02    5.66
 -49477.502    80.582     0.44    6.18
 -49190.878    81.113     1.85    6.97
 -48904.235    81.610     1.74    7.29
 -48617.571    81.910     1.04    7.45
 -48330.888    82.019     0.38    7.47
 -48044.184    81.971    -0.17    6.90
 -47757.460    81.226    -2.60    6.60
 -47470.716    80.431    -2.77    6.60
 -47183.952    79.591    -2.93    7.04
 -46897.168    78.265    -4.62    7.38
 -46610.364    77.241    -3.57    7.21
 -46323.539    76.355    -3.09    7.24
 -46036.695    75.127    -4.28    7.20
 -45749.830    74.660    -1.63    6.95
 -45462.945    73.762    -3.13    6.31
 -45176.040    72.704    -3.68    6.23
 -44889.115    70.888    -6.33    6.78
 -44602.170    68.686    -7.67    7.40
 -44315.204    66.110    -8.98    9.48
 -44028.218    64.229    -6.55    8.91
 -43741.213    62.957    -4.43    8.84
 -43454.186    61.299    -5.78    8.92
 -43167.140    58.633    -9.29    9.52
 -42880.074    57.380    -4.37    9.51
 -42592.987    56.338    -3.63    9.79
 -42305.880    56.089    -0.86    9.99
 -42018.753    56.730     2.23   10.33
 -41731.606    57.681     3.31   10.90
 -41444.439    59.507     6.36   11.05
 -41157.251    63.246    13.02    9.41
 -40870.043    66.730    12.13    8.13
 -40582.815    69.092     8.22    8.48
 -40295.566    70.321     4.28    8.69
 -40008.298    71.214     3.11    8.90
 -39721.009    71.494     0.97    9.06
 -39433.700    71.713     0.76    8.83
 -39146.370    70.839    -3.04    8.37
 -38859.021    70.106    -2.55    7.64
 -38571.651    69.396    -2.47    7.34
 -38284.261    67.551    -6.42    6.85
 -37996.850    65.696    -6.45    6.53
 -37709.419    63.764    -6.72    6.52
 -37421.968    62.589    -4.09    6.00
 -37134.497    60.971    -5.63    5.47
 -36847.005    58.236    -9.51    6.15
 -36559.493    56.918    -4.58    5.70
 -36271.961    56.379    -1.88    5.34
 -35984.409    54.967    -4.91    5.71
 -35696.836    53.888    -3.75    6.18
 -35409.243    53.151    -2.56    6.37
 -35121.629    53.069    -0.29    6.09
 -34833.995    52.997    -0.25    5.95
 -34546.341    52.380    -2.14    5.68
 -34258.667    52.363    -0.06    4.52
 -33970.972    52.668     1.06    4.19
 -33683.257    53.388     2.50    4.01
 -33395.521    53.918     1.84    4.58
 -33107.765    55.211     4.49    5.27
 -32819.989    57.362     7.48    5.39
 -32532.192    59.686     8.08    5.18
 -32244.375    61.518     6.37    4.94
 -31956.538    63.049     5.32    4.59
 -31668.680    64.761     5.95    4.49
 -31380.802    65.677     3.18    4.85
 -31092.903    67.212     5.33    5.46
 -30804.984    68.482     4.41    5.83
 -30517.045    69.753     4.41    6.28
 -30229.085    71.545     6.23    6.43
 -29941.105    73.025     5.14    6.79
 -29653.104    73.244     0.76    7.01
 -29365.083    72.559    -2.38    8.54
 -29077.042    71.861    -2.42    9.48
 -28788.980    71.536    -1.13    9.87
 -28500.897    70.602    -3.24   10.01
 -28212.794    68.812    -6.21   10.06
 -27924.671    67.883    -3.22    9.51
 -27636.528    67.037    -2.94    8.75
 -27348.363    67.104     0.23    7.21
 -27060.179    67.687     2.03    6.49
 -26771.974    68.328     2.22    6.25
 -26483.748    69.370     3.62    5.49
 -26195.502    70.354     3.41    4.14
 -25907.235    69.651    -2.44    4.63
 -25618.948    69.243    -1.42    5.07
 -25330.641    67.993    -4.34    6.23
 -25042.313    66.493    -5.20    7.21
 -24753.964    64.355    -7.42    7.69
 -24465.595    62.575    -6.17    7.38
 -24177.206    60.703    -6.49    7.09
 -23888.796    59.397    -4.53    6.89
 -23600.365    56.884    -8.71    7.57
 -23311.914    54.641    -7.78    7.75
 -23023.442    53.683    -3.32    7.26
 -22734.950    52.712    -3.37    6.78
 -22446.437    52.576    -0.47    6.90
 -22157.904    52.634     0.20    7.20
 -21869.350    54.337     5.90    7.50
 -21580.776    55.817     5.13    7.91
 -21292.181    57.944     7.37    8.05
 -21003.565    60.261     8.03    8.54
 -20714.929    62.134     6.49    8.81
 -20426.273    62.605     1.63    9.03
 -20137.595    62.997     1.36    9.04
 -19848.897    63.965     3.35    9.26
 -19560.179    65.448     5.14    9.60
 -19271.440    66.923     5.11    9.29
 -18982.680    68.931     6.96    9.22
 -18693.900    71.804     9.95    8.80
 -18405.099    74.380     8.92    7.71
 -18116.278    77.448    10.62    7.26
 -17827.435    79.589     7.41    7.58
 -17538.573    82.063     8.56    7.12
 -17252.980    84.521     8.61    6.40
 -16968.384    85.816     4.55    5.95
 -16683.768    85.657    -0.56    5.72
 -16399.134    85.104    -1.95    6.14
 -16114.479    83.296    -6.35    7.25
 -15829.806    82.197    -3.86    6.81
 -15545.113    80.414    -6.26    7.41
 -15260.401    78.649    -6.20    7.80
 -14975.670    76.439    -7.76    9.06
 -14690.919    73.786    -9.32   11.66
 -14406.149    67.122   -23.40   15.32
 -14121.359    60.868   -21.96   16.19
 -13836.551    53.690   -25.20   14.61
 -13551.723    47.267   -22.55   12.00
 -13266.875    41.310   -20.92    8.30
 -12982.009    37.863   -12.10    6.28
 -12697.123    35.329    -8.89    5.28
 -12412.217    32.879    -8.60    4.62
 -12127.293    31.170    -6.00    4.02
 -11842.349    29.568    -5.62    3.15
 -11557.385    28.414    -4.05    2.46
 -11272.402    27.282    -3.97    2.10
 -10987.400    29.716     8.54   11.87
 -10702.379    32.565    10.00   16.20
 -10417.338    34.572     7.04   17.71
 -10132.277    38.147    12.54   19.55
  -9847.198    41.081    10.29   19.87
  -9562.098    42.211     3.96   18.67
  -9276.980    41.379    -2.92   16.35
  -8991.842    41.072    -1.08   13.75
  -8706.685    40.736    -1.18   12.39
  -8421.508    40.631    -0.37   11.72
  -8136.312    39.642    -3.47   10.19
  -7851.096    40.063     1.48   10.59
  -7565.861    40.109     0.16   10.57
  -7280.607    39.100    -3.54   10.85
  -6995.333    38.537    -1.98   11.82
  -6710.040    36.670    -6.54   12.49
  -6424.727    33.939    -9.57   12.92
  -6139.395    30.053   -13.62   12.73
  -5854.043    26.203   -13.49   11.76
  -5568.672    23.534    -9.36    9.61
  -5283.281    22.465    -3.74    8.68
  -4997.871    21.570    -3.13    7.93
  -4712.442    20.712    -3.01    8.70
  -4426.993    20.143    -1.99    8.75
  -4141.524    19.817    -1.14    8.07
  -3856.037    20.005     0.66    7.06
  -3570.529    18.528    -5.17    4.51
  -3285.002    18.931     1.41    4.60
  -2999.456    21.143     7.75    6.58
  -2713.890    22.738     5.59    7.36
  -2428.304    24.010     4.45    9.47
  -2142.699    24.217     0.72   10.03
  -1857.075    23.328    -3.11   11.05
  -1571.431    20.057   -11.45   13.17
  -1285.767    14.544   -19.30   12.73
  -1000.084     8.855   -19.92   10.28
   -714.382     5.212   -12.75    8.77
   -428.660     2.554    -9.30    7.09
   -142.918     1.379    -4.11    7.08
    142.843    14.880    47.25   40.11
    428.624    41.956    94.74   71.70
    714.424    75.186   116.27   91.62
   1000.244   114.551   137.73   97.41
   1286.084   151.583   129.56   88.61
   1571.943   186.508   122.17   63.11
   1857.822   208.647    77.44   26.24
   2143.720   210.179     5.36   21.71
   2429.638   198.338   -41.41   29.99
   2715.575   183.104   -53.28   35.00
   3001.532   161.923   -74.07   40.52
   3287.509   139.499   -78.41   47.95
   3573.505   117.859   -75.66   51.92
   3859.521    98.861   -66.42   51.93
   4145.556    84.361   -50.69   44.89
   4431.611    80.212   -14.50   42.53
   4717.686    77.380    -9.90   42.19
   5003.780    74.118   -11.40   44.23
   5289.894    74.388     0.94   49.44
   5576.027    82.499    28.35   53.23
   5862.181    91.448    31.27   57.35
   6148.353    96.405    17.32   56.94
   6434.546   100.153    13.10   54.27
   6720.758   101.585     5.00   51.05
   7006.990   104.516    10.24   47.39
   7293.241   104.205    -1.09   41.02
   7579.513   106.440     7.81   36.84
   7865.803   110.897    15.57   36.65
   8152.114   113.422     8.82   38.09
   8438.444   113.510     0.30   36.39
   8724.794   115.983     8.64   35.83
   9011.164   116.927     3.30   34.21
   9297.553   116.534    -1.37   31.23
   9583.962   113.993    -8.87   26.24
   9870.391   117.379    11.82   26.27
  10156.839   124.910    26.29   29.69
  10443.307   134.363    33.00   31.65
  10729.795   144.598    35.73   32.57
  11016.303   155.956    39.64   31.53
  11302.830   167.049    38.72   31.98
  11589.377   182.200    52.87   36.16
  11875.944   199.423    60.10   40.44
  12162.530   217.270    62.28   39.80
  12449.137   233.202    55.59   35.09
  12735.763   242.209    31.42   29.31
  13022.408   245.857    12.73   25.81
  13309.074   246.607     2.62   27.70
  13595.759   242.515   -14.28   32.91
  13882.465   233.116   -32.78   37.47
  14169.189   219.975   -45.83   39.52
  14455.934   206.935   -45.48   38.82
  14742.699   193.106   -48.23   38.98
  15029.483   177.107   -55.79   40.55
  15316.287   164.414   -44.26   36.80
  15603.111   156.906   -26.18   31.15
  15889.954   154.965    -6.77   28.44
  16176.818   159.871    17.10   30.22
  16463.701   167.681    27.23   35.14
  16750.604   178.727    38.50   41.03
  17037.527   196.177    60.82   48.27
  17324.470   217.266    73.50   52.54
  17611.433   239.805    78.54   47.79
  17898.415   256.770    59.11   36.50
  18185.417   265.286    29.67   30.12
  18472.439   268.612    11.59   29.04
  18759.481   270.660     7.13   33.03
  19046.543   267.355   -11.51   36.70
  19333.625   251.944   -53.68   44.00
  19620.727   233.414   -64.54   56.72
  19907.848   214.257   -66.72   66.47
  20194.989   191.609   -78.88   69.27
  20482.151   163.132   -99.17   65.76
  20769.332   142.836   -70.67   54.42
  21056.533   130.457   -43.10   39.54
  21343.754   131.448     3.45   41.51
  21630.994   142.948    40.04   51.55
  21918.255   152.686    33.90   56.96
  22205.536   166.664    48.66   60.36
  22492.836   169.195     8.81   56.11
  22780.157   168.851    -1.20   52.40
  23067.497   163.282   -19.38   45.77
  23354.858   161.175    -7.33   41.50
  23642.238   160.024    -4.00   40.29
  23929.638   163.790    13.10   41.78
  24217.058   168.168    15.23   41.44
  24504.498   174.303    21.34   40.62
  24791.958   174.556     0.88   39.74
  25079.438   171.787    -9.63   38.29
  25366.938   170.241    -5.38   35.94
  25654.458   170.602     1.25   30.69
  25941.998   169.999    -2.10   26.06
  26229.558   172.730     9.50   22.84
  26517.138   176.491    13.08   22.83
  26804.738   180.422    13.67   23.15
  27092.358   185.872    18.95   21.55
  27379.997   190.100    14.70   19.22
  27667.657   195.293    18.05   18.51
  27955.337   201.347    21.04   19.75
  28243.037   206.363    17.44   20.57
  28530.757   208.175     6.30   21.50
  28818.497   207.060    -3.87   23.84
  29106.257   204.497    -8.91   25.85
  29394.037   203.114    -4.81   26.09
  29681.837   201.638    -5.13   25.98
  29969.657   204.379     9.52   28.53
  30257.497   210.616    21.67   32.63
  30545.357   219.481    30.80   37.68
  30833.237   228.559    31.53   40.29
  31121.137   242.045    46.84   44.70
  31409.058   251.935    34.35   49.79
  31696.998   260.889    31.10   54.57
  31984.959   261.345     1.58   58.74
  32272.939   264.309    10.29   62.86
  32560.940   267.380    10.67   67.08
  32848.961   270.927    12.31   69.32
  33137.001   269.897    -3.58   70.76
  33425.062   265.581   -14.98   67.90
  33713.143   264.305    -4.43   64.13
  34001.244   266.389     7.23   55.65
  34289.366   271.043    16.16   48.20
  34577.507   273.519     8.59   36.41
  34865.669   274.465     3.28   29.20
  35153.850   275.826     4.72   25.96
  35442.052   279.121    11.43   25.21
  35730.274   281.966     9.87   25.41
  36018.516   280.049    -6.65   25.45
  36306.778   271.170   -30.80   31.39
  36595.060   259.173   -41.62   37.26
  36883.363   242.021   -59.49   40.51
  37171.685   231.781   -35.51   37.20
  37460.028   224.906   -23.85   33.19
  37748.391   220.414   -15.58   29.59
  38036.774   222.787     8.23   31.57
  38325.178   225.759    10.31   34.03
  38613.601   229.364    12.50   32.88
  38902.045   232.698    11.56   30.10
  39190.509   233.209     1.77   29.10
  39478.993   234.115     3.14   32.02
  39767.497   239.314    18.02   37.65
  40056.022   249.285    34.56   43.06
  40344.567   258.636    32.41   45.14
  40633.132   266.542    27.40   43.71
  40921.717   275.289    30.31   40.34
  41210.322   283.588    28.76   37.07
  41498.948   292.841    32.06   34.70
  41787.594   301.448    29.82   33.49
  42076.260   310.711    32.09   34.59
  42364.946   320.579    34.18   35.70
  42653.653   331.643    38.32   35.68
  42942.380   342.901    38.99   33.31
  43231.127   354.455    40.02   33.07
  43519.895   364.423    34.52   32.34
  43808.682   371.863    25.77   31.39
  44097.490   379.696    27.12   29.53
  44386.319   388.877    31.79   28.40
  44671.425   400.118    39.43   28.95
  44956.046   412.871    44.81   31.10
  45240.687   427.294    50.67   33.01
  45525.347   441.046    48.31   31.40
  45810.025   454.043    45.66   28.96
  46094.723   464.014    35.02   23.66
  46379.439   467.695    12.93   19.95
  46664.175   467.704     0.03   20.14
  46948.929   462.288   -19.02   24.07
  47233.703   454.089   -28.79   27.60
  47518.495   442.758   -39.79   28.82
  47803.307   429.173   -47.70   25.88
  48088.137   417.181   -42.10   21.19
  48372.986   408.027   -32.14   17.99
  48657.854   400.109   -27.80   16.44
  48942.742   392.736   -25.88   15.92
  49227.648   385.371   -25.85   13.17
  49512.573   379.108   -21.98   11.63
  49797.518   374.388   -16.57   10.03
  50082.481   370.414   -13.95    8.87
  50367.463   366.440   -13.95    8.14
  50652.465   362.670   -13.23    7.48
  50937.485   359.888    -9.76    7.73
  51222.524   357.649    -7.86    7.79
  51507.583   354.831    -9.89    7.28
  51792.660   352.773    -7.22    6.06
  52077.757   352.606    -0.59    6.06
  52362.873   354.764     7.57    9.22
  52648.007   360.313    19.46   14.50
  52933.161   369.905    33.64   23.49
  53218.334   385.698    55.38   33.68
  53503.525   405.431    69.19   42.13
  53788.736   427.209    76.36   45.70
  54073.966   445.610    64.52   41.98
  54359.215   461.397    55.34   32.94
  54644.483   471.224    34.45   20.75
  54929.771   476.217    17.50   12.74
  55215.077   473.704    -8.81   14.49
  55500.402   467.007   -23.47   14.77
  55785.747   459.821   -25.19   14.30
  56071.110   454.121   -19.97   15.52
  56356.493   451.449    -9.36   16.54
  56641.895   450.263    -4.16   17.23
  56927.316   449.901    -1.27   17.09
  57212.756   452.744     9.96   17.90
  57498.215   455.321     9.03   17.30
  57783.693   456.556     4.33   15.60
  58069.191   455.736    -2.87   15.66
  58354.707   449.862   -20.57   21.61
  58640.243   443.719   -21.52   26.64
  58925.798   435.990   -27.07   30.82
  59211.372   426.060   -34.77   31.13
  59496.965   424.805    -4.40   32.96
  59782.577   429.547    16.60   38.75
  60068.209   439.016    33.15   42.85
  60353.860   453.170    49.55   40.49
  60639.530   462.311    32.00   36.01
  60925.219   460.271    -7.14   38.74
  61210.927   446.431   -48.44   58.66
  61496.654   417.785  -100.26   73.67
  61782.401   388.876  -101.17   74.35
  62068.167   361.964   -94.18   63.37
  62353.952   343.257   -65.46   42.63
  62639.756   339.431   -13.39   33.42
  62925.579   346.338    24.17   39.27
  63211.422   364.566    63.77   46.58
  63497.284   389.975    88.89   44.76
  63783.165   411.532    75.41   41.22
  64069.065   430.736    67.17   33.67
  64354.985   441.649    38.17   24.63
  64640.924   445.049    11.89   19.49
  64926.882   442.075   -10.40   21.80
  65212.859   434.581   -26.21   27.47
  65498.856   421.927   -44.25   29.96
  65784.872   406.253   -54.80   30.61
  66070.907   391.431   -51.82   30.14
  66356.961   378.727   -44.41   28.84
  66643.035   366.612   -42.35   30.41
  66929.127   353.922   -44.36   41.47
  67215.240   340.947   -45.35   48.52
  67501.371   329.252   -40.87   50.57
  67787.522   308.923   -71.05   50.98
  68073.692   296.538   -43.28   51.46
  68359.881   278.004   -64.76   47.10
  68646.090   259.914   -63.21   37.33
  68932.318   248.626   -39.44   25.76
  69218.565   247.027    -5.58   22.31
  69504.832   251.880    16.95   29.42
  69791.117   259.371    26.17   36.64
  70077.423   270.373    38.43   43.95
  70363.747   285.791    53.85   47.66
  70650.091   304.311    64.68   46.36
  70936.454   323.713    67.75   46.83
  71222.837   341.397    61.75   50.01
  71509.239   359.847    64.42   54.21
  71795.660   374.683    51.80   57.42
  72082.101   387.202    43.71   59.54
  72368.561   394.092    24.05   57.01
  72655.040   399.531    18.99   53.76
  72941.539   399.396    -0.47   48.97
  73228.057   398.792    -2.11   42.49
  73514.594   396.864    -6.73   33.84
  73801.151   397.604     2.58   30.02
  74087.727   407.052    32.97   34.73
  74374.323   421.069    48.91   35.10
  74660.938   434.056    45.31   31.22
  74947.572   444.293    35.72   29.04
  75234.226   450.405    21.32   29.18
  75520.899   454.064    12.76   27.28
  75807.592   460.422    22.18   25.51
  76094.304   467.321    24.06   24.13
  76381.036   466.338    -3.43   23.69
  76667.787   464.572    -6.16   25.95
  76954.557   459.655   -17.15   34.10
  77241.347   451.957   -26.84   43.68
  77528.156   442.448   -33.16   50.90
  77814.985   429.414   -45.44   55.90
  78101.833   414.704   -51.28   54.13
  78388.700   396.197   -64.52   52.65
  78675.588   381.547   -51.07   54.14
  78962.494   367.185   -50.06   50.44
  79249.420   356.612   -36.85   40.05
  79536.366   355.855    -2.64   33.97
  79823.331   360.231    15.25   34.41
  80110.315   371.619    39.68   43.86
  80397.319   395.092    81.79   54.60
  80684.342   421.960    93.61   59.47
  80971.385   452.556   106.59   61.16
  81258.448   481.701   101.53   58.78
  81545.530   510.319    99.69   56.61
  81832.631   532.193    76.19   49.99
  82119.752   549.781    61.26   38.52
  82406.893   560.078    35.86   28.83
  82694.053   563.727    12.71   28.95
  82981.232   566.056     8.11   36.68
  83268.431   571.694    19.63   40.63
  83555.650   572.397     2.45   43.28
  83842.888   568.976   -11.91   46.16
  84130.146   569.067     0.32   48.73
  84417.423   570.035     3.37   48.87
  84704.720   558.388   -40.54   47.38
  84992.036   540.546   -62.10   48.31
  85279.372   518.331   -77.32   43.64
  85566.728   499.224   -66.50   41.86
  85854.103   475.807   -81.49   47.86
  86141.498   455.455   -70.82   51.09
  86428.912   433.884   -75.05   46.74
  86716.346   416.861   -59.23   37.25
  87003.799   404.465   -43.13   25.08
  87291.272   399.249   -18.15   20.84
  87578.765   397.585    -5.79   21.63
  87866.277   395.363    -7.73   22.37
  88153.809   390.677   -16.30   25.52
  88441.361   385.019   -19.68   27.60
  88728.932   378.733   -21.86   28.09
  89016.523   370.862   -27.37   26.81
  89304.133   362.305   -29.76   23.67
  89591.763   353.211   -31.62   21.92
  89879.413   346.653   -22.80   22.75
  90167.082   339.223   -25.83   22.73
  90454.771   341.747     8.78   26.75
  90742.480   348.075    21.99   33.99
  91030.208   359.962    41.31   42.26
  91317.956   374.024    48.87   45.48
  91605.723   384.629    36.85   44.16
  91893.511   396.616    41.65   38.21
  92181.318   409.785    45.76   27.67
  92469.144   415.589    20.17   25.34
  92756.991   418.804    11.17   23.61
  93044.857   421.670     9.96   22.03
  93332.743   426.474    16.69   18.72
  93620.648   432.520    21.00   17.55
  93908.573   440.102    26.34   20.12
  94196.518   448.707    29.88   22.87
  94484.483   460.081    39.50   24.68
  94772.467   471.885    40.99   27.75
  95060.471   483.356    39.83   30.52
  95348.495   493.035    33.60   31.95
  95636.538   503.265    35.52   32.29
  95924.601   507.586    15.00   30.62
  96212.684   506.711    -3.04   28.18
  96500.787   500.069   -23.05   28.53
  96788.910   491.276   -30.52   33.39
  97077.052   480.529   -37.30   33.87
  97365.214   470.774   -33.85   30.56
  97653.396   458.428   -42.84   27.83
