-132617.884    92.447     0.00   11.26
-132331.504    90.140    -8.05   11.67
-132045.123    88.242    -6.63   11.77
-131758.744    85.920    -8.11   11.41
-131472.364    83.255    -9.31   10.09
-131185.985    81.010    -7.84    8.34
-130899.607    80.231    -2.72    7.72
-130613.229    80.503     0.95    8.31
-130326.851    80.993     1.71    8.33
-130040.474    82.952     6.84    8.56
-129754.097    86.393    12.02    8.72
-129467.720    90.085    12.89    7.98
-129181.338    93.131    10.63    6.88
-128894.795    94.482     4.72    6.81
-128608.254    94.592     0.38    6.88
-128321.713    93.775    -2.85    7.27
-128035.174    92.571    -4.20    8.02
-127748.635    91.524    -3.66    8.24
-127462.098    90.530    -3.47    7.66
-127175.562    89.565    -3.37    6.79
-126889.027    88.795    -2.69    5.71
-126602.493    89.179     1.34    5.37
-126315.960    90.348     4.08    5.16
-126029.429    92.042     5.91    6.21
-125742.898    94.070     7.08    7.46
-125456.369    96.042     6.88    8.87
-125169.841    98.411     8.27   10.20
-124883.314   100.382     6.88   11.11
-124596.788   101.546     4.06   11.57
-124310.263   101.410    -0.47   12.45
-124023.740    99.191    -7.75   13.49
-123737.217    96.093   -10.81   14.66
-123450.696    92.017   -14.23   15.08
-123164.176    86.906   -17.84   15.03
-122877.656    81.593   -18.54   14.19
-122591.138    77.896   -12.90   12.70
-122304.622    74.855   -10.62   10.92
-122018.106    72.721    -7.45    9.28
-121731.591    72.113    -2.12    9.59
-121445.078    71.628    -1.69   10.69
-121158.566    70.544    -3.78   12.61
-120872.054    66.633   -13.65   15.92
-120585.544    59.246   -25.78   19.38
-120299.035    51.979   -25.37   19.43
-120012.528    46.580   -18.84   17.51
-119726.021    44.546    -7.10   15.85
-119439.515    46.186     5.73   17.57
-119153.011    51.411    18.24   20.72
-118866.508    60.172    30.58   20.58
-118580.006    70.290    35.32   16.33
-118293.505    78.832    29.81   11.25
-118007.005    84.389    19.40    9.02
-117720.506    88.113    13.00    8.04
-117434.008    90.496     8.32    8.18
-117147.512    92.406     6.67    8.96
-116861.016    94.103     5.92    9.76
-116574.522    95.875     6.19   10.09
-116288.029    97.489     5.63    9.73
-116001.537    99.179     5.90    9.40
-115715.046   100.659     5.17    9.12
-115428.557   101.681     3.57    8.19
-115142.068   101.328    -1.23    7.77
-114855.581   100.215    -3.88    7.16
-114569.094    99.003    -4.23    6.54
-114282.609    97.496    -5.26    6.55
-113996.125    95.552    -6.79    7.27
-113709.642    93.609    -6.78    8.38
-113423.160    91.780    -6.38    9.29
-113136.680    89.836    -6.78   10.75
-112850.200    87.219    -9.14   12.81
-112563.722    83.765   -12.06   14.91
-112277.245    80.264   -12.22   17.07
-111990.768    76.352   -13.65   19.60
-111704.293    72.060   -14.98   21.76
-111417.820    68.953   -10.85   24.30
-111131.347    66.341    -9.12   27.70
-110844.875    64.379    -6.85   29.98
-110558.405    61.275   -10.83   30.41
-110271.935    58.103   -11.07   28.70
-109985.467    56.255    -6.45   26.91
-109699.000    57.210     3.34   24.89
-109412.534    60.441    11.28   22.90
-109126.069    65.777    18.63   21.19
-108839.606    70.379    16.06   19.32
-108553.143    72.387     7.01   18.89
-108266.682    73.565     4.11   20.43
-107980.221    72.089    -5.15   23.62
-107693.762    66.920   -18.05   27.08
-107407.304    57.489   -32.92   29.65
-107120.847    47.580   -34.59   27.94
-106834.392    39.432   -28.45   24.15
-106547.937    32.319   -24.83   20.23
-106261.483    28.099   -14.73   15.96
-105975.031    26.855    -4.34   12.84
-105688.580    28.874     7.05   13.83
-105402.130    33.646    16.66   15.40
-105115.681    39.339    19.87   14.38
-104829.233    45.482    21.45   11.81
-104542.786    50.400    17.17    9.54
-104256.340    53.149     9.60    8.49
-103969.896    54.082     3.26    8.19
-103683.453    54.149     0.23    7.72
-103397.010    53.848    -1.05    7.60
-103110.569    53.010    -2.92    7.46
-102824.129    51.688    -4.62    7.36
-102537.691    50.724    -3.37    6.75
-102251.253    50.538    -0.65    6.53
-101964.816    49.784    -2.63    6.95
-101678.381    47.468    -8.08    8.64
-101391.947    45.662    -6.31    8.94
-101105.513    45.052    -2.13    9.66
-100819.081    45.326     0.95   11.18
-100532.651    46.283     3.34   12.59
-100246.221    48.841     8.93   13.75
 -99959.792    54.432    19.52   14.01
 -99673.365    60.707    21.91   12.71
 -99386.938    65.475    16.64   11.51
 -99100.513    69.942    15.60   10.58
 -98814.089    74.039    14.30   11.56
 -98527.666    77.767    13.02   11.91
 -98241.244    80.704    10.25   11.40
 -97954.823    81.870     4.07   10.10
 -97668.404    82.374     1.76    9.05
 -97381.985    81.340    -3.61    8.95
 -97095.568    79.246    -7.31    9.33
 -96809.152    76.181   -10.70    8.98
 -96522.736    73.313   -10.02    7.14
 -96236.323    71.948    -4.76    6.52
 -95949.910    71.648    -1.05    6.98
 -95663.498    71.804     0.55    7.80
 -95377.087    72.530     2.53    8.30
 -95090.678    73.288     2.64    7.92
 -94804.270    72.664    -2.18    7.56
 -94517.863    71.283    -4.82    7.12
 -94231.456    70.059    -4.27    5.97
 -93945.052    69.010    -3.66    4.66
 -93658.648    68.073    -3.27    3.86
 -93372.245    66.803    -4.44    4.25
 -93085.844    64.276    -8.82    6.71
 -92799.443    60.170   -14.34    9.84
 -92513.044    54.035   -21.42   13.02
 -92226.646    46.824   -25.18   15.08
 -91940.249    39.800   -24.53   15.70
 -91653.853    34.695   -17.82   14.33
 -91367.458    29.843   -16.94   12.56
 -91081.065    25.448   -15.35   11.22
 -90794.672    21.618   -13.37   10.64
 -90508.281    19.000    -9.14   10.34
 -90221.890    17.605    -4.87    9.18
 -89935.501    18.647     3.64   10.07
 -89649.113    20.859     7.72   11.84
 -89362.727    24.947    14.28   12.88
 -89076.341    29.959    17.50   11.73
 -88789.956    34.420    15.58    8.52
 -88503.573    37.961    12.37    4.72
 -88217.190    39.758     6.27    3.39
 -87930.809    39.909     0.52    3.42
 -87644.429    40.538     2.20    3.12
 -87358.050    40.820     0.98    3.10
 -87071.672    40.724    -0.33    3.44
 -86785.296    39.978    -2.61    3.71
 -86498.920    39.155    -2.87    3.50
 -86212.546    38.546    -2.13    3.22
 -85926.173    38.124    -1.47    3.15
 -85639.800    37.918    -0.72    2.90
 -85353.429    37.571    -1.21    2.97
 -85067.059    36.986    -2.04    3.06
 -84780.691    36.537    -1.57    3.31
 -84494.323    36.387    -0.52    3.66
 -84207.956    37.074     2.40    4.49
 -83921.591    38.099     3.58    5.24
 -83635.227    38.736     2.22    5.52
 -83348.864    38.699    -0.13    6.32
 -83062.502    38.586    -0.40    7.46
 -82776.141    37.372    -4.24    8.25
 -82489.781    35.954    -4.95    8.15
 -82203.423    35.682    -0.95    8.30
 -81917.065    37.251     5.48   10.27
 -81630.709    40.378    10.92   12.28
 -81344.353    44.111    13.04   12.96
 -81057.999    48.735    16.15   12.12
 -80771.646    52.652    13.68   10.33
 -80485.295    55.822    11.07    7.93
 -80198.944    58.024     7.69    6.31
 -79912.594    59.616     5.56    5.61
 -79626.246    61.191     5.50    5.13
 -79339.898    62.589     4.88    4.17
 -79053.552    61.606    -3.43    6.73
 -78767.207    58.340   -11.41   11.09
 -78480.863    54.667   -12.82   13.17
 -78194.520    50.353   -15.07   13.97
 -77908.179    46.319   -14.09   13.40
 -77621.838    43.006   -11.57   11.71
 -77335.499    42.003    -3.50   11.26
 -77049.161    43.387     4.83   12.61
 -76762.823    46.462    10.74   13.93
 -76476.487    51.552    17.77   14.20
 -76190.152    56.968    18.92   11.93
 -75903.819    61.593    16.15    7.85
 -75617.486    63.426     6.40    5.46
 -75331.155    63.306    -0.42    5.67
 -75044.824    64.223     3.20    6.39
 -74758.495    66.433     7.72    7.77
 -74472.167    68.954     8.81    7.83
 -74185.840    71.552     9.07    6.80
 -73899.514    73.929     8.30    5.76
 -73613.189    76.193     7.91    4.30
 -73326.865    77.297     3.86    3.25
 -73040.543    76.918    -1.32    3.83
 -72754.222    75.419    -5.24    6.38
 -72467.901    72.559    -9.99    8.87
 -72181.582    68.727   -13.38   10.85
 -71895.264    64.292   -15.49   10.63
 -71608.947    60.285   -13.99    9.18
 -71322.632    57.095   -11.14    8.44
 -71036.317    54.648    -8.55    7.64
 -70750.004    51.571   -10.75    8.94
 -70463.691    47.918   -12.76   10.19
 -70177.380    45.639    -7.96   10.49
 -69891.070    44.675    -3.37   10.43
 -69604.761    45.055     1.33   10.32
 -69318.453    46.355     4.54   10.10
 -69032.147    47.751     4.88    9.55
 -68745.841    50.390     9.22    7.82
 -68459.537    52.658     7.92    5.23
 -68173.233    53.645     3.45    3.36
 -67886.931    53.329    -1.10    3.28
 -67600.630    52.940    -1.36    3.16
 -67314.297    52.965     0.08    3.27
 -67027.675    53.447     1.68    3.67
 -66741.055    53.909     1.61    4.00
 -66454.436    54.788     3.07    4.00
 -66167.819    56.172     4.83    3.78
 -65881.204    57.133     3.35    3.24
 -65594.591    57.544     1.43    2.91
 -65307.980    57.381    -0.57    2.96
 -65021.370    57.190    -0.66    3.13
 -64734.763    56.820    -1.29    3.26
 -64448.157    56.239    -2.03    3.31
 -64161.554    56.174    -0.22    3.46
 -63874.952    55.985    -0.66    3.50
 -63588.352    55.967    -0.06    3.51
 -63301.753    56.352     1.34    3.29
 -63015.157    56.267    -0.30    2.69
 -62728.562    55.888    -1.32    2.47
 -62441.970    54.917    -3.39    4.41
 -62155.379    52.908    -7.01    6.60
 -61868.790    50.789    -7.40    8.01
 -61582.203    50.103    -2.39    8.18
 -61295.618    49.613    -1.71    8.01
 -61009.034    50.331     2.51    8.19
 -60722.453    51.650     4.60    7.92
 -60435.873    53.216     5.47    7.10
 -60149.295    55.721     8.74    5.55
 -59862.720    57.651     6.73    4.39
 -59576.145    58.411     2.65    4.75
 -59289.573    58.806     1.38    5.06
 -59003.003    59.663     2.99    5.44
 -58716.434    60.885     4.27    5.50
 -58429.868    62.108     4.27    5.04
 -58143.303    63.149     3.63    4.33
 -57856.740    63.935     2.74    3.55
 -57570.179    63.938     0.01    3.48
 -57283.620    63.770    -0.59    3.60
 -56997.062    62.744    -3.58    3.96
 -56710.507    61.732    -3.53    4.06
 -56423.953    61.402    -1.15    4.33
 -56137.401    61.368    -0.12    4.37
 -55850.851    61.560     0.67    4.32
 -55564.303    61.609     0.17    4.25
 -55277.757    61.796     0.65    3.57
 -54991.213    61.699    -0.34    3.20
 -54704.670    60.607    -3.81    4.45
 -54418.129    57.862    -9.58    7.94
 -54131.591    54.024   -13.39   10.35
 -53845.054    49.393   -16.16   11.86
 -53558.519    44.887   -15.73   11.35
 -53271.985    41.274   -12.61    9.53
 -52985.454    39.975    -4.53    8.78
 -52698.924    41.902     6.72   11.47
 -52412.397    46.285    15.30   13.14
 -52125.871    50.411    14.40   12.83
 -51839.347    54.531    14.38   10.78
 -51552.825    57.035     8.74    7.75
 -51266.305    57.573     1.88    6.05
 -50979.786    56.302    -4.44    6.29
 -50693.270    55.000    -4.54    5.78
 -50406.755    54.442    -1.95    5.00
 -50120.242    54.318    -0.43    5.00
 -49833.731    55.020     2.45    5.37
 -49547.222    56.277     4.39    4.96
 -49260.715    57.558     4.47    4.49
 -48974.209    58.170     2.14    4.10
 -48687.706    58.222     0.18    4.14
 -48401.204    57.510    -2.49    4.54
 -48114.704    56.141    -4.78    4.90
 -47828.206    54.813    -4.64    5.03
 -47541.710    53.461    -4.72    4.82
 -47255.216    51.855    -5.60    4.18
 -46968.723    51.100    -2.63    3.84
 -46682.233    50.648    -1.58    3.93
 -46395.744    50.791     0.50    4.35
 -46109.257    51.839     3.66    6.13
 -45822.772    53.263     4.97    7.38
 -45536.289    54.531     4.42    7.51
 -45249.807    55.706     4.10    6.61
 -44963.328    56.118     1.44    5.69
 -44676.850    55.764    -1.24    5.65
 -44390.375    54.124    -5.72    6.70
 -44103.901    51.130   -10.45    7.40
 -43817.429    47.347   -13.20    8.47
 -43530.959    43.650   -12.91    9.19
 -43244.490    40.274   -11.78    8.83
 -42958.024    37.802    -8.63    7.31
 -42671.559    36.517    -4.49    6.03
 -42385.096    36.311    -0.72    5.45
 -42098.635    36.659     1.22    5.64
 -41812.176    37.627     3.38    6.43
 -41525.719    38.613     3.44    7.39
 -41239.264    39.785     4.09    7.49
 -40952.810    41.122     4.67    7.32
 -40666.359    42.134     3.53    6.85
 -40379.909    42.411     0.97    6.57
 -40093.461    42.623     0.74    5.67
 -39807.015    42.553    -0.24    4.42
 -39520.570    41.902    -2.27    4.19
 -39234.128    41.982     0.28    3.84
 -38947.688    42.510     1.84    3.67
 -38661.249    43.092     2.03    3.52
 -38374.812    43.517     1.48    3.75
 -38088.377    44.428     3.18    4.30
 -37801.944    45.746     4.60    5.05
 -37515.513    47.454     5.96    5.46
 -37229.083    49.109     5.78    5.52
 -36942.656    50.883     6.20    5.45
 -36656.230    52.382     5.23    5.10
 -36369.806    53.679     4.53    4.64
 -36083.384    54.624     3.30    4.04
 -35796.964    55.172     1.91    3.52
 -35510.546    55.076    -0.33    3.87
 -35224.129    54.524    -1.93    4.64
 -34937.715    53.251    -4.44    5.26
 -34651.302    51.969    -4.48    5.75
 -34364.891    49.748    -7.75    7.37
 -34078.482    46.441   -11.55    9.62
 -33792.075    41.590   -16.94   12.41
 -33505.669    35.911   -19.83   14.31
 -33219.266    30.064   -20.42   14.45
 -32932.864    24.879   -18.10   12.51
 -32646.465    21.155   -13.00    9.88
 -32360.067    19.056    -7.33    8.26
 -32073.671    17.737    -4.61    7.30
 -31787.276    16.944    -2.77    6.81
 -31500.884    16.725    -0.76    7.01
 -31214.493    15.218    -5.26    8.19
 -30928.105    12.440    -9.70    8.35
 -30641.718    10.948    -5.21    7.86
 -30355.333    11.454     1.77    8.20
 -30068.950    12.229     2.70    8.37
 -29782.569    12.795     1.98    8.09
 -29496.189    13.961     4.07    7.72
 -29209.812    16.566     9.10    5.76
 -28923.436    18.205     5.72    3.35
 -28637.062    17.914    -1.02    2.99
 -28350.690    17.242    -2.35    3.19
 -28064.320    16.390    -2.98    3.58
 -27777.952    15.503    -3.10    4.04
 -27491.585    14.517    -3.44    4.32
 -27205.221    13.857    -2.30    4.10
 -26918.858    13.407    -1.57    3.67
 -26632.497    13.034    -1.30    3.09
 -26346.138    12.662    -1.30    2.69
 -26059.781    12.767     0.37    2.60
 -25773.425    13.218     1.58    2.48
 -25487.072    13.232     0.05    2.77
 -25200.720    12.646    -2.05    3.32
 -24914.370    11.757    -3.11    3.87
 -24628.022    10.843    -3.19    4.55
 -24341.676     9.839    -3.51    5.16
 -24055.332     8.728    -3.88    5.47
 -23768.990     7.642    -3.79    5.28
 -23482.649     6.482    -4.05    4.69
 -23196.310     5.482    -3.49    4.21
 -22909.974     4.469    -3.54    3.89
 -22623.639     3.843    -2.18    3.79
 -22337.306     3.558    -1.00    3.91
 -22050.974     3.336    -0.77    4.12
 -21764.645     2.946    -1.36    4.16
 -21478.317     2.587    -1.25    4.24
 -21191.991     2.313    -0.96    4.37
 -20905.668     1.978    -1.17    4.46
 -20619.346     1.602    -1.32    4.30
 -20333.025     1.099    -1.76    3.90
 -20046.707     0.895    -0.71    3.90
 -19760.391     0.427    -1.63    3.16
 -19474.076     0.131    -1.03    2.50
 -19187.763    -0.182    -1.09    1.52
 -18901.452    -0.354    -0.60    0.82
 -18615.143    -0.436    -0.29    0.41
 -18328.836    -0.266     0.59    1.43
 -18042.530     0.121     1.35    3.58
 -17756.227     0.139     0.06    3.46
 -17469.925     0.660     1.82    4.90
 -17183.625     1.113     1.58    5.66
 -16897.327     1.532     1.46    6.58
 -16611.031     1.517    -0.05    6.54
 -16324.737     1.792     0.96    6.87
 -16038.445     2.302     1.78    7.92
 -15752.154     2.798     1.73    8.70
 -15465.865     3.665     3.03    9.97
 -15179.578     4.299     2.21   10.61
 -14893.293     5.126     2.89   11.43
 -14607.010     5.758     2.21   11.92
 -14320.729     6.364     2.12   12.06
 -14034.449     6.757     1.37   11.74
 -13748.172     8.286     5.34   12.79
 -13461.896     9.107     2.87   13.15
 -13175.622    11.093     6.94   14.15
 -12889.350    13.818     9.52   15.73
 -12603.080    16.059     7.83   16.55
 -12316.811    18.433     8.29   17.26
 -12030.545    21.288     9.97   18.32
 -11744.280    23.620     8.15   18.91
 -11458.017    25.702     7.27   19.04
 -11171.756    27.455     6.13   19.60
 -10885.497    28.040     2.04   20.75
 -10599.240    27.972    -0.24   21.87
 -10312.984    26.447    -5.33   22.72
 -10026.730    24.189    -7.89   22.67
  -9740.479    22.604    -5.54   23.05
  -9454.229    20.503    -7.34   23.36
  -9167.981    17.517   -10.43   22.66
  -8881.734    15.889    -5.69   23.14
  -8595.490    14.200    -5.90   23.38
  -8309.248    11.625    -8.99   22.09
  -8023.007     7.969   -12.77   18.54
  -7736.768     5.319    -9.26   14.78
  -7450.531     2.843    -8.65    9.58
  -7164.296     1.306    -5.37    6.16
  -6878.063     0.365    -3.29    3.36
  -6591.831    -0.105    -1.64    2.14
  -6305.602    -0.434    -1.15    0.49
  -6019.374    -0.497    -0.22    0.00
  -5733.148    -0.497     0.00    0.00
  -5446.843    -0.497     0.00    0.00
  -5160.143    -0.497     0.00    0.00
  -4873.446    -0.497     0.00    0.00
  -4586.751    -0.497     0.00    0.00
  -4300.059    -0.497     0.00    0.00
  -4013.369    -0.497     0.00    0.00
  -3726.682    -0.497     0.00    0.00
  -3439.997    -0.497     0.00    0.00
  -3153.315    -0.447     0.17    0.38
  -2866.636    -0.243     0.71    1.17
  -2579.959     0.120     1.27    2.07
  -2293.285     0.723     2.10    3.02
  -2006.613     1.146     1.48    3.48
  -1719.944     1.275     0.45    3.57
  -1433.277     1.020    -0.89    3.31
  -1146.613     0.755    -0.93    3.15
   -859.952     0.530    -0.78    2.87
   -573.293     0.186    -1.20    2.32
   -286.637    -0.154    -1.19    1.60
      0.017    -0.154     0.00    1.31
    286.668     0.323     1.67    2.26
    573.316     1.046     2.52    3.01
    859.962     2.172     3.93    4.57
   1146.605     2.932     2.65    5.14
   1433.246     4.756     6.37    8.17
   1719.884     8.136    11.79   12.17
   2006.520    12.045    13.64   14.74
   2293.153    15.982    13.74   15.48
   2579.783    19.271    11.47   16.26
   2866.411    21.732     8.59   17.47
   3153.036    25.869    14.44   19.16
   3439.659    30.687    16.81   19.97
   3726.279    35.663    17.36   19.08
   4012.896    39.684    14.03   16.67
   4299.511    42.339     9.26   14.86
   4586.123    45.961    12.64   13.60
   4872.733    50.552    16.02   13.38
   5159.340    55.567    17.50   14.54
   5445.945    61.165    19.53   16.23
   5732.547    66.954    20.20   16.76
   6019.146    73.975    24.50   14.26
   6305.743    78.986    17.48   11.37
   6592.337    82.246    11.38    9.18
   6878.929    84.199     6.81    8.18
   7165.518    85.693     5.21    7.91
   7452.105    86.986     4.51    7.58
   7738.689    88.531     5.39    7.70
   8025.270    91.553    10.55    8.48
   8311.849    94.853    11.52    9.11
   8598.425    97.943    10.78    9.31
   8884.999   100.574     9.18    9.34
   9171.570   101.753     4.11    8.79
   9458.138   102.069     1.10    8.54
   9744.704   103.265     4.17    8.27
  10031.268   105.156     6.60    7.90
  10317.828   106.435     4.46    7.64
  10604.387   107.048     2.14    7.56
  10890.942   107.967     3.21    7.55
  11177.495   109.773     6.30    7.50
  11464.046   112.269     8.71    7.73
  11750.594   114.723     8.56    8.05
  12037.139   118.601    13.53    8.86
  12323.682   123.767    18.03   10.11
  12610.222   129.345    19.47   10.99
  12896.759   134.979    19.66   11.18
  13183.294   140.413    18.97   11.33
  13469.827   146.404    20.91   11.83
  13756.357   152.965    22.90   11.35
  14042.884   158.874    20.62   10.10
  14329.409   163.741    16.99    9.25
  14615.931   168.290    15.88    8.59
  14902.450   172.107    13.32    7.90
  15188.967   176.052    13.77    7.41
  15475.482   179.965    13.66    8.05
  15761.993   184.227    14.88    8.71
  16048.503   188.093    13.49    8.51
  16335.009   191.958    13.49    7.48
  16621.513   195.200    11.32    6.42
  16908.015   198.224    10.56    5.09
  17194.514   201.264    10.61    6.29
  17481.010   205.921    16.26   10.93
  17767.504   209.213    11.49   11.62
  18053.995   211.966     9.61   10.68
  18340.484   213.941     6.90    9.55
  18626.970   214.864     3.22    8.44
  18913.453   215.685     2.87    7.55
  19199.934   215.796     0.39    7.37
  19486.413   214.624    -4.09    5.37
  19772.888   214.103    -1.82    5.37
  20059.362   213.302    -2.80    6.01
  20345.832   212.781    -1.82    6.25
  20632.300   212.715    -0.23    5.96
  20918.766   211.782    -3.26    5.01
  21205.229   210.633    -4.01    3.76
  21491.689   210.612    -0.07    3.36
  21778.147   212.363     6.11    4.34
  22064.602   213.985     5.66    4.46
  22351.054   215.271     4.49    4.78
  22637.504   215.397     0.44    4.85
  22923.952   215.326    -0.25    4.97
  23210.397   214.993    -1.16    5.08
  23496.839   214.744    -0.87    5.31
  23783.279   214.875     0.46    6.25
  24069.716   215.085     0.73    7.36
  24356.150   215.387     1.05    7.74
  24642.582   215.656     0.94    7.91
  24929.012   214.664    -3.46    7.53
  25215.439   213.137    -5.33    7.92
  25501.863   211.163    -6.89    7.67
  25788.285   208.368    -9.76    5.90
  26074.704   205.538    -9.88    5.36
  26361.121   202.329   -11.20    6.08
  26647.535   198.688   -12.71    7.37
  26933.946   196.208    -8.66    7.85
  27220.355   194.621    -5.54    7.53
  27506.761   193.538    -3.78    6.85
  27793.165   193.269    -0.94    6.83
  28079.566   194.219     3.32    7.47
  28365.965   196.538     8.10    7.65
  28652.361   198.917     8.31    7.64
  28938.754   200.027     3.88    7.68
  29225.145   201.231     4.20    7.66
  29511.533   201.791     1.95    7.49
  29797.919   200.993    -2.79    7.93
  30084.302   198.932    -7.20    8.96
  30370.682   195.021   -13.66   10.57
  30657.060   190.848   -14.57   11.59
  30943.436   186.707   -14.46   10.63
  31229.809   183.424   -11.47    9.47
  31516.179   181.751    -5.84    8.32
  31802.547   181.517    -0.82    7.44
  32088.912   183.000     5.18    7.75
  32375.275   185.966    10.36    8.62
  32661.635   189.258    11.50    9.20
  32947.992   192.314    10.67    8.43
  33234.347   192.320     0.02    8.23
  33520.699   190.714    -5.61    9.70
  33807.049   188.732    -6.92   10.01
  34093.396   187.693    -3.63   10.18
  34379.741   185.686    -7.01    9.80
  34666.083   183.827    -6.49    9.20
  34952.422   184.365     1.88    9.68
  35238.759   185.910     5.40   10.33
  35525.093   187.798     6.59   10.63
  35811.425   189.670     6.54   10.77
  36097.754   190.658     3.45   10.85
  36384.081   191.907     4.36   10.05
  36670.405   193.574     5.82    8.69
  36956.726   195.644     7.23    8.28
  37243.045   196.885     4.33    8.41
  37529.361   196.213    -2.35    9.15
  37815.675   194.400    -6.33    9.02
  38101.986   192.503    -6.62    8.96
  38388.295   191.128    -4.80    8.94
  38674.601   190.066    -3.71    8.51
  38960.905   190.319     0.88    8.13
  39247.205   191.226     3.17    8.78
  39533.504   192.907     5.87    9.23
  39819.800   195.460     8.92    8.39
  40106.093   196.600     3.98    7.49
  40392.383   196.054    -1.91    8.16
  40678.671   193.791    -7.91    9.28
  40964.957   190.469   -11.60    9.52
  41251.240   187.414   -10.67    8.59
  41537.520   184.822    -9.05    7.35
  41823.798   182.167    -9.27    6.23
  42110.073   179.010   -11.03    6.88
  42396.346   176.165    -9.94    7.65
  42682.616   173.411    -9.62    8.20
  42968.884   169.806   -12.59    8.09
  43255.149   166.163   -12.73    8.55
  43541.411   162.040   -14.40   10.47
  43827.671   157.864   -14.59   12.86
  44113.928   152.628   -18.29   15.26
  44400.183   146.744   -20.55   16.31
  44686.435   139.130   -26.60   18.18
  44972.685   130.646   -29.64   20.74
  45258.932   121.137   -33.22   23.75
  45545.176   108.293   -44.87   28.87
  45831.418    93.461   -51.82   33.80
  46117.657    79.117   -50.11   33.40
  46403.894    66.262   -44.91   30.39
  46690.128    56.454   -34.26   26.78
  46976.360    50.227   -21.75   22.89
  47262.589    47.461    -9.66   21.71
  47548.815    47.200    -0.91   21.74
  47835.039    48.360     4.05   22.90
  48121.260    49.009     2.27   24.02
