 -96931.648    25.849     0.00    6.20
 -96644.407    25.664    -0.65    6.89
 -96357.158    25.445    -0.76    7.06
 -96069.901    25.246    -0.69    6.73
 -95782.636    27.022     6.18    7.96
 -95495.362    29.674     9.23    8.58
 -95208.080    32.591    10.16    9.02
 -94920.790    35.566    10.35    8.63
 -94633.492    39.093    12.28    7.03
 -94346.186    42.066    10.35    4.99
 -94058.871    43.745     5.84    3.06
 -93771.797    44.559     2.84    2.29
 -93486.145    44.683     0.43    2.16
 -93200.485    44.732     0.17    2.23
 -92914.818    44.294    -1.53    2.41
 -92629.144    43.660    -2.22    2.50
 -92343.462    42.935    -2.54    2.70
 -92057.773    42.096    -2.94    2.94
 -91772.077    40.923    -4.11    2.95
 -91486.373    39.800    -3.93    2.60
 -91200.662    39.138    -2.32    2.12
 -90914.944    38.610    -1.85    1.99
 -90629.218    38.380    -0.80    1.95
 -90343.485    37.854    -1.84    2.29
 -90057.745    37.652    -0.71    2.27
 -89771.997    37.769     0.41    2.66
 -89486.242    38.122     1.24    3.15
 -89200.480    38.746     2.18    3.53
 -88914.710    39.528     2.74    3.48
 -88628.933    40.043     1.80    3.30
 -88343.149    40.625     2.04    2.78
 -88057.357    40.806     0.63    2.65
 -87771.558    40.550    -0.89    2.64
 -87485.751    39.914    -2.23    2.54
 -87199.937    39.174    -2.59    2.33
 -86914.116    38.678    -1.73    2.33
 -86628.288    38.352    -1.14    2.21
 -86342.452    38.101    -0.88    2.10
 -86056.609    37.899    -0.71    1.93
 -85770.758    38.099     0.70    1.97
 -85484.900    38.219     0.42    2.07
 -85199.035    38.672     1.58    2.23
 -84913.162    39.634     3.37    3.25
 -84627.282    40.736     3.85    4.03
 -84341.395    41.710     3.41    3.96
 -84055.500    41.957     0.86    3.88
 -83769.598    41.567    -1.36    3.73
 -83483.688    40.949    -2.16    3.16
 -83197.771    40.688    -0.91    2.90
 -82911.847    40.277    -1.44    2.39
 -82625.916    40.078    -0.69    2.23
 -82339.977    40.210     0.46    2.05
 -82054.030    40.489     0.98    1.79
 -81768.077    40.692     0.71    1.81
 -81482.116    40.971     0.97    1.81
 -81196.147    41.275     1.06    1.95
 -80910.171    41.821     1.91    2.23
 -80624.188    42.549     2.55    2.40
 -80338.198    43.246     2.44    2.49
 -80052.200    43.935     2.41    2.46
 -79766.195    44.683     2.61    2.52
 -79480.182    45.768     3.79    2.41
 -79194.162    46.338     1.99    1.98
 -78908.135    46.243    -0.33    2.01
 -78622.100    45.664    -2.02    2.36
 -78336.058    45.080    -2.04    2.63
 -78050.008    44.503    -2.01    2.65
 -77763.951    44.179    -1.13    2.74
 -77477.887    44.413     0.82    3.19
 -77191.816    45.159     2.61    3.77
 -76905.737    46.866     5.97    4.30
 -76619.650    49.163     8.03    5.16
 -76333.556    51.526     8.26    5.48
 -76047.455    53.406     6.57    5.17
 -75761.347    54.268     3.01    4.77
 -75475.231    53.942    -1.14    4.92
 -75189.108    53.138    -2.81    5.22
 -74902.977    51.559    -5.52    5.57
 -74616.839    49.418    -7.48    4.94
 -74330.693    47.460    -6.84    3.82
 -74044.541    46.141    -4.61    3.18
 -73758.380    45.901    -0.84    3.20
 -73472.213    45.655    -0.86    3.20
 -73186.038    44.986    -2.34    3.07
 -72899.855    44.172    -2.84    3.10
 -72613.666    43.273    -3.14    3.15
 -72327.468    42.043    -4.30    3.51
 -72041.264    40.324    -6.01    4.74
 -71755.052    37.542    -9.72    6.14
 -71468.833    34.175   -11.76    6.59
 -71182.606    30.943   -11.29    6.60
 -70896.372    27.776   -11.06    6.22
 -70610.130    25.036    -9.57    4.99
 -70323.881    23.370    -5.82    3.89
 -70037.625    22.303    -3.73    3.42
 -69751.361    21.657    -2.25    3.06
 -69465.090    21.438    -0.77    2.86
 -69178.812    21.821     1.34    2.84
 -68892.526    22.227     1.42    2.62
 -68606.232    22.730     1.76    2.83
 -68319.932    22.986     0.89    2.87
 -68033.623    23.483     1.74    2.46
 -67747.308    23.732     0.87    2.61
 -67460.985    23.457    -0.96    3.28
 -67174.655    23.411    -0.16    3.95
 -66888.317    23.007    -1.41    3.81
 -66601.972    22.701    -1.07    3.84
 -66315.619    21.788    -3.19    4.15
 -66029.259    20.660    -3.94    4.64
 -65742.892    20.065    -2.08    4.92
 -65456.517    19.717    -1.21    5.19
 -65170.135    19.175    -1.89    5.43
 -64883.745    18.643    -1.86    5.57
 -64597.348    18.737     0.33    6.20
 -64310.944    20.261     5.32    7.24
 -64024.532    22.500     7.82    7.77
 -63738.113    24.986     8.68    7.87
 -63451.686    27.565     9.00    7.75
 -63165.252    30.806    11.31    6.53
 -62878.811    33.407     9.08    5.28
 -62592.362    35.331     6.72    4.89
 -62305.906    36.978     5.75    4.75
 -62019.442    38.163     4.14    4.36
 -61732.971    38.741     2.02    3.92
 -61446.492    39.015     0.96    3.74
 -61160.006    38.930    -0.30    3.73
 -60873.513    38.396    -1.86    3.37
 -60587.012    37.522    -3.05    2.85
 -60300.504    36.835    -2.40    2.70
 -60013.988    35.713    -3.91    2.55
 -59727.465    34.842    -3.04    2.75
 -59440.934    33.899    -3.29    3.02
 -59154.397    33.206    -2.42    2.93
 -58867.851    32.916    -1.01    2.80
 -58581.298    32.525    -1.36    2.58
 -58294.738    32.286    -0.84    2.54
 -58008.171    32.372     0.30    2.81
 -57721.595    32.500     0.45    3.11
 -57435.013    32.835     1.17    3.12
 -57148.423    33.021     0.65    3.14
 -56861.826    32.621    -1.40    3.24
 -56575.221    31.693    -3.24    3.33
 -56288.609    31.176    -1.81    3.86
 -56001.989    30.259    -3.20    4.04
 -55715.362    28.855    -4.90    4.13
 -55428.727    27.167    -5.89    3.37
 -55142.085    25.576    -5.55    3.00
 -54855.436    24.479    -3.83    3.13
 -54568.779    23.754    -2.53    3.39
 -54282.115    23.214    -1.88    3.29
 -53995.443    22.700    -1.79    2.55
 -53708.764    22.898     0.69    2.50
 -53422.077    23.319     1.47    2.52
 -53135.383    23.699     1.32    2.46
 -52848.682    24.138     1.53    2.54
 -52561.973    24.783     2.25    2.46
 -52275.257    24.734    -0.17    2.56
 -51988.533    24.340    -1.37    2.82
 -51701.802    23.406    -3.26    3.44
 -51415.063    21.847    -5.44    4.25
 -51128.317    20.176    -5.83    4.81
 -50841.563    19.099    -3.75    4.87
 -50554.802    18.739    -1.26    5.08
 -50268.034    19.423     2.38    6.74
 -49981.258    20.916     5.21    7.80
 -49694.474    23.540     9.15    8.40
 -49407.684    25.266     6.02    7.53
 -49120.885    26.686     4.95    6.08
 -48834.080    26.597    -0.31    5.30
 -48547.266    25.618    -3.41    5.06
 -48260.446    23.725    -6.60    4.86
 -47973.618    21.380    -8.18    4.74
 -47686.782    19.667    -5.97    4.71
 -47399.939    17.936    -6.03    4.70
 -47113.089    16.182    -6.12    4.83
 -46826.231    15.471    -2.48    4.86
 -46539.365    14.812    -2.30    4.79
 -46252.493    14.236    -2.01    4.52
 -45965.612    13.552    -2.38    4.29
 -45678.724    12.848    -2.46    4.09
 -45391.829    12.631    -0.76    4.12
 -45104.927    13.959     4.63    4.77
 -44818.016    15.007     3.65    5.00
 -44531.099    16.410     4.89    5.85
 -44244.174    17.759     4.70    6.71
 -43957.241    19.397     5.71    7.58
 -43670.301    21.478     7.25    7.51
 -43383.354    23.113     5.70    6.44
 -43096.399    23.816     2.45    5.89
 -42809.436    23.597    -0.76    5.69
 -42522.467    23.007    -2.06    4.22
 -42235.489    22.327    -2.37    4.21
 -41948.505    21.493    -2.90    4.62
 -41661.512    20.500    -3.46    4.36
 -41374.512    20.769     0.94    4.61
 -41087.505    22.121     4.71    5.84
 -40800.491    24.580     8.57    6.70
 -40513.468    27.058     8.64    7.45
 -40226.439    30.035    10.37    8.02
 -39939.402    33.085    10.63    8.30
 -39652.357    36.645    12.40    7.40
 -39365.305    39.510     9.98    5.38
 -39078.246    41.310     6.27    3.94
 -38791.178    42.137     2.88    3.44
 -38504.104    42.525     1.35    3.07
 -38217.022    42.546     0.07    2.94
 -37929.933    41.803    -2.59    3.40
 -37642.836    40.399    -4.89    4.10
 -37355.731    39.246    -4.01    4.60
 -37068.619    37.944    -4.54    4.70
 -36781.500    36.833    -3.87    4.71
 -36494.373    36.050    -2.73    4.45
 -36207.239    35.084    -3.36    3.99
 -35920.097    34.507    -2.01    3.85
 -35632.948    34.268    -0.83    4.19
 -35345.791    34.071    -0.68    4.28
 -35058.626    34.043    -0.10    4.46
 -34771.455    34.050     0.03    4.70
 -34484.275    34.245     0.68    5.79
 -34197.089    33.828    -1.45    6.46
 -33909.894    33.580    -0.86    6.85
 -33622.693    34.203     2.17    6.61
 -33335.483    34.161    -0.15    6.38
 -33048.267    33.768    -1.37    5.76
 -32761.042    33.219    -1.91    4.83
 -32473.811    33.468     0.87    4.25
 -32186.571    35.135     5.80    4.45
 -31899.663    36.854     5.99    4.76
 -31613.936    37.841     3.45    4.38
 -31328.202    37.945     0.37    4.03
 -31042.462    37.186    -2.66    5.38
 -30756.715    34.688    -8.74    7.78
 -30470.961    32.136    -8.93    8.21
 -30185.200    29.479    -9.30    7.29
 -29899.433    27.560    -6.71    5.82
 -29613.660    26.515    -3.66    4.60
 -29327.879    26.319    -0.68    4.11
 -29042.092    27.622     4.56    4.61
 -28756.299    29.638     7.05    4.91
 -28470.498    31.727     7.31    5.18
 -28184.691    33.417     5.92    5.30
 -27898.878    34.733     4.60    5.52
 -27613.058    36.580     6.46    5.40
 -27327.231    38.856     7.96    4.78
 -27041.397    40.014     4.05    3.78
 -26755.557    40.821     2.82    3.17
 -26469.710    41.036     0.75    2.88
 -26183.857    41.350     1.10    2.77
 -25897.996    41.423     0.25    2.65
 -25612.130    41.563     0.49    2.71
 -25326.256    41.529    -0.12    2.75
 -25040.376    41.225    -1.06    2.85
 -24754.489    41.042    -0.64    3.37
 -24468.596    40.364    -2.37    3.85
 -24182.696    39.572    -2.77    3.72
 -23896.789    38.144    -5.00    3.69
 -23610.875    36.688    -5.09    3.51
 -23324.955    35.310    -4.82    3.17
 -23039.029    34.174    -3.97    2.73
 -22753.095    33.282    -3.12    2.14
 -22467.155    33.226    -0.19    2.05
 -22181.208    33.417     0.67    2.17
 -21895.255    34.079     2.31    2.32
 -21609.295    34.937     3.00    2.69
 -21323.328    35.560     2.18    2.82
 -21037.355    36.399     2.93    2.98
 -20751.375    36.681     0.99    2.96
 -20465.388    37.183     1.76    3.27
 -20179.395    37.713     1.85    3.20
 -19893.394    38.367     2.29    3.01
 -19607.388    38.442     0.26    2.92
 -19321.374    38.714     0.95    2.93
 -19035.354    38.683    -0.11    3.12
 -18749.327    39.130     1.56    3.68
 -18463.294    38.891    -0.84    4.05
 -18177.254    37.170    -6.02    5.53
 -17891.207    35.014    -7.54    6.39
 -17605.154    33.985    -3.60    6.33
 -17319.094    33.809    -0.62    6.23
 -17033.027    33.762    -0.16    5.95
 -16746.953    34.738     3.41    5.82
 -16460.873    35.719     3.43    5.49
 -16174.786    37.229     5.28    4.79
 -15888.693    38.145     3.20    3.07
 -15602.593    38.072    -0.25    2.79
 -15316.486    37.884    -0.66    2.89
 -15030.372    37.387    -1.74    2.89
 -14744.252    37.129    -0.90    2.86
 -14458.125    36.819    -1.08    3.28
 -14171.992    36.467    -1.23    3.66
 -13885.851    36.141    -1.14    4.02
 -13599.705    34.894    -4.36    4.28
 -13313.551    33.362    -5.35    4.36
 -13027.391    32.239    -3.93    4.30
 -12741.224    31.738    -1.75    4.23
 -12455.050    31.769     0.11    4.52
 -12168.870    32.403     2.21    5.26
 -11882.683    33.108     2.46    5.42
 -11596.489    34.127     3.56    5.52
 -11310.288    35.461     4.66    5.27
 -11024.081    36.571     3.88    4.94
 -10737.868    37.259     2.40    4.91
 -10451.647    36.310    -3.31    5.70
 -10165.420    34.367    -6.79    7.00
  -9879.186    32.746    -5.66    7.79
  -9592.946    30.797    -6.81    7.89
  -9306.698    28.632    -7.56    7.30
  -9020.444    26.493    -7.47    5.50
  -8734.184    25.601    -3.11    4.36
  -8447.917    26.697     3.83    4.64
  -8161.643    27.709     3.54    4.63
  -7875.362    27.153    -1.94    5.11
  -7589.074    25.783    -4.79    5.97
  -7302.780    24.117    -5.82    6.26
  -7016.480    22.099    -7.05    6.27
  -6730.172    21.080    -3.56    5.43
  -6443.858    20.688    -1.37    4.94
  -6157.537    20.755     0.23    4.48
  -5871.210    21.894     3.98    4.97
  -5584.875    23.674     6.21    5.20
  -5298.534    25.851     7.60    5.11
  -5012.187    27.789     6.77    4.74
  -4725.832    29.336     5.40    4.41
  -4439.471    30.338     3.50    3.78
  -4153.103    31.056     2.51    3.21
  -3866.729    31.252     0.68    3.01
  -3580.348    30.913    -1.18    2.80
  -3293.960    29.957    -3.34    2.99
  -3007.565    28.965    -3.46    3.03
  -2721.164    28.514    -1.57    2.94
  -2434.756    28.659     0.51    2.94
  -2148.341    27.252    -4.91    5.65
  -1861.920    23.800   -12.05   10.01
  -1575.492    19.521   -14.94   12.84
  -1289.057    14.893   -16.16   14.02
  -1002.616     9.848   -17.61   13.17
   -716.167     4.904   -17.26    9.86
   -429.712     1.414   -12.18    5.33
   -143.251     0.109    -4.56    1.12
    143.218     2.376     7.91    7.74
    429.693     6.938    15.92   13.96
    716.174    13.078    21.43   18.17
   1002.663    19.942    23.96   20.18
   1289.158    26.836    24.06   19.73
   1575.660    33.837    24.44   18.15
   1862.169    39.768    20.70   16.50
   2148.684    43.893    14.40   16.27
   2435.206    48.951    17.65   17.68
   2721.735    54.514    19.41   20.06
   3008.270    59.413    17.10   21.58
   3294.813    62.565    11.00   22.13
   3581.362    65.688    10.90   22.97
   3867.917    67.832     7.48   21.47
   4154.480    69.453     5.66   19.87
   4441.049    69.719     0.93   19.69
   4727.625    70.329     2.13   19.78
   5014.207    71.652     4.62   21.77
   5300.796    72.115     1.61   22.98
   5587.392    72.721     2.12   23.37
   5873.995    72.882     0.56   23.13
   6160.605    72.786    -0.34   21.11
   6447.221    71.664    -3.91   17.73
   6733.844    72.107     1.55   14.02
   7020.473    74.868     9.63   13.46
   7307.110    79.150    14.94   14.28
   7593.753    83.007    13.46   14.58
   7880.402    87.303    14.99   13.43
   8167.059    91.079    13.17   11.01
   8453.722    92.877     6.27    9.26
   8740.392    92.413    -1.62    9.21
   9027.069    90.818    -5.56    8.72
   9313.752    89.308    -5.27    7.48
   9600.442    89.181    -0.44    6.48
   9887.139    90.790     5.61    7.65
  10173.843    95.231    15.49    9.48
  10460.553    99.126    13.58   10.43
  10747.270   103.129    13.96   10.62
  11033.994   106.529    11.85   10.13
  11320.725   110.755    14.74    9.50
  11607.462   115.525    16.63    9.90
  11894.206   121.297    20.13   11.20
  12180.957   126.725    18.93   12.03
  12467.714   131.296    15.94   11.09
  12754.479   135.043    13.07    8.50
  13041.250   136.572     5.33    6.69
  13328.027   136.324    -0.87    7.30
  13614.812   134.986    -4.66    7.97
  13901.603   132.712    -7.93    7.60
  14188.401   130.432    -7.95    6.99
  14475.206   129.469    -3.36    6.17
  14762.017   128.993    -1.66    5.75
  15048.835   129.565     2.00    5.49
  15335.660   131.755     7.64    7.55
  15622.492   135.369    12.60   10.31
  15909.330   139.315    13.76   11.56
  16196.175   143.388    14.20   11.41
  16483.027   148.022    16.15   10.56
  16769.886   152.767    16.54    9.57
  17056.751   157.151    15.28    8.21
  17343.623   160.058    10.13    7.26
  17630.502   162.359     8.02    7.15
  17917.388   165.259    10.11    7.45
  18204.280   168.414    11.00    7.67
  18491.180   171.065     9.24    7.79
  18778.085   173.307     7.81    7.82
  19064.998   175.471     7.54    7.00
  19351.917   177.504     7.08    5.83
  19638.844   179.688     7.61    5.44
  19925.776   182.000     8.06    5.09
  20212.716   183.965     6.85    4.99
  20499.663   185.609     5.73    4.22
  20786.616   187.486     6.54    3.45
  21073.576   189.388     6.63    3.91
  21360.542   190.986     5.57    4.55
  21647.516   193.243     7.86    4.85
  21934.496   194.914     5.82    5.15
  22221.483   196.524     5.61    4.95
  22508.477   198.191     5.81    4.60
  22795.477   199.275     3.78    5.23
  23082.484   199.479     0.71    6.16
  23369.498   198.958    -1.82    7.07
  23656.519   196.979    -6.90    9.12
  23943.546   193.504   -12.11   11.59
  24230.581   188.831   -16.28   13.50
  24517.622   183.830   -17.42   13.92
  24804.670   178.471   -18.67   13.30
  25091.724   172.194   -21.87   12.78
  25378.785   166.880   -18.51   11.78
  25665.854   161.587   -18.44   11.02
  25952.928   156.614   -17.32   11.26
  26240.010   150.777   -20.33   11.78
  26527.098   145.707   -17.66   10.44
  26814.194   141.472   -14.75    9.55
  27101.296   137.457   -13.98    8.94
  27388.404   133.277   -14.56    7.86
  27675.520   129.924   -11.68    7.25
  27962.642   127.454    -8.60    7.72
  28249.771   124.914    -8.85    8.82
  28536.907   120.857   -14.13    9.69
  28824.049   117.253   -12.55   10.46
  29111.199   114.532    -9.48   10.09
  29398.355   111.479   -10.63    8.85
  29685.518   109.895    -5.51    8.45
  29972.281   108.383    -5.27    7.99
  30258.083   107.319    -3.72    7.77
  30543.891   107.014    -1.06    7.45
  30829.705   106.162    -2.98    7.25
  31115.525   105.923    -0.84    7.18
  31401.350   107.472     5.42    9.19
  31687.182   110.333    10.01   11.24
  31973.020   113.191    10.00   12.82
  32258.863   117.667    15.66   15.19
  32544.713   124.415    23.61   16.15
  32830.568   133.645    32.29   16.58
  33116.429   141.432    27.24   15.69
  33402.297   147.127    19.92   13.63
  33688.170   151.951    16.88   10.56
  33974.049   155.667    13.00    7.84
  34259.934   158.710    10.65    6.24
  34545.825   160.761     7.17    5.24
  34831.723   162.317     5.44    5.04
  35117.626   164.000     5.89    5.03
  35403.535   166.266     7.93    5.12
  35689.449   167.965     5.94    4.42
  35975.370   168.676     2.49    4.00
  36261.297   169.135     1.60    4.06
  36547.230   169.165     0.11    4.84
  36833.169   169.194     0.10    6.09
  37119.114   169.472     0.97    7.32
  37405.064   171.049     5.51    8.67
  37691.021   172.816     6.18    9.59
  37976.983   174.784     6.88    9.76
  38262.952   176.844     7.20    9.71
  38548.926   179.709    10.02    9.03
  38834.907   181.612     6.65    8.86
  39120.893   183.482     6.54    8.32
  39406.886   186.056     9.00    7.66
  39692.884   189.357    11.54    6.60
  39978.888   192.576    11.25    6.22
  40264.899   194.727     7.52    6.07
  40550.915   196.206     5.17    6.23
  40836.937   198.372     7.58    6.16
  41122.965   201.210     9.92    6.39
  41408.999   204.576    11.77    6.96
  41695.040   207.557    10.42    7.35
  41981.086   209.915     8.24    7.58
  42267.138   212.490     9.00    7.71
  42553.196   214.717     7.79    7.46
  42839.260   217.374     9.29    7.21
  43125.330   218.378     3.51    6.85
  43411.405   218.804     1.49    6.53
  43697.487   219.616     2.84    6.11
  43983.575   221.079     5.11    5.97
  44269.669   222.818     6.08    7.07
  44555.769   225.701    10.08    9.24
  44841.874   229.784    14.27   12.13
  45127.986   236.396    23.11   15.60
  45414.104   243.606    25.20   19.41
  45700.228   252.283    30.33   20.96
  45986.357   259.859    26.48   20.29
  46272.493   268.107    28.83   18.58
  46558.634   276.007    27.61   17.25
  46844.782   284.707    30.40   17.14
  47130.935   294.909    35.65   21.03
  47417.095   308.586    47.79   27.73
  47703.260   323.489    52.08   33.00
  47989.432   342.063    64.90   33.86
  48275.609   356.972    52.10   30.94
  48561.793   373.763    58.67   29.74
  48847.982   390.978    60.16   33.02
  49134.177   407.287    56.98   34.06
  49420.379   421.476    49.58   30.54
  49706.586   432.411    38.21   25.78
  49992.799   440.899    29.66   19.41
  50279.019   448.197    25.50   14.15
  50565.244   451.238    10.62   12.38
  50851.475   449.317    -6.71    8.43
  51137.712   449.558     0.84    7.42
  51423.955   450.645     3.80    7.13
  51710.205   452.241     5.58    8.80
  51996.460   452.531     1.01   12.02
  52282.721   449.957    -8.99   18.01
  52568.988   448.460    -5.23   21.83
  52855.261   451.361    10.13   24.72
  53141.540   451.823     1.61   25.20
  53427.825   453.957     7.45   23.98
  53714.116   455.007     3.67   21.84
  54000.413   458.734    13.02   19.68
  54286.716   460.848     7.38   20.24
  54573.025   461.655     2.82   23.61
  54859.340   463.643     6.94   26.71
  55145.661   465.716     7.24   29.05
  55431.988   466.909     4.17   33.72
  55718.321   465.362    -5.40   38.94
  56004.660   460.964   -15.36   40.78
  56291.005   453.806   -25.00   40.89
  56577.356   449.965   -13.41   41.57
  56863.713   447.507    -8.58   41.40
  57150.076   451.842    15.14   45.95
  57436.445   456.928    17.76   50.83
  57722.820   459.396     8.62   52.94
  58009.201   458.129    -4.42   55.40
  58295.588   457.710    -1.46   55.83
  58581.980   441.884   -55.26   57.31
  58868.379   423.424   -64.46   51.32
  59154.784   405.427   -62.84   38.63
  59441.195   388.312   -59.76   32.62
  59727.612   369.221   -66.65   38.31
  60014.035   347.648   -75.32   47.78
  60300.464   323.148   -85.54   55.07
  60586.898   295.177   -97.65   60.83
  60873.339   266.862   -98.85   56.79
  61159.786   244.525   -77.98   42.79
  61446.239   228.343   -56.49   26.56
  61732.698   222.147   -21.63   21.58
  62019.163   221.432    -2.50   22.64
  62305.633   227.252    20.32   25.29
  62592.110   236.014    30.59   26.99
  62878.593   247.673    40.70   26.60
  63165.082   256.705    31.53   26.64
  63451.577   268.710    41.90   25.80
  63738.078   280.208    40.13   27.18
  64024.585   295.224    52.41   33.39
  64311.097   309.979    51.50   39.75
  64597.616   324.250    49.81   42.11
  64884.141   335.275    38.48   42.81
  65170.672   344.275    31.41   45.96
  65457.209   341.319   -10.31   48.06
  65743.752   327.489   -48.27   44.59
  66030.301   311.388   -56.19   46.10
  66316.855   292.308   -66.59   38.49
  66603.416   272.867   -67.84   31.13
  66889.983   256.331   -57.71   27.66
  67176.556   241.827   -50.61   29.93
  67463.135   229.586   -42.72   31.35
  67749.720   219.966   -33.57   34.00
  68036.311   210.194   -34.10   33.50
  68322.908   204.196   -20.93   35.11
  68609.511   199.861   -15.12   35.71
  68896.120   192.720   -24.92   34.26
  69182.735   182.638   -35.18   30.41
  69469.356   173.600   -31.53   27.98
  69755.983   166.923   -23.30   27.02
  70042.616   160.070   -23.91   27.81
  70329.255   152.472   -26.51   27.26
  70615.900   142.478   -34.86   23.54
  70902.551   132.674   -34.20   26.11
  71189.208   123.958   -30.41   23.72
  71475.871   118.944   -17.49   20.22
  71762.540   118.655    -1.01   20.96
  72049.215   121.532    10.04   23.75
  72335.897   127.932    22.32   25.49
  72622.584   136.218    28.90   22.97
  72909.277   143.377    24.97   15.59
  73195.976   148.007    16.15   11.25
  73482.681   151.133    10.90   12.18
  73769.393   153.194     7.19   14.19
  74056.110   152.793    -1.40   17.42
  74342.833   150.407    -8.32   21.28
  74629.562   145.021   -18.78   26.30
  74916.298   138.315   -23.39   29.94
  75203.039   129.894   -29.37   30.56
  75489.786   119.833   -35.09   29.59
  75776.540   108.979   -37.85   31.11
  76063.299    96.148   -44.74   32.01
  76350.065    84.175   -41.75   31.16
  76636.836    74.121   -35.06   29.36
  76923.614    66.525   -26.49   25.76
  77210.397    63.701    -9.85   22.84
  77497.187    65.973     7.92   25.93
  77783.982    74.275    28.95   33.15
  78070.784    87.514    46.16   38.32
  78357.591   105.903    64.11   39.63
  78644.405   123.476    61.27   35.16
  78931.225   139.007    54.15   27.78
  79218.050   151.007    41.84   21.06
  79504.882   161.594    36.91   21.79
  79791.720   172.077    36.55   24.43
  80078.564   182.761    37.25   28.33
  80365.413   196.739    48.73   36.65
  80652.269   212.029    53.30   46.87
  80939.131   228.259    56.58   56.68
  81225.999   240.401    42.33   58.98
  81512.873   247.643    25.24   56.42
  81799.753   247.748     0.37   52.76
  82086.639   248.147     1.39   46.37
  82373.531   249.201     3.68   37.35
  82660.429   252.554    11.69   30.80
  82947.333   259.410    23.90   33.69
  83234.243   269.028    33.52   36.34
  83521.160   276.435    25.82   37.04
  83808.082   284.388    27.72   33.98
  84095.010   283.849    -1.88   34.23
  84381.944   282.070    -6.20   33.11
  84668.885   278.410   -12.76   27.05
  84955.831   275.444   -10.34   19.18
  85242.784   275.750     1.07   14.26
  85529.742   279.333    12.49   13.33
  85816.707   286.161    23.79   13.04
  86103.677   291.887    19.95   12.45
  86390.654   296.630    16.53   12.59
  86677.636   301.374    16.53   13.86
  86964.625   307.397    20.99   17.12
  87251.620   314.333    24.17   18.60
  87538.620   321.518    25.03   19.42
  87825.627   328.741    25.17   18.77
  88112.640   336.812    28.12   16.75
  88399.659   342.795    20.84   13.89
  88686.684   347.619    16.81   11.21
  88973.715   349.449     6.38   10.26
  89260.752   350.028     2.01   10.98
  89547.795   350.245     0.76   10.74
  89834.844   350.149    -0.33   10.02
  90121.899   348.609    -5.37    8.97
  90408.960   347.493    -3.89    8.23
  90696.028   346.451    -3.63    6.77
  90983.101   346.968     1.80    5.84
  91270.180   347.390     1.47    5.81
  91557.266   346.870    -1.81    6.17
