-126907.986    91.741     0.00   11.26
-126621.605    89.434    -8.05   11.67
-126335.225    87.536    -6.63   11.77
-126048.846    85.214    -8.11   11.41
-125762.466    82.549    -9.31   10.09
-125476.087    80.304    -7.84    8.34
-125189.709    79.525    -2.72    7.72
-124903.331    79.797     0.95    8.31
-124616.953    80.287     1.71    8.33
-124330.576    82.246     6.84    8.56
-124044.199    85.687    12.02    8.72
-123757.822    89.379    12.89    7.98
-123471.440    92.425    10.63    6.88
-123184.898    93.776     4.72    6.81
-122898.356    93.886     0.38    6.88
-122611.815    93.069    -2.85    7.27
-122325.276    91.866    -4.20    8.02
-122038.738    90.818    -3.66    8.24
-121752.200    89.824    -3.47    7.66
-121465.664    88.859    -3.37    6.79
-121179.129    88.089    -2.69    5.71
-120892.596    88.473     1.34    5.37
-120606.063    89.642     4.08    5.16
-120319.531    91.336     5.91    6.21
-120033.001    93.364     7.08    7.46
-119746.472    95.336     6.88    8.87
-119459.944    97.705     8.27   10.20
-119173.417    99.676     6.88   11.11
-118886.891   100.840     4.06   11.57
-118600.366   100.704    -0.47   12.45
-118313.843    98.485    -7.75   13.49
-118027.320    95.387   -10.81   14.66
-117740.799    91.311   -14.23   15.08
-117454.279    86.200   -17.84   15.03
-117167.760    80.887   -18.54   14.19
-116881.242    77.190   -12.90   12.70
-116594.725    74.149   -10.62   10.92
-116308.209    72.015    -7.45    9.28
-116021.695    71.407    -2.12    9.59
-115735.181    70.922    -1.69   10.69
-115448.669    69.838    -3.78   12.61
-115162.158    65.927   -13.65   15.92
-114875.648    58.540   -25.78   19.38
-114589.139    51.273   -25.37   19.43
-114302.631    45.875   -18.84   17.51
-114016.124    43.840    -7.10   15.85
-113729.619    45.480     5.73   17.57
-113443.115    50.705    18.24   20.72
-113156.611    59.466    30.58   20.58
-112870.109    69.584    35.32   16.33
-112583.608    78.126    29.81   11.25
-112297.109    83.683    19.40    9.02
-112010.610    87.407    13.00    8.04
-111724.112    89.790     8.32    8.18
-111437.616    91.700     6.67    8.96
-111151.120    93.397     5.92    9.76
-110864.626    95.169     6.19   10.09
-110578.133    96.783     5.63    9.73
-110291.641    98.473     5.90    9.40
-110005.151    99.954     5.17    9.12
-109718.661   100.975     3.57    8.19
-109432.172   100.622    -1.23    7.77
-109145.685    99.509    -3.88    7.16
-108859.199    98.297    -4.23    6.54
-108572.714    96.790    -5.26    6.55
-108286.230    94.846    -6.79    7.27
-107999.747    92.903    -6.78    8.38
-107713.265    91.074    -6.38    9.29
-107426.784    89.130    -6.78   10.75
-107140.305    86.513    -9.14   12.81
-106853.827    83.059   -12.06   14.91
-106567.349    79.558   -12.22   17.07
-106280.873    75.646   -13.65   19.60
-105994.398    71.354   -14.98   21.76
-105707.925    68.247   -10.85   24.30
-105421.452    65.635    -9.12   27.70
-105134.980    63.673    -6.85   29.98
-104848.510    60.569   -10.83   30.41
-104562.041    57.397   -11.07   28.70
-104275.572    55.549    -6.45   26.91
-103989.105    56.505     3.34   24.89
-103702.639    59.735    11.28   22.90
-103416.175    65.071    18.63   21.19
-103129.711    69.673    16.06   19.32
-102843.249    71.681     7.01   18.89
-102556.787    72.859     4.11   20.43
-102270.327    71.383    -5.15   23.62
-101983.868    66.214   -18.05   27.08
-101697.410    56.783   -32.92   29.65
-101410.953    46.875   -34.59   27.94
-101124.497    38.726   -28.45   24.15
-100838.043    31.613   -24.83   20.23
-100551.589    27.393   -14.73   15.96
-100265.137    26.149    -4.34   12.84
 -99978.686    28.168     7.05   13.83
 -99692.236    32.940    16.66   15.40
 -99405.787    38.633    19.87   14.38
 -99119.339    44.776    21.45   11.81
 -98832.892    49.694    17.17    9.54
 -98546.447    52.443     9.60    8.49
 -98260.002    53.376     3.26    8.19
 -97973.559    53.443     0.23    7.72
 -97687.117    53.142    -1.05    7.60
 -97400.676    52.304    -2.92    7.46
 -97114.236    50.982    -4.62    7.36
 -96827.797    50.018    -3.37    6.75
 -96541.359    49.832    -0.65    6.53
 -96254.923    49.078    -2.63    6.95
 -95968.487    46.762    -8.08    8.64
 -95682.053    44.956    -6.31    8.94
 -95395.620    44.346    -2.13    9.66
 -95109.188    44.620     0.95   11.18
 -94822.757    45.577     3.34   12.59
 -94536.328    48.135     8.93   13.75
 -94249.899    53.726    19.52   14.01
 -93963.471    60.001    21.91   12.71
 -93677.045    64.769    16.64   11.51
 -93390.620    69.236    15.60   10.58
 -93104.196    73.333    14.30   11.56
 -92817.773    77.061    13.02   11.91
 -92531.351    79.998    10.25   11.40
 -92244.930    81.164     4.07   10.10
 -91958.511    81.668     1.76    9.05
 -91672.092    80.634    -3.61    8.95
 -91385.675    78.540    -7.31    9.33
 -91099.259    75.475   -10.70    8.98
 -90812.844    72.607   -10.02    7.14
 -90526.430    71.242    -4.76    6.52
 -90240.017    70.942    -1.05    6.98
 -89953.606    71.098     0.55    7.80
 -89667.195    71.824     2.53    8.30
 -89380.786    72.582     2.64    7.92
 -89094.377    71.958    -2.18    7.56
 -88807.970    70.577    -4.82    7.12
 -88521.564    69.353    -4.27    5.97
 -88235.159    68.304    -3.66    4.66
 -87948.756    67.367    -3.27    3.86
 -87662.353    66.097    -4.44    4.25
 -87375.952    63.570    -8.82    6.71
 -87089.551    59.464   -14.34    9.84
 -86803.152    53.329   -21.42   13.02
 -86516.754    46.118   -25.18   15.08
 -86230.357    39.094   -24.53   15.70
 -85943.961    33.989   -17.82   14.33
 -85657.566    29.137   -16.94   12.56
 -85371.173    24.742   -15.35   11.22
 -85084.780    20.912   -13.37   10.64
 -84798.389    18.294    -9.14   10.34
 -84511.999    16.899    -4.87    9.18
 -84225.610    17.941     3.64   10.07
 -83939.222    20.153     7.72   11.84
 -83652.835    24.241    14.28   12.88
 -83366.449    29.253    17.50   11.73
 -83080.065    33.714    15.58    8.52
 -82793.681    37.255    12.37    4.72
 -82507.299    39.052     6.27    3.39
 -82220.918    39.203     0.52    3.42
 -81934.538    39.832     2.20    3.12
 -81648.159    40.114     0.98    3.10
 -81361.781    40.018    -0.33    3.44
 -81075.405    39.272    -2.61    3.71
 -80789.029    38.450    -2.87    3.50
 -80502.655    37.840    -2.13    3.22
 -80216.282    37.418    -1.47    3.15
 -79929.910    37.213    -0.72    2.90
 -79643.539    36.866    -1.21    2.97
 -79357.169    36.280    -2.04    3.06
 -79070.800    35.831    -1.57    3.31
 -78784.432    35.681    -0.52    3.66
 -78498.066    36.368     2.40    4.49
 -78211.701    37.393     3.58    5.24
 -77925.336    38.030     2.22    5.52
 -77638.973    37.993    -0.13    6.32
 -77352.611    37.880    -0.40    7.46
 -77066.250    36.666    -4.24    8.25
 -76779.891    35.248    -4.95    8.15
 -76493.532    34.976    -0.95    8.30
 -76207.175    36.545     5.48   10.27
 -75920.818    39.672    10.92   12.28
 -75634.463    43.405    13.04   12.96
 -75348.109    48.029    16.15   12.12
 -75061.756    51.946    13.68   10.33
 -74775.405    55.116    11.07    7.93
 -74489.054    57.318     7.69    6.31
 -74202.704    58.910     5.56    5.61
 -73916.356    60.485     5.50    5.13
 -73630.009    61.883     4.88    4.17
 -73343.663    60.900    -3.43    6.73
 -73057.317    57.634   -11.41   11.09
 -72770.974    53.961   -12.82   13.17
 -72484.631    49.647   -15.07   13.97
 -72198.289    45.613   -14.09   13.40
 -71911.949    42.300   -11.57   11.71
 -71625.609    41.297    -3.50   11.26
 -71339.271    42.681     4.83   12.61
 -71052.934    45.756    10.74   13.93
 -70766.598    50.846    17.77   14.20
 -70480.263    56.262    18.92   11.93
 -70193.929    60.887    16.15    7.85
 -69907.597    62.720     6.40    5.46
 -69621.265    62.600    -0.42    5.67
 -69334.935    63.517     3.20    6.39
 -69048.606    65.727     7.72    7.77
 -68762.278    68.248     8.81    7.83
 -68475.951    70.846     9.07    6.80
 -68189.625    73.223     8.30    5.76
 -67903.300    75.487     7.91    4.30
 -67616.977    76.591     3.86    3.25
 -67330.654    76.213    -1.32    3.83
 -67044.333    74.713    -5.24    6.38
 -66758.013    71.853    -9.99    8.87
 -66471.694    68.022   -13.38   10.85
 -66185.376    63.586   -15.49   10.63
 -65899.059    59.579   -13.99    9.18
 -65612.743    56.389   -11.14    8.44
 -65326.429    53.942    -8.55    7.64
 -65040.115    50.865   -10.75    8.94
 -64753.803    47.212   -12.76   10.19
 -64467.492    44.933    -7.96   10.49
 -64181.182    43.969    -3.37   10.43
 -63894.873    44.349     1.33   10.32
 -63608.565    45.649     4.54   10.10
 -63322.258    47.045     4.88    9.55
 -63035.953    49.684     9.22    7.82
 -62749.649    51.952     7.92    5.23
 -62463.345    52.939     3.45    3.36
 -62177.043    52.623    -1.10    3.28
 -61890.742    52.235    -1.36    3.16
 -61604.410    52.259     0.08    3.27
 -61317.787    52.741     1.68    3.67
 -61031.167    53.203     1.61    4.00
 -60744.548    54.082     3.07    4.00
 -60457.932    55.466     4.83    3.78
 -60171.317    56.427     3.35    3.24
 -59884.704    56.838     1.43    2.91
 -59598.093    56.675    -0.57    2.96
 -59311.483    56.484    -0.66    3.13
 -59024.876    56.114    -1.29    3.26
 -58738.270    55.533    -2.03    3.31
 -58451.667    55.468    -0.22    3.46
 -58165.065    55.279    -0.66    3.50
 -57878.465    55.261    -0.06    3.51
 -57591.867    55.646     1.34    3.29
 -57305.270    55.561    -0.30    2.69
 -57018.676    55.182    -1.32    2.47
 -56732.083    54.211    -3.39    4.41
 -56445.493    52.202    -7.01    6.60
 -56158.904    50.083    -7.40    8.01
 -55872.317    49.397    -2.39    8.18
 -55585.732    48.907    -1.71    8.01
 -55299.148    49.625     2.51    8.19
 -55012.567    50.944     4.60    7.92
 -54725.987    52.510     5.47    7.10
 -54439.410    55.015     8.74    5.55
 -54152.834    56.945     6.73    4.39
 -53866.260    57.705     2.65    4.75
 -53579.688    58.100     1.38    5.06
 -53293.117    58.957     2.99    5.44
 -53006.549    60.179     4.27    5.50
 -52719.982    61.402     4.27    5.04
 -52433.417    62.443     3.63    4.33
 -52146.855    63.229     2.74    3.55
 -51860.294    63.232     0.01    3.48
 -51573.734    63.064    -0.59    3.60
 -51287.177    62.038    -3.58    3.96
 -51000.622    61.026    -3.53    4.06
 -50714.068    60.696    -1.15    4.33
 -50427.516    60.662    -0.12    4.37
 -50140.967    60.854     0.67    4.32
 -49854.419    60.903     0.17    4.25
 -49567.872    61.090     0.65    3.57
 -49281.328    60.993    -0.34    3.20
 -48994.786    59.901    -3.81    4.45
 -48708.245    57.156    -9.58    7.94
 -48421.706    53.318   -13.39   10.35
 -48135.169    48.687   -16.16   11.86
 -47848.634    44.181   -15.73   11.35
 -47562.101    40.568   -12.61    9.53
 -47275.570    39.269    -4.53    8.78
 -46989.040    41.196     6.72   11.47
 -46702.513    45.579    15.30   13.14
 -46415.987    49.705    14.40   12.83
 -46129.463    53.825    14.38   10.78
 -45842.941    56.329     8.74    7.75
 -45556.421    56.867     1.88    6.05
 -45269.903    55.596    -4.44    6.29
 -44983.386    54.294    -4.54    5.78
 -44696.871    53.736    -1.95    5.00
 -44410.359    53.612    -0.43    5.00
 -44123.848    54.314     2.45    5.37
 -43837.339    55.571     4.39    4.96
 -43550.832    56.852     4.47    4.49
 -43264.326    57.464     2.14    4.10
 -42977.823    57.516     0.18    4.14
 -42691.321    56.804    -2.49    4.54
 -42404.821    55.435    -4.78    4.90
 -42118.323    54.107    -4.64    5.03
 -41831.827    52.755    -4.72    4.82
 -41545.333    51.149    -5.60    4.18
 -41258.841    50.394    -2.63    3.84
 -40972.350    49.942    -1.58    3.93
 -40685.862    50.085     0.50    4.35
 -40399.375    51.133     3.66    6.13
 -40112.890    52.557     4.97    7.38
 -39826.407    53.825     4.42    7.51
 -39539.925    55.000     4.10    6.61
 -39253.446    55.412     1.44    5.69
 -38966.969    55.058    -1.24    5.65
 -38680.493    53.418    -5.72    6.70
 -38394.019    50.424   -10.45    7.40
 -38107.547    46.641   -13.20    8.47
 -37821.077    42.944   -12.91    9.19
 -37534.609    39.568   -11.78    8.83
 -37248.142    37.096    -8.63    7.31
 -36961.678    35.811    -4.49    6.03
 -36675.215    35.605    -0.72    5.45
 -36388.754    35.954     1.22    5.64
 -36102.295    36.921     3.38    6.43
 -35815.838    37.907     3.44    7.39
 -35529.383    39.079     4.09    7.49
 -35242.929    40.416     4.67    7.32
 -34956.478    41.428     3.53    6.85
 -34670.028    41.705     0.97    6.57
 -34383.580    41.917     0.74    5.67
 -34097.134    41.847    -0.24    4.42
 -33810.690    41.196    -2.27    4.19
 -33524.248    41.276     0.28    3.84
 -33237.807    41.804     1.84    3.67
 -32951.369    42.386     2.03    3.52
 -32664.932    42.811     1.48    3.75
 -32378.497    43.722     3.18    4.30
 -32092.064    45.040     4.60    5.05
 -31805.633    46.748     5.96    5.46
 -31519.203    48.403     5.78    5.52
 -31232.776    50.177     6.20    5.45
 -30946.350    51.676     5.23    5.10
 -30659.926    52.973     4.53    4.64
 -30373.505    53.918     3.30    4.04
 -30087.084    54.466     1.91    3.52
 -29800.666    54.370    -0.33    3.87
 -29514.250    53.818    -1.93    4.64
 -29227.835    52.545    -4.44    5.26
 -28941.423    51.263    -4.48    5.75
 -28655.012    49.042    -7.75    7.37
 -28368.603    45.735   -11.55    9.62
 -28082.196    40.884   -16.94   12.41
 -27795.791    35.205   -19.83   14.31
 -27509.387    29.358   -20.42   14.45
 -27222.986    24.173   -18.10   12.51
 -26936.586    20.450   -13.00    9.88
 -26650.188    18.350    -7.33    8.26
 -26363.792    17.031    -4.61    7.30
 -26077.398    16.238    -2.77    6.81
 -25791.006    16.019    -0.76    7.01
 -25504.615    14.512    -5.26    8.19
 -25218.227    11.735    -9.70    8.35
 -24931.840    10.242    -5.21    7.86
 -24645.455    10.748     1.77    8.20
 -24359.072    11.523     2.70    8.37
 -24072.691    12.089     1.98    8.09
 -23786.311    13.255     4.07    7.72
 -23499.934    15.860     9.10    5.76
 -23213.558    17.499     5.72    3.35
 -22927.184    17.208    -1.02    2.99
 -22640.813    16.536    -2.35    3.19
 -22354.442    15.684    -2.98    3.58
 -22068.074    14.797    -3.10    4.04
 -21781.708    13.811    -3.44    4.32
 -21495.343    13.151    -2.30    4.10
 -21208.981    12.701    -1.57    3.67
 -20922.620    12.328    -1.30    3.09
 -20636.261    11.956    -1.30    2.69
 -20349.904    12.061     0.37    2.60
 -20063.548    12.512     1.58    2.48
 -19777.195    12.526     0.05    2.77
 -19490.844    11.940    -2.05    3.32
 -19204.494    11.051    -3.11    3.87
 -18918.146    10.137    -3.19    4.55
 -18631.800     9.133    -3.51    5.16
 -18345.456     8.022    -3.88    5.47
 -18059.113     6.936    -3.79    5.28
 -17772.773     5.776    -4.05    4.69
 -17486.434     4.776    -3.49    4.21
 -17200.098     3.763    -3.54    3.89
 -16913.763     3.137    -2.18    3.79
 -16627.430     2.852    -1.00    3.91
 -16341.098     2.630    -0.77    4.12
 -16054.769     2.240    -1.36    4.16
 -15768.442     1.881    -1.25    4.24
 -15482.116     1.607    -0.96    4.37
 -15195.792     1.272    -1.17    4.46
 -14909.470     0.896    -1.32    4.30
 -14623.150     0.393    -1.76    3.90
 -14336.832     0.189    -0.71    3.90
 -14050.515    -0.279    -1.63    3.16
 -13764.201    -0.575    -1.03    2.50
 -13477.888    -0.888    -1.09    1.52
 -13191.577    -1.060    -0.60    0.82
 -12905.268    -1.142    -0.29    0.41
 -12618.961    -0.972     0.59    1.43
 -12332.656    -0.585     1.35    3.58
 -12046.352    -0.567     0.06    3.46
 -11760.051    -0.046     1.82    4.90
 -11473.751     0.407     1.58    5.66
 -11187.453     0.826     1.46    6.58
 -10901.157     0.811    -0.05    6.54
 -10614.863     1.086     0.96    6.87
 -10328.570     1.596     1.78    7.92
 -10042.280     2.092     1.73    8.70
  -9755.991     2.959     3.03    9.97
  -9469.704     3.593     2.21   10.61
  -9183.419     4.420     2.89   11.43
  -8897.136     5.052     2.21   11.92
  -8610.855     5.658     2.12   12.06
  -8324.576     6.051     1.37   11.74
  -8038.298     7.580     5.34   12.79
  -7752.022     8.401     2.87   13.15
  -7465.748    10.387     6.94   14.15
  -7179.476    13.112     9.52   15.73
  -6893.206    15.353     7.83   16.55
  -6606.938    17.727     8.29   17.26
  -6320.671    20.582     9.97   18.32
  -6034.407    22.914     8.15   18.91
  -5748.144    24.996     7.27   19.04
  -5461.883    26.749     6.13   19.60
  -5175.624    27.334     2.04   20.75
  -4889.367    27.266    -0.24   21.87
  -4603.111    25.741    -5.33   22.72
  -4316.858    23.483    -7.89   22.67
  -4030.606    21.898    -5.54   23.05
  -3744.356    19.797    -7.34   23.36
  -3458.108    16.811   -10.43   22.66
  -3171.862    15.183    -5.69   23.14
  -2885.618    13.494    -5.90   23.38
  -2599.375    10.919    -8.99   22.09
  -2313.135     7.263   -12.77   18.54
  -2026.896     4.613    -9.26   14.78
  -1740.659     2.137    -8.65    9.58
  -1454.424     0.600    -5.37    6.16
  -1168.191    -0.341    -3.29    3.36
   -881.960    -0.811    -1.64    2.14
   -595.730    -1.140    -1.15    0.49
   -309.502    -1.203    -0.22    0.00
    -23.277    -1.203     0.00    0.00
    263.028    -1.203     0.00    0.00
    549.728    -1.203     0.00    0.00
    836.425    -1.203     0.00    0.00
   1123.120    -1.203     0.00    0.00
   1409.812    -1.203     0.00    0.00
   1696.502    -1.203     0.00    0.00
   1983.189    -1.203     0.00    0.00
   2269.874    -1.203     0.00    0.00
   2556.555    -1.153     0.17    0.38
   2843.235    -0.949     0.71    1.17
   3129.911    -0.586     1.27    2.07
   3416.586     0.017     2.10    3.02
   3703.257     0.440     1.48    3.48
   3989.926     0.569     0.45    3.57
   4276.593     0.314    -0.89    3.31
   4563.256     0.049    -0.93    3.15
   4849.918    -0.176    -0.78    2.87
   5136.576    -0.520    -1.20    2.32
   5423.232    -0.860    -1.19    1.60
   5709.886    -0.860     0.00    1.31
   5996.537    -0.383     1.67    2.26
   6283.185     0.340     2.52    3.01
   6569.831     1.466     3.93    4.57
   6856.474     2.226     2.65    5.14
   7143.115     4.050     6.37    8.17
   7429.753     7.430    11.79   12.17
   7716.388    11.339    13.64   14.74
   8003.021    15.276    13.74   15.48
   8289.651    18.565    11.47   16.26
   8576.279    21.026     8.59   17.47
   8862.904    25.163    14.44   19.16
   9149.527    29.981    16.81   19.97
   9436.147    34.957    17.36   19.08
   9722.764    38.978    14.03   16.67
  10009.379    41.633     9.26   14.86
  10295.991    45.255    12.64   13.60
  10582.601    49.846    16.02   13.38
  10869.208    54.861    17.50   14.54
  11155.812    60.459    19.53   16.23
  11442.414    66.248    20.20   16.76
  11729.013    73.269    24.50   14.26
  12015.610    78.280    17.48   11.37
  12302.204    81.540    11.38    9.18
  12588.796    83.493     6.81    8.18
  12875.385    84.988     5.21    7.91
  13161.971    86.280     4.51    7.58
  13448.555    87.825     5.39    7.70
  13735.137    90.847    10.55    8.48
  14021.715    94.147    11.52    9.11
  14308.291    97.237    10.78    9.31
  14594.865    99.868     9.18    9.34
  14881.436   101.047     4.11    8.79
  15168.004   101.363     1.10    8.54
  15454.570   102.559     4.17    8.27
  15741.133   104.450     6.60    7.90
  16027.694   105.729     4.46    7.64
  16314.252   106.342     2.14    7.56
  16600.808   107.261     3.21    7.55
  16887.361   109.067     6.30    7.50
  17173.911   111.563     8.71    7.73
  17460.459   114.017     8.56    8.05
  17747.004   117.895    13.53    8.86
  18033.546   123.061    18.03   10.11
  18320.087   128.640    19.47   10.99
  18606.624   134.273    19.66   11.18
  18893.159   139.707    18.97   11.33
  19179.691   145.698    20.91   11.83
  19466.221   152.259    22.90   11.35
  19752.748   158.168    20.62   10.10
  20039.273   163.035    16.99    9.25
  20325.795   167.584    15.88    8.59
  20612.314   171.401    13.32    7.90
  20898.831   175.346    13.77    7.41
  21185.345   179.259    13.66    8.05
  21471.857   183.521    14.88    8.71
  21758.366   187.387    13.49    8.51
  22044.873   191.252    13.49    7.48
  22331.377   194.494    11.32    6.42
  22617.878   197.518    10.56    5.09
  22904.377   200.558    10.61    6.29
  23190.873   205.215    16.26   10.93
  23477.367   208.507    11.49   11.62
  23763.858   211.260     9.61   10.68
  24050.346   213.235     6.90    9.55
  24336.832   214.158     3.22    8.44
  24623.316   214.979     2.87    7.55
  24909.797   215.090     0.39    7.37
  25196.275   213.918    -4.09    5.37
  25482.750   213.397    -1.82    5.37
  25769.223   212.596    -2.80    6.01
  26055.694   212.075    -1.82    6.25
  26342.162   212.009    -0.23    5.96
  26628.627   211.076    -3.26    5.01
  26915.090   209.927    -4.01    3.76
  27201.550   209.906    -0.07    3.36
  27488.008   211.657     6.11    4.34
  27774.463   213.279     5.66    4.46
  28060.915   214.565     4.49    4.78
  28347.365   214.691     0.44    4.85
  28633.813   214.620    -0.25    4.97
  28920.257   214.287    -1.16    5.08
  29206.700   214.038    -0.87    5.31
  29493.139   214.169     0.46    6.25
  29779.576   214.379     0.73    7.36
  30066.011   214.681     1.05    7.74
  30352.443   214.950     0.94    7.91
  30638.872   213.958    -3.46    7.53
  30925.299   212.431    -5.33    7.92
  31211.723   210.457    -6.89    7.67
  31498.145   207.662    -9.76    5.90
  31784.564   204.832    -9.88    5.36
  32070.980   201.623   -11.20    6.08
  32357.394   197.982   -12.71    7.37
  32643.805   195.503    -8.66    7.85
  32930.214   193.915    -5.54    7.53
  33216.620   192.832    -3.78    6.85
  33503.024   192.563    -0.94    6.83
  33789.425   193.513     3.32    7.47
  34075.823   195.833     8.10    7.65
  34362.219   198.211     8.31    7.64
  34648.613   199.321     3.88    7.68
  34935.003   200.525     4.20    7.66
  35221.392   201.085     1.95    7.49
  35507.777   200.287    -2.79    7.93
  35794.160   198.226    -7.20    8.96
  36080.541   194.315   -13.66   10.57
  36366.919   190.142   -14.57   11.59
  36653.294   186.001   -14.46   10.63
  36939.667   182.718   -11.47    9.47
  37226.037   181.045    -5.84    8.32
  37512.404   180.811    -0.82    7.44
  37798.769   182.294     5.18    7.75
  38085.132   185.260    10.36    8.62
  38371.492   188.552    11.50    9.20
  38657.849   191.608    10.67    8.43
  38944.204   191.614     0.02    8.23
  39230.556   190.008    -5.61    9.70
  39516.906   188.026    -6.92   10.01
  39803.253   186.987    -3.63   10.18
  40089.597   184.980    -7.01    9.80
  40375.939   183.121    -6.49    9.20
  40662.278   183.659     1.88    9.68
  40948.615   185.204     5.40   10.33
  41234.949   187.092     6.59   10.63
  41521.281   188.964     6.54   10.77
  41807.610   189.952     3.45   10.85
  42093.937   191.201     4.36   10.05
  42380.261   192.868     5.82    8.69
  42666.582   194.938     7.23    8.28
  42952.901   196.179     4.33    8.41
  43239.217   195.507    -2.35    9.15
  43525.531   193.694    -6.33    9.02
  43811.842   191.797    -6.62    8.96
  44098.150   190.422    -4.80    8.94
  44384.456   189.360    -3.71    8.51
  44670.759   189.613     0.88    8.13
  44957.060   190.520     3.17    8.78
  45243.359   192.201     5.87    9.23
  45529.654   194.754     8.92    8.39
  45815.947   195.894     3.98    7.49
  46102.238   195.348    -1.91    8.16
  46388.526   193.085    -7.91    9.28
  46674.811   189.763   -11.60    9.52
  46961.094   186.708   -10.67    8.59
  47247.374   184.116    -9.05    7.35
  47533.652   181.461    -9.27    6.23
  47819.927   178.304   -11.03    6.88
  48106.200   175.459    -9.94    7.65
  48392.470   172.705    -9.62    8.20
  48678.737   169.100   -12.59    8.09
  48965.002   165.457   -12.73    8.55
  49251.264   161.334   -14.40   10.47
  49537.524   157.158   -14.59   12.86
  49823.781   151.922   -18.29   15.26
  50110.036   146.038   -20.55   16.31
  50396.288   138.424   -26.60   18.18
  50682.537   129.940   -29.64   20.74
  50968.784   120.431   -33.22   23.75
  51255.028   107.587   -44.87   28.87
  51541.270    92.755   -51.82   33.80
  51827.509    78.411   -50.11   33.40
  52113.746    65.556   -44.91   30.39
  52399.980    55.748   -34.26   26.78
  52686.212    49.521   -21.75   22.89
  52972.441    46.755    -9.66   21.71
  53258.667    46.494    -0.91   21.74
  53544.891    47.654     4.05   22.90
  53831.112    48.303     2.27   24.02
