# NaN NaN NaN ;Mean Elev.(m), Avg Gradient(m/km), RMS Gradient(m/km) - SRTM1     
#  -13.956  -0.775   6.141 ;Mean Elev.(m), Avg Gradient(m/km), RMS Gradient(m/km) - ASTER GDEM
#    1.130  -1.019   4.611 ;Mean Elev.(m), Avg Gradient(m/km), RMS Gradient(m/km) - GMTED2010 
   1  87.981943  65.970649    19.256    19.048 12 54661.35951282 25.332
   2  87.981739  65.970651    18.213    18.223 11 54671.27515816 27.075
   3  87.979034  65.971644   -10.019   -10.237 11 54681.19080172 13.181
   4  87.980166  65.972459    17.800    18.186 11 54691.10644446 30.451
   5  87.980898  65.972555    -8.265    -9.096 11 54701.02208488 15.968
   6  87.981516  65.971212     9.020     9.345 11 54710.93773157 28.557
   7  87.981720  65.969530     8.714     8.870 12 54720.85338284 20.657
   8  87.981281  65.968137    14.368    13.243 12 54730.76903142 20.813
   9  87.980473  65.968014     8.730     9.158 11 54740.68467830 25.804
  10  87.980294  65.968400     4.779     4.808 12 54750.60032520 36.791
  11  87.978968  65.968759     5.647     5.006 11 54760.51597182 36.462
  12  87.980681  65.968274     4.940     4.874 12 54770.43161636 53.456
  13  87.980038  65.967637     7.031     7.043 12 54780.34725743 42.169
  14  87.978506  65.967148     5.540     5.510 12 54790.26289586 29.085
  15  87.979145  65.967582     6.778     6.128 12 54800.17853339 23.406
  16  87.979483  65.968645     6.436     6.120 11 54810.09417097 22.178
  17  87.980388  65.969839    10.838    10.752 11 54820.00981000 17.499
  18  87.981000  65.970114     9.996    10.164 12 54829.92546233 17.152
  19  87.978915  65.970348    10.940    10.968 11 54839.84110093 14.846
  20  87.981796  65.970683     9.740    10.118 12 54849.75675022 14.685
  21  87.980534  65.971661    10.358    10.534 11 54859.67239865 15.075
  22  87.981218  65.972251    10.225    10.525 11 54869.58804738 14.628
  23  87.981455  65.971468    10.263    10.429 11 54879.50369503 14.621
  24  87.980462  65.969620     9.760    10.125 12 54889.41933945 14.635
  25  87.980811  65.967684    10.965    10.032 12 54899.33498083 14.158
  26  87.979587  65.967461     9.601     9.974 11 54909.25061971 14.435
  27  87.979364  65.968517     9.884     9.922 12 54919.16625741 14.065
  28  87.981661  65.969301     9.010    10.154 12 54929.08189508 15.160
  29  87.980435  65.968943    19.295    18.663 12 54938.99753161 11.014
  30  87.980759  65.967778     6.800     6.824 12 54948.91316664 28.483
  31  87.980272  65.966966     8.796     8.759 12 54958.82880380 22.270
  32  87.976801  65.967501    12.084    12.069 12 54968.74445200 34.054
  33  87.978843  65.968621    17.707    17.717 11 54978.66009955 52.052
  34  87.981787  65.969475    18.573    18.529 12 54988.57574714 30.240
  35  87.981646  65.969647    15.662    15.783 12 54998.49139459 26.559
  36  87.980825  65.969676    10.297     9.753 11 55008.40704020 28.328
  37  87.980386  65.969953    18.430    18.792 12 55018.32268394 25.643
  38  87.979965  65.970970     6.423     6.413 11 55028.23832629 50.520
  39  87.980423  65.972155     6.014     5.119 11 55038.15396822 51.263
  40  87.984025  65.972466    11.053    11.385 11 55048.06960932 28.675
  41  87.983008  65.971342    11.638    10.960 11 55057.98524804 28.122
  42  87.980755  65.969162     8.032     8.441 11 55067.90088593 26.270
  43  87.981535  65.967149     8.282     9.492 12 55077.81653619 25.651
  44  87.979623  65.967114     4.448     4.461 12 55087.73218375 26.205
  45  87.980143  65.968367     7.837     8.860 12 55097.64782990 23.834
  46  87.980126  65.969516     4.255     4.260 11 55107.56347555 33.180
  47  87.980884  65.969004    13.673    12.824 12 55117.47912060 17.714
  48  87.978132  65.967373     5.909     4.961 12 55127.39476306 37.857
  49  87.980561  65.965893     6.588     6.452 12 55137.31040374 48.850
  50  87.979633  65.966367     7.607     5.765 12 55147.22604224 31.815
  51  87.979976  65.968421    10.582    10.695 11 55157.14168016 20.878
  52  87.979654  65.970218    11.062    11.061 11 55167.05731798 18.431
  53  87.982180  65.970725    10.286    10.344 11 55176.97295567 17.236
  54  87.978877  65.970157    10.469    10.463 11 55186.88859858 16.237
  55  87.979456  65.969752    10.298    10.365 12 55196.80424960 15.856
  56  87.983185  65.970401     9.786     9.944 11 55206.71989970 15.574
  57  87.984505  65.971817    11.417    10.286 11 55216.63554896 14.936
  58  87.984176  65.972198    11.626    10.492 11 55226.55119748 12.949
  59  87.978924  65.970819    10.403    10.449 11 55236.46684308 13.410
  60  87.979872  65.967989     9.949     9.948 12 55246.38248589 13.825
  61  87.977084  65.966127     9.725     9.819 12 55256.29812571 13.414
  62  87.977401  65.966556    12.297    10.056 12 55266.21376458 12.608
  63  87.981564  65.968497    17.001    17.681 12 55276.12940306 12.539
  64  87.980280  65.969992    18.589    18.132 12 55286.04504010 13.541
  65  87.981778  65.969325    15.847    15.455 12 55295.96067537 13.998
  66  87.978702  65.967327    20.075    20.018 12 55305.87631498 11.736
  67  87.980268  65.965727    12.633    10.348 12 55315.79196216 12.319
  68  87.980925  65.966424     7.170     6.987 12 55325.70760770 23.635
  69  87.981304  65.968641    11.760    11.806 11 55335.62325198 30.356
  70  87.982969  65.970415    18.408    18.424 11 55345.53889599 53.164
  71  87.981646  65.970753    22.882    25.044 11 55355.45453871 24.363
  72  87.981190  65.970252    13.968    13.736 12 55365.37017952 50.691
  73  87.980075  65.969962    18.294    18.362 11 55375.28581872 21.279
  74  87.979206  65.970727     9.584    10.782 11 55385.20145687 28.349
  75  87.983183  65.971582    18.090    18.376 11 55395.11709459 26.883
  76  87.983984  65.972027     6.777     5.979 11 55405.03273414 27.515
  77  87.983514  65.970623     7.626     5.432 11 55414.94838564 29.482
  78  87.978923  65.968272     8.323     9.691 12 55424.86403366 26.866
  79  87.977677  65.966317    18.624    18.794 12 55434.77967933 17.285
  80  87.980395  65.966299     6.671     6.779 12 55444.69532385 26.499
  81  87.978985  65.968042     6.976     6.230 11 55454.61096687 29.328
  82  87.980316  65.969698     6.150     6.157 11 55464.52660938 39.786
  83  87.979940  65.969502    17.336    18.418 12 55474.44224914 20.016
  84  87.978800  65.967724    17.179    17.617 11 55484.35788591 20.433
  85  87.978234  65.966044     8.732     9.271 12 55494.27352065 22.606
  86  87.980028  65.966597     4.360     4.315 12 55504.18915447 39.391
  87  87.979333  65.968833     5.099     5.109 12 55514.10480332 42.287
  88  87.981327  65.970861     5.731     5.688 11 55524.02045306 38.087
  89  87.982406  65.971364     5.151     5.151 11 55533.93610101 34.613
  90  87.981835  65.970554     4.681     4.691 11 55543.85174699 29.613
  91  87.981480  65.969897     4.702     4.685 12 55553.76739104 26.295
  92  87.980217  65.970363     5.438     5.404 12 55563.68303387 24.915
  93  87.979688  65.971230     6.943     5.715 11 55573.59867613 23.089
  94  87.978806  65.971169     7.109     6.819 11 55583.51431699 22.017
  95  87.980035  65.969703     8.106     8.555 12 55593.42995468 19.687
  96  87.977317  65.967951     8.592     9.144 12 55603.34558867 19.469
  97  87.979621  65.966872     7.818     8.474 12 55613.26122104 19.396
  98  87.977399  65.967514     9.221     9.576 12 55623.17685728 18.976
  99  87.978726  65.968665     8.880     9.300 12 55633.09251021 18.485
 100  87.980480  65.969243     8.811     9.082 11 55643.00816093 18.425
 101  87.980200  65.968860     7.612     8.198 12 55652.92380863 16.624
 102  87.977526  65.967533    13.404    11.214 12 55662.83945186 15.201
 103  87.981923  65.966542     5.274     5.265 12 55672.75509268 45.609
 104  87.980892  65.967193    12.175    12.165 12 55682.67073147 34.806
 105  87.981545  65.969062    17.922    18.009 11 55692.58636888 27.147
 106  87.981389  65.970870    19.345    19.025 12 55702.50200464 29.176
 107  87.984095  65.971385    14.820    14.845 11 55712.41764801 52.027
 108  87.980675  65.971125    17.853    18.490 11 55722.33329717 28.780
 109  87.981457  65.970701     7.080     5.094 11 55732.24894471 29.929
 110  87.981563  65.970650    16.648    17.761 12 55742.16459094 29.995
 111  87.981427  65.970666     6.407     4.882 11 55752.08023585 27.698
 112  87.981842  65.970078    13.051    11.824 11 55761.99587853 25.297
 113  87.981230  65.969003     7.963     9.011 11 55771.91151829 27.540
 114  87.980182  65.967607     5.311     4.595 11 55781.82715451 28.242
 115  87.979724  65.967253     6.525     6.548 11 55791.74278814 43.332
 116  87.980486  65.967900    15.989    13.970 12 55801.65842101 19.924
 117  87.981182  65.968750     7.981     6.671 11 55811.57407118 27.889
 118  87.979841  65.969166     5.480     5.421 11 55821.48971961 32.701
 119  87.980337  65.968647    11.851    10.903 12 55831.40536346 19.270
 120  87.979485  65.967722     4.922     4.937 11 55841.32100265 46.789
 121  87.979380  65.967442     4.618     4.609 11 55851.23663884 32.575
 122  87.979225  65.968634     7.638     5.933 12 55861.15227295 45.354
 123  87.980593  65.969986     5.465     5.469 11 55871.06792595 44.030
 124  87.981290  65.970982     5.294     5.318 11 55880.98357634 32.014
 125  87.980380  65.971214     8.374     9.025 11 55890.89921996 26.274
 126  87.983250  65.970939     9.163     9.422 11 55900.81485808 22.968
 127  87.983378  65.971119     8.792     9.136 11 55910.73049125 22.740
 128  87.982819  65.971256     9.610    10.050 11 55920.64614493 21.638
 129  87.982567  65.970776     9.539    10.483 11 55930.56179712 21.365
 130  87.980963  65.969419    10.472    10.687 12 55940.47744532 21.024
 131  87.979148  65.967674    10.557    10.611 11 55950.39308890 20.914
 132  87.977576  65.966984    10.622    10.638 12 55960.30872844 20.201
 133  87.981130  65.967431    10.384    10.421 12 55970.22436610 18.143
 134  87.981581  65.968735    10.299    10.321 12 55980.14000239 19.078
 135  87.980144  65.969325     9.898    10.187 12 55990.05563762 20.155
 136  87.979562  65.968819    10.507    10.609 11 55999.97128142 19.956
 137  87.981797  65.967577     9.802    10.208 12 56009.88693237 19.919
 138  87.978420  65.967364    10.491    10.584 12 56019.80257870 17.715
 139  87.980229  65.967960     8.002     8.347 12 56029.71822251 16.324
 140  87.981964  65.969346    10.953    10.004 11 56039.63386439 11.598
 141  87.980394  65.970573     5.075     5.056 11 56049.54950393 20.561
 142  87.982802  65.971114     8.140     7.581 11 56059.46514118 28.179
 143  87.981878  65.970993    18.302    17.268 11 56069.38077601 28.647
 144  87.982513  65.970670    16.087    16.086 11 56079.29642715 52.066
 145  87.981836  65.970880    13.113    12.819 11 56089.21207545 33.831
 146  87.979208  65.971522     8.999     7.689 11 56099.12772108 30.497
 147  87.980013  65.970985     6.028     6.030 11 56109.04335310 43.896
 148  87.979557  65.969332    12.790    11.417 12 56118.95899370 23.801
 149  87.979783  65.967465     4.271     4.168 11 56128.87463071 52.175
 150  87.980064  65.966750     3.564     3.682 12 56138.79026428 38.271
 151  87.977324  65.967911     3.631     3.616 12 56148.70591219 51.015
 152  87.980158  65.969406     8.388     9.081 11 56158.62156147 26.152
 153  87.982132  65.969885     3.581     3.562 11 56168.53720954 43.659
 154  87.979531  65.968880     7.513     7.698 11 56178.45285422 30.216
 155  87.977417  65.967506     4.086     4.010 12 56188.36849452 46.365
 156  87.979302  65.967055     7.453     7.926 11 56198.28413179 25.988
 157  87.981082  65.968558     3.791     3.771 11 56208.19976616 43.611
 158  87.983985  65.970773     3.400     3.403 11 56218.11539897 52.692
 159  87.979193  65.972325     3.897     3.920 11 56228.03104343 40.480
 160  87.983028  65.971608     7.627     7.668 11 56237.94669806 27.823
 161  87.981364  65.970603     7.421     8.117 11 56247.86234834 24.629
 162  87.980769  65.970076     8.235     8.949 12 56257.77799371 22.936
 163  87.980628  65.970808     9.853    10.080 11 56267.69363581 21.199
 164  87.978898  65.971600    10.589    10.882 11 56277.60927606 19.767
 165  87.982796  65.971033    10.246    10.203 11 56287.52492473 17.975
 166  87.978707  65.969122    10.349    10.470 12 56297.44057366 17.931
 167  87.976139  65.966947    10.020    10.441 12 56307.35621880 18.191
 168  87.978618  65.966065    10.016    10.103 12 56317.27186158 16.981
 169  87.977454  65.967746    10.193    10.349 12 56327.18750249 16.797
 170  87.981763  65.969648     9.156     9.738 12 56337.10314289 17.269
 171  87.979045  65.970594    10.689    10.763 11 56347.01878106 16.153
 172  87.980504  65.969347     9.966    10.256 11 56356.93441711 15.668
 173  87.979889  65.967454     9.925     9.911 11 56366.85006530 16.224
 176  87.981785  65.971125     9.436    10.039 11 56396.59700304 16.102
 177  87.982995  65.972409    19.503    19.309 11 56406.51264442  8.537
 178  87.979871  65.972246     4.764     4.730 11 56416.42828188 35.588
 179  87.979968  65.970913    17.270    17.153 11 56426.34391493 31.691
 180  87.982728  65.969804    17.383    17.295 11 56436.25956552 30.612
 181  87.980900  65.970106    15.355    15.342 11 56446.17521709 52.507
 182  87.982654  65.970998    11.578    11.438 11 56456.09086665 55.272
 183  87.979375  65.970981    18.723    18.677 11 56466.00651267 25.434
 184  87.979587  65.969264     6.324     6.329 12 56475.92215519 53.239
 185  87.980963  65.966977     5.800     5.767 12 56485.83779429 50.877
 186  87.979429  65.966360     5.026     4.918 12 56495.75343021 45.912
 187  87.977554  65.967956     4.132     4.011 12 56505.66906442 41.573
 188  87.981602  65.970183     3.925     4.046 11 56515.58469767 51.573
 189  87.983785  65.970796     7.609     7.814 11 56525.50035216 31.821
 190  87.980819  65.969784     4.274     4.319 12 56535.41600266 44.364
 192  87.978473  65.967630     5.162     5.263 12 56555.24729368 30.782
 193  87.981348  65.969133     5.085     5.096 12 56565.16293669 44.628
 194  87.984790  65.971449    15.070    17.573 11 56575.07857839 18.884
 195  87.983114  65.972987     3.693     3.551 10 56584.99421669 38.573
 196  87.982486  65.972586     4.705     4.594 11 56594.90985283 48.776
 197  87.979040  65.971066     5.843     5.838 11 56604.82550544 31.073
 198  87.980860  65.969785     5.954     6.011 12 56614.74115371 22.222
 199  87.980154  65.970001     7.107     6.044 11 56624.65679790 18.772
 200  87.982910  65.970424     8.244     9.020 11 56634.57243960 19.057
 201  87.981021  65.970694     7.858     8.656 12 56644.48807650 18.158
 202  87.981870  65.969230     7.722     8.067 12 56654.40372950 18.401
 203  87.980017  65.967504     9.652    10.489 11 56664.31937802 17.334
 204  87.981506  65.966619     7.620     8.526 12 56674.23502414 15.480
 205  87.978557  65.967848     7.984     8.553 12 56684.15066864 15.813
 206  87.980227  65.969487     7.935     8.670 12 56694.06631148 15.506
 207  87.981829  65.970497     7.666     7.576 11 56703.98194997 15.577
 208  87.979938  65.970068     7.956     8.792 12 56713.89758283 15.712
 209  87.981917  65.968649     7.768     8.431 12 56723.81323275 15.997
 210  87.981629  65.968285     9.092     9.964 12 56733.72888320 14.978
 211  87.982562  65.969741    15.542    17.449 11 56743.64453030 14.317
 212  87.982616  65.971759    18.874    18.655 11 56753.56017298 10.421
 213  87.981403  65.972884     4.455     4.426 11 56763.47581017 24.845
 214  87.982110  65.972336     5.688     5.757 11 56773.39144386 22.845
 215  87.980682  65.970902     8.239     8.242 11 56783.30710122 33.338
 216  87.982839  65.969791    16.762    16.899 11 56793.22275524 29.954
 217  87.981704  65.969704    17.935    17.426 12 56803.13840611 27.004
 218  87.980319  65.969993    14.342    14.356 11 56813.05404905 47.108
 219  87.980297  65.969666    14.883    14.169 12 56822.96968862 30.884
 220  87.979814  65.968810    13.203    13.245 12 56832.88532398 38.469
 221  87.980013  65.968035     9.444     8.721 11 56842.80095598 27.188
 222  87.979124  65.968113    18.907    18.754 11 56852.71659632 22.203
 223  87.979225  65.968720     5.281     5.271 11 56862.63225042 52.763
 224  87.980362  65.969539     5.969     5.950 12 56872.54790403 40.683
 225  87.980159  65.969791     5.774     5.773 11 56882.46355444 50.144
 226  87.979433  65.969538    17.692    18.019 12 56892.37920125 21.898
 227  87.979621  65.969051    18.616    18.656 11 56902.29484505 22.398
 228  87.981515  65.969534    18.205    18.162 11 56912.21048707 22.879
 229  87.979068  65.970816    16.782    17.767 11 56922.12612708 28.769
 230  87.984587  65.971856     5.732     5.741 11 56932.04176556 45.247
 231  87.980117  65.972483     7.195     8.643 11 56941.95739793 32.140
 232  87.983118  65.971704     4.434     4.419 11 56951.87304081 53.114
 233  87.983259  65.970589     5.579     5.546 11 56961.78869194 41.694
 234  87.980841  65.970220     5.772     5.287 11 56971.70433787 23.602
 235  87.982761  65.970145     5.413     5.414 11 56981.61998008 22.417
 236  87.980393  65.970188     6.445     6.305 11 56991.53561742 18.752
 237  87.979075  65.969626     6.266     4.753 11 57001.45124928 19.244
 238  87.980268  65.968422     5.923     4.831 11 57011.36690694 19.443
 239  87.981721  65.967675     6.464     5.200 12 57021.28255879 19.204
 240  87.980241  65.968318     9.172     9.612 11 57031.19820748 16.240
 241  87.979230  65.969262    10.618    10.762 11 57041.11385431 15.145
 242  87.982238  65.969785    12.912    11.199 11 57051.02949942 12.820
 243  87.978976  65.969776    10.911    10.924 11 57060.94513982 13.982
 244  87.980900  65.969440    10.184    10.475 11 57070.86077514 15.726
 245  87.982044  65.969777    12.051    10.663 11 57080.77640606 14.221
 246  87.980670  65.971074    11.073    11.063 11 57090.69204732 13.449
 247  87.982009  65.972227    15.510    15.784 11 57100.60770509 14.198
 248  87.980269  65.972705    14.213    12.938 11 57110.52335945 12.587
 249  87.981495  65.971770    21.212    21.887 11 57120.43900849 13.607
 250  87.982977  65.970368    14.750    16.923 11 57130.35465177  7.185
 251  87.980521  65.970089     5.491     5.518 11 57140.27028938 30.818
 252  87.983156  65.970608     8.726     8.666 11 57150.18592397 26.888
 253  87.984197  65.971165    17.428    17.396 11 57160.10155540 54.741
 254  87.980821  65.970501    19.638    19.644 12 57170.01720785 46.647
 255  87.979301  65.968868    18.759    18.034 11 57179.93286324 29.012
 256  87.977032  65.967606    11.632    11.664 12 57189.84851452 31.030
 257  87.981083  65.967618     7.404     7.417 12 57199.76416275 40.588
 258  87.980770  65.968980     5.480     5.695 12 57209.67979683 40.145
 259  87.980309  65.970223     8.751     9.491 12 57219.59544083 29.813
 260  87.982895  65.970123     5.224     5.207 11 57229.51108408 46.362
 261  87.981347  65.969642    16.169    17.759 12 57239.42672473 22.418
 262  87.981309  65.969254     7.580     5.868 12 57249.34236254 26.201
 263  87.980992  65.970113    18.848    18.239 12 57259.25799795 24.341
 264  87.983260  65.971730     6.317     5.718 11 57269.17363232 40.183
 265  87.983066  65.973087     7.437     6.736 11 57279.08928327 52.266
 266  87.980284  65.973051    17.630    17.694 11 57289.00493887 28.344
 267  87.981067  65.971543    14.645    13.035 11 57298.92059196 20.592
 268  87.981557  65.969668    15.157    15.335 12 57308.83624141 23.404
 269  87.980361  65.969113     4.784     4.796 12 57318.75188708 49.818
 270  87.980169  65.969749     5.777     5.840 11 57328.66752972 48.374
 271  87.983844  65.970714     6.754     6.757 11 57338.58317050 35.830
 272  87.981305  65.970382     5.055     5.076 11 57348.49881899 29.752
 273  87.979883  65.968636     4.913     4.904 12 57358.41446502 26.021
 274  87.979939  65.966821     7.347     5.631 12 57368.33010793 22.577
 275  87.979859  65.966932     7.621     6.549 12 57378.24574794 21.170
 276  87.979365  65.969024    10.276    10.763 11 57388.16138626 18.212
 277  87.983988  65.970821    12.186    10.802 11 57398.07702422 16.156
 278  87.981745  65.971417    11.104    11.054 11 57407.99266003 15.931
 279  87.980419  65.970075    10.978    10.904 12 57417.90831297 15.658
 280  87.980980  65.968994    10.748    10.857 12 57427.82396373 16.024
 281  87.979465  65.969764    10.958    11.039 12 57437.73961158 16.150
 282  87.984268  65.971619     9.726    10.115 11 57447.65525856 16.117
 283  87.981799  65.973366    10.404    10.683 10 57457.57090378 16.211
 284  87.983011  65.973061    10.865    10.843 10 57467.48654677 15.305
 285  87.984274  65.971039    17.809    18.088 11 57477.40218583 13.505
 286  87.980361  65.969292    18.676    18.015 11 57487.31782123 14.256
 287  87.981580  65.968921    41.641    41.585 11 57497.23345488 10.212
 288  87.981836  65.970315     6.013     6.062 11 57507.14909294 21.185
 289  87.983235  65.971075     9.880     9.523 11 57517.06474931 14.219
 290  87.981078  65.970716     9.566     9.438 12 57526.98040257 23.317
 291  87.979170  65.968758    14.398    14.214 11 57536.89605327 27.191
 292  87.980840  65.966936    21.187    19.598 12 57546.81170160 24.929
 293  87.976567  65.967143    14.156    14.316 12 57556.72734769 23.061
 294  87.980130  65.968893     6.895     6.950 11 57566.64299320 41.337
 295  87.979176  65.970810     5.011     5.041 11 57576.55863755 46.993
 296  87.983551  65.971133     8.044     8.292 11 57586.47428138 27.561
 297  87.981669  65.970413     5.038     4.195 12 57596.38992238 42.677
