-137194.068   117.661     0.00    6.26
-136906.939   118.487     2.88    6.40
-136619.829   119.291     2.80    6.27
-136332.738   119.338     0.16    5.89
-136045.665   119.952     2.14    5.12
-135758.611   120.375     1.47    4.15
-135471.576   120.560     0.64    4.10
-135184.560   120.301    -0.90    4.26
-134897.563   119.482    -2.86    4.28
-134610.584   118.930    -1.93    4.56
-134323.625   118.047    -3.08    4.54
-134036.684   118.208     0.56    4.50
-133749.762   118.074    -0.47    4.09
-133462.858   117.000    -3.75    3.66
-133175.974   115.882    -3.90    3.32
-132889.108   114.932    -3.31    3.31
-132602.261   113.843    -3.79    3.45
-132315.433   112.533    -4.57    3.64
-132028.623   111.001    -5.34    3.98
-131741.833   109.468    -5.35    3.72
-131455.061   108.109    -4.74    3.14
-131168.307   107.224    -3.09    2.71
-130881.573   106.924    -1.05    2.53
-130594.857   107.250     1.13    3.02
-130308.160   107.939     2.40    3.67
-130021.482   109.003     3.71    4.25
-129734.822   109.457     1.58    4.53
-129448.182   109.251    -0.72    5.14
-129161.560   108.760    -1.71    5.39
-128874.956   108.276    -1.69    5.25
-128588.372   107.759    -1.80    5.22
-128301.806   106.515    -4.34    4.67
-128015.258   105.129    -4.83    3.74
-127728.730   103.957    -4.09    3.22
-127442.220   103.140    -2.85    3.55
-127155.729   101.937    -4.20    3.30
-126869.257   100.717    -4.26    3.19
-126582.803    99.834    -3.08    3.55
-126296.368    99.211    -2.18    3.49
-126009.951    98.810    -1.40    3.21
-125723.554    98.810    -0.00    2.97
-125437.175    98.451    -1.25    2.52
-125150.814    98.360    -0.32    2.70
-124864.472    98.776     1.45    2.97
-124578.149    98.623    -0.54    3.04
-124291.845    99.151     1.84    3.71
-124005.559   100.500     4.71    4.70
-123719.292   101.843     4.69    5.58
-123433.043   103.078     4.32    5.73
-123146.813   104.648     5.48    5.39
-122860.602   105.630     3.43    4.74
-122574.410   107.096     5.12    3.72
-122288.236   107.962     3.03    3.18
-122002.080   108.960     3.49    3.39
-121715.943   109.677     2.51    3.09
-121429.825   109.777     0.35    2.94
-121143.726   109.422    -1.24    3.26
-120857.645   108.711    -2.49    3.55
-120571.582   108.334    -1.32    3.43
-120285.538   108.005    -1.15    3.11
-119999.513   108.513     1.78    3.46
-119713.506   109.568     3.69    4.57
-119427.518   111.045     5.16    5.02
-119141.549   112.381     4.67    4.58
-118855.598   113.182     2.80    4.01
-118569.666   113.636     1.59    3.72
-118283.752   113.922     1.00    3.53
-117997.857   114.210     1.01    3.03
-117711.980   114.102    -0.38    2.88
-117426.122   113.995    -0.38    2.95
-117140.282   113.936    -0.21    3.62
-116854.461   113.719    -0.76    3.80
-116568.659   112.827    -3.12    4.68
-116282.875   110.869    -6.85    6.20
-115997.109   109.126    -6.10    6.66
-115711.362   108.243    -3.09    7.34
-115425.634   107.418    -2.89    7.26
-115139.924   107.777     1.26    6.83
-114854.232   107.541    -0.82    6.37
-114568.559   107.801     0.91    5.26
-114282.905   108.104     1.06    4.19
-113997.269   107.556    -1.92    3.55
-113711.652   106.843    -2.50    4.21
-113426.053   105.600    -4.35    5.19
-113140.472   104.188    -4.94    5.33
-112854.910   103.049    -3.99    5.09
-112569.367   101.935    -3.90    4.10
-112283.842   100.961    -3.41    3.50
-111998.335   100.289    -2.35    3.45
-111712.847   100.205    -0.30    3.17
-111427.378   100.138    -0.24    3.20
-111141.926    99.531    -2.13    3.48
-110856.494    98.818    -2.50    3.42
-110571.079    98.039    -2.73    2.93
-110285.684    97.482    -1.95    2.75
-110000.306    97.510     0.10    3.10
-109714.947    98.276     2.69    3.50
-109429.607    99.235     3.36    4.37
-109144.285   100.326     3.83    4.82
-108858.981   101.335     3.54    4.85
-108573.696   102.650     4.61    4.60
-108288.429   103.541     3.12    4.03
-108003.180   104.378     2.93    3.28
-107717.950   104.656     0.98    3.00
-107432.739   103.318    -4.69    3.81
-107147.545   101.677    -5.75    4.75
-106862.371    99.716    -6.88    5.53
-106577.214    96.983    -9.58    6.22
-106292.076    94.091   -10.14    6.93
-106006.956    90.322   -13.22    7.63
-105721.855    86.196   -14.47    7.88
-105436.772    82.213   -13.97    8.27
-105151.707    77.930   -15.03    8.91
-104866.661    73.972   -13.88    8.77
-104581.633    70.498   -12.19    7.48
-104296.624    68.256    -7.87    5.98
-104011.633    66.853    -4.92    4.48
-103726.660    66.960     0.38    4.55
-103441.705    68.178     4.28    6.43
-103156.769    70.482     8.09    8.56
-102871.851    74.560    14.31   11.00
-102586.952    79.877    18.66   12.71
-102302.071    86.030    21.60   14.00
-102017.208    91.877    20.53   13.26
-101732.363    96.983    17.93   12.02
-101447.537   101.707    16.59   10.60
-101162.729   105.579    13.60    8.39
-100877.940   108.088     8.81    7.38
-100593.168   109.694     5.64    6.70
-100308.415   110.586     3.13    5.90
-100023.681   110.712     0.44    5.25
 -99738.964   110.614    -0.34    5.21
 -99452.658   110.051    -1.97    5.65
 -99163.883   109.185    -3.00    6.59
 -98875.128   107.932    -4.34    7.06
 -98586.393   107.579    -1.22    7.45
 -98297.677   106.505    -3.72    6.62
 -98008.981   105.868    -2.21    6.05
 -97720.305   104.406    -5.06    4.45
 -97431.648   102.691    -5.94    4.12
 -97143.011   100.605    -7.23    4.68
 -96854.393    98.769    -6.36    5.26
 -96565.795    97.064    -5.91    5.23
 -96277.216    95.345    -5.96    5.43
 -95988.657    93.907    -4.98    5.53
 -95700.118    92.039    -6.47    5.79
 -95411.598    90.132    -6.61    6.11
 -95123.098    88.284    -6.40    6.12
 -94834.617    86.360    -6.67    5.88
 -94546.156    83.951    -8.35    6.05
 -94257.714    80.869   -10.69    7.13
 -93969.292    79.024    -6.40    7.38
 -93680.890    77.810    -4.21    7.24
 -93392.507    77.331    -1.66    7.44
 -93104.143    77.366     0.12    7.63
 -92815.799    77.859     1.71    7.87
 -92527.475    78.777     3.19    9.02
 -92239.170    78.357    -1.46    9.12
 -91950.884    78.186    -0.59    9.61
 -91662.618    78.180    -0.02    9.41
 -91374.372    77.703    -1.66    9.17
 -91086.145    77.237    -1.62    8.94
 -90797.937    77.238     0.00    8.73
 -90509.750    77.264     0.09    8.94
 -90221.581    76.767    -1.72    8.81
 -89933.432    76.090    -2.35    8.56
 -89645.302    74.143    -6.76    7.76
 -89357.192    71.735    -8.36    7.33
 -89069.102    68.528   -11.13    7.21
 -88781.031    64.460   -14.12    8.69
 -88492.979    60.031   -15.38    9.53
 -88204.947    55.289   -16.46   10.25
 -87916.934    50.732   -15.82    9.57
 -87628.940    47.558   -11.02    7.75
 -87340.966    46.576    -3.41    6.82
 -87053.012    48.297     5.98    9.90
 -86765.077    53.306    17.40   14.07
 -86477.161    59.876    22.82   16.61
 -86189.265    66.003    21.28   15.49
 -85901.388    69.885    13.49   12.26
 -85613.530    70.566     2.36   11.01
 -85325.692    68.264    -8.00   12.16
 -85037.874    64.232   -14.01   12.74
 -84750.075    59.403   -16.78   10.85
 -84462.295    55.752   -12.69    6.68
 -84174.534    54.562    -4.14    4.21
 -83886.793    55.103     1.88    4.12
 -83599.071    56.742     5.70    4.39
 -83311.369    58.334     5.53    4.10
 -83023.686    59.701     4.75    3.86
 -82736.022    61.103     4.87    3.52
 -82448.378    62.226     3.91    3.04
 -82160.753    63.376     4.00    2.90
 -81873.147    65.026     5.73    3.00
 -81585.561    67.314     7.96    4.43
 -81297.994    70.045     9.50    6.05
 -81010.447    73.633    12.48    7.74
 -80722.918    77.243    12.55    8.32
 -80435.410    79.852     9.08    7.61
 -80147.920    81.843     6.92    6.71
 -79860.450    83.007     4.05    5.72
 -79572.999    82.995    -0.04    4.52
 -79285.567    83.162     0.58    4.21
 -78998.155    82.761    -1.40    3.48
 -78710.762    82.534    -0.79    3.27
 -78423.388    82.633     0.35    3.36
 -78136.033    82.835     0.70    2.99
 -77848.698    83.185     1.22    2.97
 -77561.382    83.412     0.79    2.65
 -77274.086    84.132     2.51    2.94
 -76986.808    85.035     3.14    2.89
 -76699.550    86.391     4.72    2.72
 -76412.311    87.528     3.96    2.31
 -76125.092    88.157     2.19    2.01
 -75837.891    88.657     1.74    1.82
 -75550.710    88.971     1.09    1.82
 -75263.548    88.869    -0.36    2.15
 -74976.406    88.451    -1.45    2.43
 -74689.282    87.852    -2.09    2.80
 -74402.178    87.598    -0.88    2.76
 -74115.093    87.400    -0.69    2.80
 -73828.027    87.520     0.42    2.67
 -73540.981    87.982     1.61    2.57
 -73253.954    88.326     1.20    2.70
 -72966.946    88.695     1.29    2.67
 -72679.957    89.378     2.38    3.36
 -72392.987    90.160     2.73    3.48
 -72106.037    90.676     1.80    3.32
 -71819.105    91.028     1.23    3.29
 -71532.193    91.642     2.14    3.09
 -71245.300    92.064     1.47    2.99
 -70958.426    92.099     0.12    2.96
 -70671.572    91.620    -1.67    2.65
 -70384.736    91.442    -0.62    2.40
 -70097.920    91.575     0.46    2.54
 -69811.123    91.718     0.50    2.88
 -69524.345    91.759     0.14    3.07
 -69237.586    91.281    -1.67    3.40
 -68950.847    90.843    -1.53    3.45
 -68664.126    90.408    -1.52    3.52
 -68377.425    89.569    -2.93    3.25
 -68090.743    88.834    -2.56    2.97
 -67804.079    88.260    -2.00    2.69
 -67517.435    87.965    -1.03    2.51
 -67230.811    87.860    -0.37    2.48
 -66944.205    88.301     1.54    2.37
 -66657.618    88.827     1.83    2.50
 -66371.051    88.590    -0.83    2.85
 -66084.502    88.193    -1.38    3.10
 -65797.973    87.251    -3.29    3.67
 -65511.463    86.191    -3.70    4.52
 -65224.971    84.776    -4.94    4.97
 -64938.499    83.239    -5.36    4.63
 -64652.046    82.335    -3.16    4.12
 -64365.612    82.648     1.09    4.02
 -64079.197    83.285     2.22    4.03
 -63792.802    84.049     2.67    3.57
 -63506.425    85.083     3.61    3.26
 -63220.067    86.217     3.96    2.94
 -62933.728    87.380     4.06    3.01
 -62647.409    88.369     3.46    3.09
 -62361.108    89.112     2.59    3.23
 -62074.827    89.138     0.09    3.38
 -61788.564    88.760    -1.32    3.74
 -61502.321    88.488    -0.95    3.85
 -61216.096    87.853    -2.22    3.59
 -60929.891    86.736    -3.90    3.71
 -60643.705    85.530    -4.21    4.36
 -60357.537    83.768    -6.16    5.33
 -60071.389    81.886    -6.57    5.97
 -59785.259    80.154    -6.05    5.84
 -59499.149    78.207    -6.81    4.79
 -59213.058    76.129    -7.26    3.78
 -58926.985    75.135    -3.48    2.97
 -58640.932    74.818    -1.11    2.50
 -58354.897    75.000     0.63    2.37
 -58068.882    75.426     1.49    2.66
 -57782.886    75.967     1.89    3.04
 -57496.908    76.639     2.35    3.29
 -57210.949    77.272     2.21    3.68
 -56925.010    77.140    -0.46    3.98
 -56639.089    75.992    -4.02    4.88
 -56353.188    74.439    -5.43    5.81
 -56067.305    72.523    -6.70    5.75
 -55781.441    70.257    -7.93    5.24
 -55495.596    68.348    -6.68    5.00
 -55209.770    66.195    -7.54    4.52
 -54923.963    64.785    -4.93    4.06
 -54638.175    63.491    -4.53    3.78
 -54352.406    62.741    -2.62    3.80
 -54066.656    61.373    -4.79    4.16
 -53780.924    59.793    -5.53    5.20
 -53495.212    58.348    -5.06    5.75
 -53209.518    57.103    -4.36    5.80
 -52923.844    55.993    -3.89    5.74
 -52638.188    55.759    -0.82    5.81
 -52352.551    56.205     1.56    6.67
 -52066.933    57.600     4.88    7.48
 -51781.334    59.129     5.36    7.84
 -51495.754    60.422     4.53    7.45
 -51210.192    61.007     2.05    6.64
 -50924.650    61.039     0.11    5.86
 -50639.126    60.235    -2.82    5.05
 -50353.622    58.758    -5.17    4.14
 -50068.136    57.072    -5.91    4.53
 -49782.669    55.430    -5.75    4.77
 -49497.220    54.198    -4.32    4.39
 -49211.791    52.656    -5.40    4.78
 -48926.380    51.385    -4.45    5.28
 -48640.989    49.468    -6.72    5.57
 -48355.616    47.224    -7.86    5.38
 -48070.262    44.951    -7.96    5.67
 -47784.927    42.793    -7.56    5.81
 -47499.610    40.742    -7.19    5.57
 -47214.313    39.160    -5.54    4.34
 -46929.034    38.653    -1.78    3.58
 -46643.774    38.383    -0.95    3.50
 -46358.533    38.479     0.34    3.56
 -46073.310    38.666     0.65    3.56
 -45788.107    38.961     1.04    3.54
 -45502.922    39.366     1.42    3.71
 -45217.756    39.543     0.62    3.60
 -44932.608    39.777     0.82    3.57
 -44647.480    39.543    -0.82    3.27
 -44362.370    39.485    -0.20    2.85
 -44077.279    39.701     0.76    2.66
 -43792.207    39.215    -1.71    3.10
 -43507.153    38.240    -3.42    4.24
 -43222.119    36.676    -5.49    4.58
 -42937.103    35.468    -4.24    4.49
 -42652.105    34.913    -1.95    4.24
 -42367.127    34.327    -2.05    4.22
 -42082.167    33.898    -1.51    3.98
 -41797.226    33.711    -0.66    4.17
 -41512.304    33.741     0.10    4.04
 -41227.400    33.768     0.09    4.08
 -40942.515    33.322    -1.57    3.84
 -40657.649    32.758    -1.98    3.00
 -40372.802    32.571    -0.66    2.28
 -40087.973    32.380    -0.67    2.04
 -39803.163    32.201    -0.63    2.03
 -39518.371    31.819    -1.34    1.94
 -39233.599    31.437    -1.34    2.41
 -38948.845    31.068    -1.30    2.60
 -38664.109    30.500    -2.00    2.74
 -38379.393    29.793    -2.48    2.80
 -38094.695    28.910    -3.10    2.50
 -37810.016    28.412    -1.75    2.32
 -37523.137    28.010    -1.40    2.22
 -37234.321    27.408    -2.08    2.09
 -36945.525    26.620    -2.73    2.53
 -36656.749    26.095    -1.82    3.00
 -36367.992    25.378    -2.48    3.17
 -36079.256    25.318    -0.21    3.95
 -35790.540    24.726    -2.05    4.75
 -35501.844    24.508    -0.75    5.03
 -35213.167    23.844    -2.30    5.25
 -34924.511    23.318    -1.82    5.27
 -34635.875    22.306    -3.51    4.69
 -34347.259    21.155    -3.99    3.87
 -34058.662    20.301    -2.96    3.04
 -33770.086    19.942    -1.25    2.53
 -33481.529    19.626    -1.09    2.36
 -33192.993    19.672     0.16    2.43
 -32904.476    20.007     1.16    2.53
 -32615.979    20.236     0.79    2.62
 -32327.503    19.949    -0.99    2.78
 -32039.046    19.896    -0.18    2.96
 -31750.609    20.590     2.40    3.24
 -31462.192    21.351     2.64    3.41
 -31173.795    22.112     2.64    3.38
 -30885.418    22.353     0.84    3.23
 -30597.061    22.701     1.21    3.04
 -30308.723    23.025     1.12    3.12
 -30020.406    22.961    -0.22    3.52
 -29732.108    23.284     1.12    4.10
 -29443.830    24.423     3.95    4.76
 -29155.573    25.601     4.09    5.02
 -28867.335    26.922     4.58    4.39
 -28579.117    28.689     6.13    3.04
 -28290.918    30.026     4.64    2.94
 -28002.740    30.869     2.92    2.85
 -27714.582    30.776    -0.32    3.07
 -27426.443    30.491    -0.99    3.67
 -27138.324    30.138    -1.23    4.02
 -26850.225    29.400    -2.56    4.44
 -26562.146    27.887    -5.25    4.36
 -26274.087    26.715    -4.07    3.54
 -25986.047    25.851    -3.00    2.57
 -25698.027    25.759    -0.32    2.64
 -25410.028    26.039     0.97    3.39
 -25122.048    26.301     0.91    3.73
 -24834.087    26.330     0.10    4.15
 -24546.147    26.191    -0.48    4.34
 -24258.226    26.288     0.34    4.42
 -23970.326    26.633     1.20    4.50
 -23682.444    27.401     2.67    4.54
 -23394.583    28.258     2.98    4.55
 -23106.742    30.071     6.30    4.27
 -22818.920    32.051     6.88    3.55
 -22531.118    33.446     4.85    3.39
 -22243.336    34.310     3.00    3.08
 -21955.573    34.500     0.66    3.07
 -21667.831    34.496    -0.01    3.10
 -21380.108    34.135    -1.25    3.28
 -21092.405    33.784    -1.22    3.22
 -20804.721    33.246    -1.87    3.00
 -20517.058    32.719    -1.83    2.37
 -20229.414    32.132    -2.04    2.67
 -19941.789    31.258    -3.04    3.35
 -19654.185    30.318    -3.27    3.94
 -19366.600    29.693    -2.17    4.56
 -19079.035    29.064    -2.19    4.98
 -18791.490    28.431    -2.20    5.03
 -18503.964    27.460    -3.38    5.06
 -18216.458    26.471    -3.44    5.37
 -17928.972    25.672    -2.78    5.59
 -17641.505    25.232    -1.53    5.29
 -17354.058    23.454    -6.19    5.11
 -17066.631    22.388    -3.71    4.59
 -16779.223    21.388    -3.48    3.99
 -16491.836    20.628    -2.64    3.64
 -16204.467    20.438    -0.66    3.39
 -15917.119    19.751    -2.39    3.31
 -15629.790    19.380    -1.29    3.10
 -15342.481    19.024    -1.24    2.69
 -15055.191    18.911    -0.39    2.63
 -14767.921    18.649    -0.91    2.65
 -14480.671    18.012    -2.22    3.20
 -14193.440    16.386    -5.66    4.07
 -13906.229    15.210    -4.10    4.28
 -13619.038    14.474    -2.56    4.08
 -13331.866    13.639    -2.91    4.04
 -13044.713    13.068    -1.99    3.52
 -12757.581    13.047    -0.07    3.24
 -12470.468    13.028    -0.07    2.94
 -12183.375    13.367     1.18    2.57
 -11896.301    13.590     0.78    2.30
 -11609.247    13.293    -1.03    2.59
 -11322.212    12.887    -1.41    2.90
 -11035.197    13.181     1.02    3.38
 -10748.201    13.115    -0.23    3.56
 -10461.226    12.682    -1.51    3.91
 -10174.269    12.410    -0.95    3.67
  -9887.332    12.630     0.77    3.77
  -9600.415    13.008     1.32    4.10
  -9313.518    13.982     3.40    4.73
  -9026.640    15.622     5.71    5.70
  -8739.781    17.683     7.18    6.31
  -8452.942    19.098     4.93    5.42
  -8166.123    19.967     3.03    4.62
  -7879.323    19.723    -0.85    4.41
  -7592.542    19.573    -0.52    3.84
  -7305.781    19.054    -1.81    3.13
  -7019.040    18.861    -0.67    2.68
  -6732.318    18.327    -1.86    2.87
  -6445.616    17.718    -2.12    3.23
  -6158.933    16.861    -2.99    3.68
  -5872.270    16.056    -2.81    3.39
  -5585.626    16.123     0.24    3.23
  -5299.001    15.978    -0.51    3.14
  -5012.396    16.149     0.60    3.21
  -4725.811    16.629     1.67    3.10
  -4439.245    17.126     1.74    3.06
  -4152.699    18.112     3.44    3.04
  -3866.172    18.767     2.28    3.38
  -3579.664    19.724     3.34    3.84
  -3293.176    20.869     4.00    5.01
  -3006.707    22.902     7.10    7.20
  -2720.258    25.091     7.64    8.27
  -2433.829    27.412     8.10    8.01
  -2147.418    29.650     7.82    8.51
  -1861.027    32.666    10.53    8.20
  -1574.656    32.556    -0.38   10.23
  -1288.304    29.104   -12.05   14.29
  -1001.971    24.418   -16.37   17.56
   -715.658    19.080   -18.65   18.98
   -429.365    11.601   -26.12   17.14
   -143.090     6.099   -19.22   13.24
    143.165     1.182   -17.18    5.86
    429.400     0.428    -2.63    2.50
    715.616     2.301     6.55    5.35
   1001.813     4.496     7.67    7.19
   1287.991     7.701    11.20    9.38
   1574.149    11.091    11.84   10.12
   1860.287    14.995    13.64    9.98
   2146.406    18.751    13.13    9.32
   2432.506    22.369    12.65    8.38
   2718.587    25.749    11.81    6.90
   3004.648    27.093     4.70    6.13
   3290.690    27.909     2.85    5.86
   3576.712    29.517     5.62    6.30
   3862.715    31.741     7.77    6.92
   4148.699    34.149     8.42    7.56
   4434.664    36.684     8.87    7.82
   4720.609    39.819    10.96    7.53
   5006.535    42.225     8.42    6.54
   5292.441    42.860     2.22    5.68
   5578.328    41.962    -3.14    6.41
   5864.196    40.810    -4.03    7.51
   6150.045    39.558    -4.38    8.44
   6435.874    38.545    -3.54    8.13
   6721.684    37.506    -3.64    7.57
   7007.474    34.558   -10.31    7.94
   7293.246    31.992    -8.98   10.76
   7578.998    29.953    -7.13   12.09
   7864.731    27.784    -7.59   12.97
   8150.444    24.888   -10.13   12.98
   8436.138    24.160    -2.55   12.43
   8721.813    23.070    -3.81   12.03
   9007.469    23.323     0.89   11.25
   9293.105    24.970     5.76   10.87
   9578.723    26.001     3.61   10.34
   9864.321    27.871     6.55    9.22
  10149.899    29.358     5.21    9.12
  10435.459    30.735     4.82    9.24
  10720.999    31.388     2.29    9.29
  11006.520    32.636     4.37    8.18
  11292.022    32.549    -0.30    9.92
  11577.504    33.385     2.93   10.37
  11862.968    33.768     1.34   11.22
  12148.412    34.240     1.66   10.56
  12433.837    33.717    -1.83   10.54
  12719.243    34.176     1.61    9.62
  13004.629    34.731     1.94    7.86
  13289.996    34.117    -2.15    5.98
  13575.345    34.388     0.95    5.99
  13860.674    34.543     0.54    6.43
  14145.983    34.854     1.09    6.31
  14431.274    35.372     1.81    6.20
  14716.545    35.785     1.45    6.05
  15001.798    36.276     1.72    6.63
  15287.031    37.845     5.50    7.99
  15572.245    39.047     4.21    9.79
  15857.439    41.335     8.02   12.38
  16142.615    44.375    10.66   14.50
  16427.772    45.567     4.18   14.86
  16712.909    46.835     4.45   15.36
  16998.027    47.576     2.60   15.74
  17283.126    45.810    -6.20   17.75
  17568.206    40.620   -18.20   18.33
  17853.267    37.818    -9.83   20.20
  18138.309    34.801   -10.58   18.54
  18423.331    32.266    -8.89   17.64
  18708.335    30.237    -7.12   18.04
  18993.319    29.432    -2.83   18.73
  19278.284    33.610    14.66   20.66
  19563.231    36.267     9.32   25.18
  19848.158    38.293     7.11   29.90
  20133.066    42.068    13.25   35.26
  20417.955    45.508    12.08   39.35
  20702.824    47.106     5.61   41.21
  20987.675    49.093     6.98   42.60
  21272.507    48.140    -3.34   41.31
  21557.320    46.601    -5.40   38.39
  21842.113    45.878    -2.54   36.70
  22126.888    47.217     4.70   35.29
  22411.643    50.245    10.63   35.06
  22696.380    55.367    17.99   36.90
  22981.097    64.547    32.24   39.39
  23265.795    75.996    40.21   40.70
  23550.475    87.186    39.31   42.16
  23835.135    95.228    28.25   38.81
  24119.776   101.297    21.32   35.25
  24407.256   104.750    12.01   32.74
  24696.124   105.751     3.47   30.47
  24984.971   105.793     0.14   27.73
  25273.798   103.669    -7.35   25.57
  25562.604    97.725   -20.58   25.21
  25851.390    89.306   -29.15   25.29
  26140.156    83.923   -18.64   24.21
  26428.901    79.776   -14.36   23.62
  26717.626    75.844   -13.62   22.48
  27006.331    73.500    -8.12   21.50
  27295.015    76.410    10.08   23.54
  27583.679    86.369    34.50   24.49
  27872.323    98.348    41.50   20.86
  28160.946   107.853    32.93   18.59
  28449.550   115.384    26.09   19.11
  28738.132   121.446    21.00   21.67
  29026.695   128.633    24.91   24.40
  29315.237   136.512    27.30   25.05
  29603.759   143.560    24.43   25.87
  29892.260   147.667    14.24   23.92
  30180.742   147.085    -2.02   22.75
  30469.203   140.030   -24.46   27.34
  30757.643   124.363   -54.31   36.25
  31046.064   109.660   -50.98   39.57
  31334.464    97.876   -40.86   35.45
  31622.844    92.801   -17.60   31.36
  31911.203    90.584    -7.69   31.46
  32199.543    95.810    18.12   35.56
  32487.862   106.501    37.08   36.72
  32776.161   117.593    38.47   32.54
  33064.440   120.654    10.62   30.74
  33352.698   119.650    -3.48   32.45
  33640.936   113.460   -21.48   34.60
  33929.154   106.069   -25.64   34.21
  34217.352    94.051   -41.70   29.97
  34505.530    90.870   -11.04   25.20
  34793.687    89.760    -3.85   21.05
  35081.824    90.982     4.24   22.04
  35369.941    98.603    26.45   28.42
  35658.038   106.482    27.35   31.75
  35946.114   116.717    35.53   33.73
  36234.171   129.871    45.66   34.57
  36522.207   139.179    32.31   35.55
  36810.223   145.157    20.76   35.95
  37098.219   149.485    15.03   35.45
  37386.195   156.056    22.82   32.35
  37674.150   156.828     2.68   34.89
  37962.085   157.079     0.87   36.00
  38250.001   157.793     2.48   35.61
  38537.896   159.984     7.61   35.73
  38825.771   163.767    13.14   33.19
  39113.626   163.861     0.33   35.69
  39401.460   164.970     3.85   38.22
  39689.275   165.549     2.01   38.42
  39977.069   162.948    -9.04   38.31
  40264.844   159.502   -11.97   38.85
  40552.598   155.692   -13.24   39.85
  40840.332   152.175   -12.22   38.96
  41128.046   146.189   -20.80   35.21
  41415.740   136.408   -34.00   30.62
  41703.414   128.818   -26.38   26.31
  41991.067   125.784   -10.55   22.75
  42278.701   129.327    12.32   22.91
  42566.315   136.827    26.08   26.47
  42853.908   145.877    31.47   30.18
  43141.481   154.293    29.26   27.80
  43429.035   162.863    29.80   25.01
  43716.568   169.412    22.78   22.57
  44004.081   172.045     9.16   20.97
  44291.575   171.636    -1.42   19.91
  44579.048   167.065   -15.90   22.50
  44866.501   154.378   -44.13   32.20
  45153.934   141.062   -46.33   38.94
  45441.347   129.939   -38.70   38.08
  45728.740   122.319   -26.51   33.95
  46016.113   122.482     0.57   31.78
  46303.466   127.573    17.71   36.60
  46590.799   141.246    47.59   40.79
  46878.112   158.112    58.70   38.18
  47165.405   174.423    56.78   33.13
  47452.678   188.954    50.58   29.88
  47739.931   198.224    32.27   26.21
  48027.164   203.187    17.28   21.17
  48314.377   201.581    -5.59   23.54
  48601.570   193.869   -26.85   32.68
  48888.743   178.923   -52.04   41.34
  49175.896   157.758   -73.71   48.45
  49463.029   138.104   -68.45   53.40
  49750.143   118.902   -66.88   52.89
  50037.236   108.414   -36.53   48.16
  50324.309   107.126    -4.48   45.14
  50611.363   113.836    23.37   53.92
  50898.396   132.247    64.14   65.06
  51185.410   154.323    76.92   70.55
  51472.403   180.341    90.65   60.30
  51759.377   201.336    73.16   38.26
  52046.330   212.978    40.57   27.89
  52333.264   219.108    21.37   28.22
  52620.178   214.888   -14.71   36.08
  52907.072   204.049   -37.78   40.12
  53193.946   196.234   -27.24   38.72
  53480.800   192.010   -14.72   35.49
  53767.635   191.828    -0.64   30.16
  54054.449   197.037    18.16   27.05
  54341.244   201.675    16.17   25.40
  54628.018   207.073    18.82   23.87
  54914.773   213.801    23.46   19.83
  55201.508   220.920    24.83   19.55
  55488.223   227.533    23.06   22.22
  55774.918   235.958    29.39   27.97
  56061.594   245.610    33.67   29.38
  56348.249   254.655    31.55   25.23
  56634.885   259.576    17.17   21.04
  56921.501   258.019    -5.43   23.08
  57208.097   250.161   -27.42   28.66
  57494.673   236.971   -46.03   34.45
  57781.229   218.650   -63.93   37.62
  58067.766   200.644   -62.84   35.04
  58354.282   185.810   -51.77   28.01
  58640.779   179.376   -22.46   21.19
  58927.256   178.217    -4.05   21.02
  59213.714   185.030    23.78   30.17
  59500.151   200.506    54.03   39.91
  59786.569   219.623    66.75   46.28
  60072.967   236.485    58.87   48.52
  60359.345   248.280    41.18   47.32
  60645.703   258.556    35.88   46.98
  60932.042   260.734     7.61   48.17
  61218.361   259.554    -4.12   48.42
  61504.660   255.967   -12.53   45.92
  61790.939   253.341    -9.17   42.17
  62077.199   253.369     0.10   40.07
  62363.439   256.457    10.79   41.35
  62649.659   261.582    17.91   42.17
  62935.859   272.337    37.58   42.43
  63222.040   276.191    13.47   43.78
  63508.200   280.225    14.10   41.57
  63794.342   280.670     1.55   38.61
  64080.463   281.600     3.25   34.14
  64366.565   280.937    -2.32   28.04
  64652.647   285.516    16.00   25.05
  64938.709   293.486    27.86   27.84
  65224.751   301.628    28.46   27.81
  65510.774   306.323    16.42   24.43
  65796.778   306.357     0.12   23.91
  66082.761   300.880   -19.15   30.45
  66368.725   290.913   -34.86   36.96
  66654.669   277.213   -47.91   39.22
  66940.594   261.556   -54.76   36.66
  67226.498   245.451   -56.33   28.98
  67512.383   239.186   -21.91   23.32
  67798.249   237.711    -5.16   24.00
  68084.095   242.819    17.87   32.16
  68369.921   251.332    29.78   40.08
  68655.728   261.836    36.75   43.16
  68941.514   269.726    27.61   40.63
  69227.282   272.870    11.00   37.28
  69513.029   265.363   -26.27   39.81
  69798.757   249.903   -54.10   51.75
  70084.466   228.852   -73.68   55.19
  70370.154   212.240   -58.15   51.83
  70655.824   192.863   -67.83   44.05
  70941.473   184.254   -30.14   38.61
  71227.103   179.001   -18.39   32.79
  71512.713   173.436   -19.48   29.53
  71798.304   172.196    -4.34   28.29
  72083.875   171.946    -0.88   27.68
  72369.427   171.558    -1.36   26.10
  72654.959   170.161    -4.89   25.07
  72940.471   171.065     3.16   25.22
  73225.964   171.784     2.52   25.13
  73511.437   170.793    -3.47   24.04
  73796.891   170.862     0.24   22.96
  74082.325   169.942    -3.22   21.33
  74367.740   168.446    -5.24   20.70
  74653.135   169.904     5.11   21.10
  74938.510   173.349    12.07   23.49
  75223.866   182.071    30.56   25.90
  75509.203   190.860    30.80   26.15
  75794.520   198.776    27.74   24.08
  76079.817   203.705    17.28   20.81
  76365.095   205.010     4.57   18.10
  76650.353   202.914    -7.35   18.05
  76935.592   197.551   -18.80   19.97
  77220.812   194.872    -9.40   19.88
  77506.011   190.819   -14.21   17.78
  77791.192   187.607   -11.26   15.27
  78076.353   188.879     4.46   16.84
  78361.494   192.161    11.51   19.19
  78646.616   194.793     9.23   22.91
  78931.718   197.623     9.93   24.07
  79216.801   197.558    -0.23   24.69
  79501.865   198.386     2.90   22.77
  79786.909   198.613     0.80   21.16
  80071.933   199.623     3.54   18.99
  80356.938   203.898    15.00   18.22
  80641.924   210.228    22.21   20.37
  80926.890   217.152    24.30   22.80
  81211.837   223.835    23.45   22.05
  81496.764   229.678    20.50   22.83
  81781.672   238.547    31.13   23.37
  82066.560   248.666    35.52   22.57
  82351.429   254.013    18.77   21.93
  82636.279   258.152    14.53   21.40
  82921.109   260.021     6.56   18.92
  83205.920   261.112     3.83   17.86
  83490.711   257.366   -13.16   18.28
  83775.483   251.951   -19.01   16.49
  84060.236   248.862   -10.84   15.12
  84344.969   249.166     1.07   15.28
  84629.683   254.310    18.07   18.49
  84914.377   260.108    20.37   19.53
  85199.052   263.913    13.36   17.97
  85483.708   266.454     8.93   16.51
  85768.344   267.656     4.22   16.07
  86052.961   264.396   -11.45   17.91
  86341.113   257.750   -23.06   20.04
  86630.011   248.992   -30.32   20.17
  86918.889   240.793   -28.38   20.74
  87207.746   234.275   -22.56   19.56
  87496.582   228.624   -19.56   18.22
  87785.397   227.852    -2.67   20.46
  88074.192   228.013     0.56   23.47
  88362.966   227.819    -0.67   24.16
  88651.719   221.907   -20.47   26.46
  88940.452   215.126   -23.48   31.84
  89229.164   208.528   -22.85   33.81
  89517.855   203.923   -15.95   32.87
  89806.525   199.486   -15.37   28.57
  90095.175   199.793     1.06   27.06
  90383.805   202.284     8.63   28.28
  90672.413   208.725    22.31   26.94
  90961.001   214.968    21.63   22.86
  91249.569   217.722     9.54   21.21
  91538.115   221.979    14.75   21.42
  91826.641   226.246    14.79   23.04
  92115.147   232.492    21.65   22.63
  92403.632   239.451    24.12   22.47
  92692.096   246.674    25.04   22.86
  92980.540   252.039    18.60   23.82
  93268.963   255.757    12.89   24.18
  93557.365   256.907     3.99   21.63
  93845.747   256.903    -0.01   20.25
  94134.108   254.948    -6.78   19.21
  94422.449   248.353   -22.87   19.35
  94710.769   244.451   -13.53   18.56
  94999.068   245.149     2.42   21.89
  95287.347   248.861    12.87   26.66
  95575.606   252.098    11.23   29.81
  95863.843   255.845    13.00   31.31
  96152.061   263.056    25.02   29.18
  96440.257   266.750    12.82   29.05
  96728.434   263.386   -11.67   32.29
  97016.589   252.468   -37.89   36.52
  97304.724   235.459   -59.03   37.78
  97592.839   219.530   -55.28   40.14
  97880.933   205.506   -48.68   38.47
  98169.006   193.224   -42.63   37.71
  98457.059   178.407   -51.44   47.84
  98745.092   162.871   -53.93   54.59
  99033.104   152.681   -35.38   52.61
  99321.095   144.920   -26.95   47.36
  99609.066   139.915   -17.38   40.62
  99897.017   146.872    24.16   41.55
 100184.947   161.208    49.79   43.36
 100472.857   182.707    74.67   38.81
 100760.746   202.021    67.08   41.29
 101048.614   218.958    58.83   47.69
 101336.462   243.429    85.01   54.41
 101624.290   267.827    84.76   52.81
 101912.097   285.503    61.41   45.19
 102199.884   296.407    37.89   38.43
 102487.650   298.793     8.29   41.15
 102775.396   298.690    -0.36   47.74
 103063.122   297.683    -3.50   53.35
 103350.827   298.793     3.86   56.27
 103638.512   308.301    33.05   57.67
 103926.176   315.383    24.61   57.85
 104213.820   325.229    34.23   48.08
 104501.443   329.554    15.04   39.37
 104789.046   327.610    -6.76   38.52
 105076.628   325.468    -7.45   36.06
 105364.191   324.323    -3.98   32.84
 105651.732   326.293     6.85   28.80
 105939.254   334.915    29.99   26.70
 106226.755   347.189    42.69   27.72
 106514.236   361.725    50.56   29.31
 106801.696   374.462    44.31   30.57
 107089.136   386.635    42.35   29.59
 107376.555   394.103    25.98   27.67
 107663.955   397.474    11.73   27.14
 107951.333   399.914     8.49   27.73
 108238.692   403.512    12.52   29.52
 108526.030   403.132    -1.32   34.06
 108813.348   399.734   -11.82   38.13
 109100.646   395.622   -14.31   41.14
 109387.923   384.372   -39.16   44.68
 109675.180   369.740   -50.93   42.45
 109962.416   356.369   -46.55   41.45
 110249.632   342.691   -47.62   34.03
 110536.828   334.380   -28.94   29.92
 110824.004   329.170   -18.14   28.43
 111111.159   326.508    -9.27   29.44
 111398.294   324.420    -7.27   30.17
 111685.409   325.266     2.95   30.39
 111972.504   318.108   -24.93   38.85
 112259.578   308.471   -33.57   43.45
 112546.632   299.613   -30.85   46.06
 112833.666   287.060   -43.73   41.44
 113120.679   280.608   -22.48   39.68
 113407.672   289.801    32.03   47.93
 113694.645   304.010    49.51   52.35
 113981.598   316.353    43.01   46.95
 114268.530   323.925    26.39   40.57
 114555.442   323.899    -0.09   40.59
 114842.334   320.075   -13.33   42.88
 115129.206   305.715   -50.05   43.33
 115416.058   285.819   -69.36   40.01
 115702.889   268.970   -58.74   36.75
 115989.700   261.060   -27.58   35.29
 116276.491   261.186     0.44   35.26
 116563.262   267.465    21.89   38.14
 116850.012   282.757    53.33   50.43
 117136.742   302.776    69.81   57.81
 117423.453   320.877    63.13   47.79
 117710.142   329.610    30.46   37.58
 117996.812   326.319   -11.48   38.20
 118283.462   320.532   -20.19   38.39
 118570.091   319.451    -3.77   37.59
 118856.700   316.236   -11.22   36.14
 119143.290   316.951     2.49   34.07
 119429.858   316.401    -1.92   33.84
 119716.407   316.671     0.94   30.91
 120002.936   311.092   -19.47   32.71
 120289.444   298.082   -45.41   40.94
 120575.933   282.828   -53.24   43.03
 120862.401   268.454   -50.17   38.76
 121148.849   259.750   -30.38   33.54
 121435.277   254.749   -17.46   27.94
 121721.685   252.465    -7.97   23.85
 122008.073   249.674    -9.74   21.17
 122294.440   249.195    -1.68   20.60
 122580.788   246.182   -10.52   18.87
 122867.116   249.073    10.10   18.34
 123153.423   252.045    10.38   23.23
 123439.710   259.477    25.96   31.81
 123725.977   269.191    33.93   38.91
 124012.225   286.582    60.75   43.41
 124298.452   297.938    39.67   41.63
 124584.659   311.028    45.73   37.74
 124870.846   324.367    46.60   35.39
 125157.013   332.364    27.94   32.64
 125443.159   336.502    14.46   30.00
 125729.286   340.049    12.40   26.03
 126015.393   343.549    12.23   22.47
 126301.480   346.108     8.94   21.44
 126587.546   342.705   -11.90   25.49
 126873.593   336.362   -22.17   28.25
 127159.620   327.964   -29.36   28.69
 127445.626   318.205   -34.12   28.19
 127731.613   309.589   -30.12   28.88
 128017.579   300.056   -33.33   31.53
 128303.526   288.801   -39.35   32.61
 128589.453   276.451   -43.19   34.30
 128875.359   270.306   -21.49   34.82
 129161.246   269.496    -2.83   36.97
 129447.112   267.420    -7.26   38.89
 129732.959   265.270    -7.52   39.38
 130018.786   258.881   -22.35   39.60
 130304.593   253.254   -19.69   37.20
 130590.379   249.732   -12.32   34.53
 130876.146   244.678   -17.69   33.31
 131161.893   238.978   -19.94   33.68
 131447.620   234.485   -15.72   33.20
 131733.327   233.979    -1.77   35.61
 132019.014   236.065     7.30   36.74
 132304.681   235.150    -3.20   38.09
 132590.328   230.414   -16.58   38.37
 132875.955   221.870   -29.91   41.48
 133161.562   209.293   -44.04   45.07
 133447.150   197.918   -39.83   46.50
 133732.717   192.141   -20.23   46.21
 134018.265   185.367   -23.72   42.02
 134303.792   185.236    -0.46   37.79
 134589.300   188.889    12.79   36.32
 134874.788   195.878    24.48   39.33
 135160.256   212.256    57.37   47.90
 135445.704   238.577    92.20   56.59
 135731.132   261.547    80.47   60.33
 136016.540   282.659    73.96   59.73
 136301.929   293.211    36.97   53.01
 136587.297   297.955    16.62   49.85
 136872.646   292.996   -17.38   45.87
