-176560.876    75.200     0.00    2.03
-176273.662    75.985     2.73    3.46
-175989.187    77.885     6.68    6.93
-175704.692    81.277    11.92   10.24
-175420.176    85.984    16.54   12.32
-175135.639    90.734    16.69   12.61
-174851.081    95.360    16.26   11.21
-174566.503    98.662    11.60    8.97
-174281.904   100.707     7.19    5.66
-173997.284   101.709     3.52    2.76
-173712.644   101.743     0.12    2.28
-173427.982   101.149    -2.09    2.13
-173143.301   100.398    -2.64    2.04
-172858.598    99.511    -3.12    2.24
-172573.875    98.702    -2.84    2.24
-172289.131    97.877    -2.90    2.23
-172004.366    97.041    -2.94    2.26
-171719.581    96.097    -3.31    2.13
-171434.775    95.543    -1.95    2.29
-171149.948    95.154    -1.37    2.50
-170865.100    94.734    -1.47    2.73
-170580.232    94.155    -2.03    2.82
-170295.343    93.674    -1.69    2.66
-170010.433    92.894    -2.73    2.64
-169725.502    92.029    -3.04    2.51
-169440.551    91.084    -3.32    2.49
-169155.579    90.112    -3.41    2.36
-168870.586    89.051    -3.72    2.29
-168585.572    88.005    -3.67    2.09
-168300.537    87.080    -3.24    1.83
-168015.482    86.339    -2.60    1.87
-167730.406    85.692    -2.27    1.74
-167445.309    85.011    -2.39    1.51
-167160.191    84.516    -1.74    1.32
-166875.052    84.231    -1.00    1.47
-166589.893    84.002    -0.80    1.66
-166304.713    83.538    -1.63    2.02
-166019.512    83.093    -1.56    2.54
-165734.290    82.597    -1.74    2.78
-165449.047    81.966    -2.21    2.79
-165163.783    81.323    -2.25    2.75
-164878.499    80.646    -2.37    2.42
-164593.193    79.978    -2.34    1.89
-164307.867    79.294    -2.40    1.79
-164022.520    78.453    -2.95    1.90
-163737.152    77.600    -2.99    1.99
-163451.763    76.922    -2.38    1.91
-163166.354    76.393    -1.85    1.94
-162880.923    75.463    -3.26    1.90
-162595.471    74.725    -2.58    1.68
-162309.999    74.364    -1.26    1.48
-162024.506    74.297    -0.24    1.49
-161738.992    74.248    -0.17    1.60
-161453.456    74.421     0.61    1.70
-161167.900    74.618     0.69    1.89
-160882.323    75.214     2.09    1.81
-160596.725    75.780     1.98    1.89
-160311.107    76.921     4.00    3.55
-160025.467    78.321     4.90    4.68
-159739.806    81.422    10.85    8.57
-159454.124    85.071    12.77   10.88
-159168.422    89.930    17.01   12.48
-158882.698    94.197    14.93   12.47
-158596.954    99.678    19.18   11.11
-158311.188   102.493     9.85    9.86
-158025.402   105.029     8.87    8.63
-157739.594   105.966     3.28    8.12
-157453.766   107.329     4.77    7.03
-157167.916   108.532     4.21    6.60
-156882.046   110.261     6.05    4.91
-156596.154   111.399     3.98    3.16
-156310.242   111.913     1.80    1.69
-156024.308   111.475    -1.53    2.17
-155738.354   110.628    -2.96    3.01
-155452.378   109.866    -2.66    3.12
-155166.381   108.669    -4.19    3.65
-154880.364   107.330    -4.68    4.23
-154594.325   106.564    -2.68    4.30
-154308.265   105.839    -2.54    4.35
-154022.185   104.949    -3.11    4.29
-153736.083   102.948    -6.99    4.86
-153449.960   100.930    -7.05    5.32
-153163.816    99.705    -4.28    5.40
-152877.651    98.279    -4.98    5.47
-152591.465    96.756    -5.32    5.40
-152305.258    95.422    -4.66    5.26
-152019.030    94.369    -3.68    5.47
-151732.780    92.858    -5.28    5.88
-151446.510    91.968    -3.11    5.89
-151160.218    91.557    -1.44    6.00
-150873.906    91.174    -1.34    5.94
-150587.572    90.984    -0.66    6.11
-150301.217    91.082     0.34    6.22
-150014.841    91.102     0.07    6.52
-149728.444    91.153     0.18    6.42
-149442.025    91.426     0.95    6.96
-149155.586    91.663     0.83    7.16
-148869.125    92.011     1.22    7.34
-148582.644    91.647    -1.27    7.69
-148296.141    91.325    -1.12    8.07
-148009.617    91.004    -1.12    7.91
-147723.072    90.840    -0.57    7.62
-147436.505    90.334    -1.77    7.34
-147149.918    90.017    -1.10    7.25
-146863.309    88.986    -3.60    6.88
-146576.679    87.672    -4.58    6.46
-146290.028    86.444    -4.28    6.19
-146003.356    85.255    -4.15    5.97
-145716.662    84.667    -2.05    5.54
-145429.948    84.031    -2.22    5.29
-145143.212    84.180     0.52    5.87
-144856.455    84.285     0.36    6.33
-144569.676    83.609    -2.36    6.31
-144282.877    83.106    -1.75    6.15
-143996.056    82.417    -2.40    6.01
-143709.214    82.059    -1.25    5.82
-143422.350    82.233     0.61    5.58
-143135.466    81.645    -2.05    5.35
-142848.560    80.457    -4.14    5.37
-142561.633    79.466    -3.45    5.37
-142274.685    78.486    -3.42    5.00
-141987.715    78.171    -1.10    4.77
-141700.724    78.003    -0.59    4.85
-141413.712    78.198     0.68    5.17
-141126.679    78.305     0.37    5.42
-140839.624    78.210    -0.33    5.55
-140552.548    77.810    -1.39    5.29
-140265.450    77.338    -1.64    5.02
-139978.332    77.457     0.42    5.30
-139691.192    77.422    -0.12    5.43
-139404.030    77.267    -0.54    5.46
-139116.848    76.995    -0.95    5.51
-138829.644    76.703    -1.01    5.57
-138542.419    76.502    -0.70    5.54
-138255.172    75.702    -2.78    5.26
-137967.904    74.930    -2.69    5.44
-137680.615    74.050    -3.07    5.61
-137393.304    72.698    -4.70    5.63
-137105.972    72.064    -2.21    5.44
-136818.619    71.278    -2.74    5.08
-136531.244    70.707    -1.99    4.70
-136243.848    70.058    -2.26    3.87
-135956.430    69.570    -1.70    3.09
-135668.991    69.120    -1.57    2.32
-135381.531    68.913    -0.72    2.26
-135094.049    68.404    -1.77    2.39
-134806.546    68.216    -0.65    2.33
-134519.022    67.949    -0.93    2.23
-134231.476    67.849    -0.35    2.11
-133943.908    67.913     0.22    2.14
-133656.320    68.207     1.02    2.50
-133368.709    68.663     1.58    2.88
-133081.078    69.240     2.01    3.03
-132793.425    69.782     1.89    3.54
-132505.750    70.747     3.35    4.06
-132218.054    71.627     3.06    4.01
-131930.337    72.116     1.70    3.58
-131642.598    72.334     0.76    3.37
-131354.837    72.792     1.59    3.09
-131067.055    73.330     1.87    2.64
-130779.252    73.609     0.97    2.14
-130491.427    73.878     0.94    1.98
-130203.581    74.214     1.16    2.06
-129915.713    74.885     2.33    3.00
-129627.824    76.154     4.41    5.06
-129339.913    77.930     6.17    7.56
-129051.981    81.369    11.94   10.60
-128764.027    85.571    14.59   12.55
-128476.051    90.749    17.98   13.13
-128188.055    97.172    22.30   11.85
-127900.036   103.197    20.92    7.89
-127611.996   106.087    10.03    5.95
-127323.935   108.374     7.94    4.94
-127035.852   110.172     6.24    4.53
-126747.747   111.367     4.15    4.25
-126459.621   111.643     0.96    4.45
-126171.473   111.249    -1.37    4.96
-125883.304   110.568    -2.36    5.76
-125595.113   110.252    -1.10    6.38
-125306.900   110.597     1.20    6.66
-125018.666   110.671     0.26    6.64
-124730.411   110.687     0.06    6.39
-124442.133   110.940     0.87    6.37
-124153.834   111.198     0.90    6.12
-123865.514   111.350     0.53    6.40
-123577.172   112.012     2.30    6.56
-123288.808   112.545     1.85    7.25
-123000.423   113.309     2.65    7.12
-122712.016   114.725     4.91    6.71
-122423.587   115.957     4.27    6.48
-122135.137   117.267     4.54    6.01
-121846.665   118.940     5.80    5.71
-121558.172   120.380     4.99    5.14
-121269.656   121.127     2.59    4.40
-120981.119   121.052    -0.26    4.64
-120692.561   120.125    -3.21    4.96
-120403.981   118.747    -4.78    5.48
-120115.379   116.261    -8.61    5.69
-119826.755   114.198    -7.15    5.46
-119538.110   112.027    -7.52    5.06
-119249.443   110.565    -5.06    5.00
-118960.754   109.190    -4.76    4.85
-118672.044   107.698    -5.17    4.56
-118383.312   106.132    -5.42    4.32
-118094.558   104.741    -4.82    4.78
-117805.782   103.310    -4.96    5.29
-117516.985   102.118    -4.13    5.43
-117228.166   101.543    -1.99    5.34
-116939.325   100.747    -2.76    5.51
-116650.463    99.452    -4.48    5.54
-116361.579    97.939    -5.24    5.77
-116072.673    97.541    -1.38    5.86
-115783.745    98.167     2.17    6.60
-115494.795    99.606     4.98    8.19
-115205.824   102.340     9.46    8.94
-114916.831   104.323     6.86    8.85
-114627.816   107.922    12.45    8.15
-114341.152   111.511    12.52    6.69
-114056.645   113.472     6.89    5.87
-113772.118   114.140     2.35    5.28
-113487.571   114.520     1.34    4.40
-113203.003   114.654     0.47    3.57
-112918.415   113.858    -2.79    3.72
-112633.806   112.307    -5.45    4.11
-112349.177   110.885    -4.99    4.98
-112064.527   109.859    -3.61    5.71
-111779.857   108.645    -4.27    6.21
-111495.166   107.004    -5.76    6.66
-111210.455   105.708    -4.55    7.53
-110925.724   104.270    -5.05    8.00
-110640.972   103.302    -3.40    7.72
-110356.199   102.198    -3.88    7.52
-110071.406   101.105    -3.84    7.18
-109786.593   100.279    -2.90    6.93
-109501.759    98.825    -5.10    6.48
-109216.905    97.019    -6.34    6.44
-108932.030    94.904    -7.42    6.65
-108647.134    93.628    -4.48    6.31
-108362.218    93.719     0.32    6.34
-108077.281    93.674    -0.16    6.57
-107792.324    94.037     1.27    6.85
-107507.347    94.523     1.71    7.26
-107222.349    95.875     4.74    7.87
-106937.330    97.440     5.49    8.76
-106652.291    98.365     3.25    9.66
-106367.231    98.461     0.34   10.60
-106082.150   101.276     9.87   10.53
-105797.049   103.758     8.70    9.75
-105511.928   105.039     4.49    8.52
-105226.786   106.330     4.53    6.72
-104941.623   106.577     0.86    5.40
-104656.440   106.876     1.05    3.65
-104371.236   106.663    -0.75    2.57
-104086.011   105.850    -2.85    2.78
-103800.766   105.167    -2.39    2.75
-103515.501   104.470    -2.44    2.45
-103230.214   103.736    -2.57    2.11
-102944.907   103.102    -2.22    2.03
-102659.580   102.492    -2.14    1.93
-102374.232   102.001    -1.72    2.15
-102088.863   101.439    -1.97    2.55
-101803.474   100.603    -2.93    2.86
-101518.063    99.564    -3.64    2.98
-101232.633    98.729    -2.92    2.72
-100947.181    98.087    -2.25    2.47
-100661.709    97.314    -2.71    2.80
-100376.217    96.163    -4.03    3.64
-100090.703    94.793    -4.80    4.26
 -99805.169    93.036    -6.15    5.19
 -99519.614    91.112    -6.74    5.61
 -99234.039    89.332    -6.23    5.73
 -98948.443    87.707    -5.69    5.34
 -98662.826    85.701    -7.02    4.68
 -98377.189    84.387    -4.60    4.19
 -98091.531    83.704    -2.39    3.84
 -97805.852    83.187    -1.81    3.56
 -97520.152    83.314     0.45    3.80
 -97234.432    83.481     0.58    4.45
 -96948.691    84.174     2.43    4.96
 -96662.929    84.491     1.11    5.34
 -96377.146    84.216    -0.96    5.53
 -96091.343    83.886    -1.16    5.34
 -95805.519    83.096    -2.76    5.11
 -95519.674    82.211    -3.09    4.84
 -95233.809    81.264    -3.31    4.03
 -94947.922    80.705    -1.95    3.51
 -94662.015    81.082     1.32    4.26
 -94376.088    81.802     2.52    4.58
 -94090.139    82.395     2.07    4.61
 -93804.170    83.293     3.14    4.93
 -93518.180    84.163     3.04    5.03
 -93232.169    85.163     3.50    5.03
 -92946.137    86.067     3.16    5.43
 -92660.084    87.148     3.78    5.95
 -92374.011    87.224     0.26    6.37
 -92087.917    87.055    -0.59    6.83
 -91801.802    87.261     0.72    7.00
 -91515.666    87.540     0.97    7.19
 -91229.509    87.509    -0.11    7.24
 -90943.332    86.362    -4.01    6.91
 -90657.134    86.138    -0.78    6.54
 -90370.915    87.076     3.28    6.73
 -90084.675    88.158     3.78    7.54
 -89798.414    89.488     4.65    8.40
 -89512.132    90.730     4.34    8.53
 -89225.830    92.294     5.46    8.16
 -88939.506    93.967     5.84    7.30
 -88653.162    94.372     1.41    7.46
 -88366.797    94.520     0.52    7.61
 -88080.411    95.063     1.90    7.42
 -87794.004    96.085     3.57    7.62
 -87507.576    98.649     8.95    7.56
 -87221.127   100.543     6.61    7.03
 -86934.658   102.368     6.37    6.59
 -86648.167   103.808     5.03    5.99
 -86361.656   104.658     2.97    5.98
 -86075.123   104.582    -0.26    6.68
 -85788.570   103.913    -2.33    7.03
 -85501.996   103.466    -1.56    7.38
 -85215.401   103.341    -0.44    7.37
 -84928.784   102.776    -1.97    7.11
 -84642.147   102.667    -0.38    6.86
 -84355.489   102.369    -1.04    6.60
 -84068.810   102.368    -0.00    6.47
 -83782.111   102.609     0.84    6.25
 -83495.390   102.525    -0.29    6.25
 -83208.648   102.603     0.27    6.68
 -82921.885   103.036     1.51    6.82
 -82635.101   103.225     0.66    7.08
 -82348.296   102.823    -1.40    7.03
 -82061.471   102.288    -1.87    6.92
 -81774.624   102.258    -0.11    6.81
 -81487.756   101.974    -0.99    6.86
 -81200.867   102.061     0.30    6.89
 -80913.958   101.957    -0.36    6.82
 -80627.027   102.794     2.92    6.76
 -80340.075   103.084     1.01    6.82
 -80053.102   102.816    -0.93    6.87
 -79766.108   102.609    -0.72    6.44
 -79479.093   102.386    -0.78    6.38
 -79192.057   102.453     0.23    6.56
 -78905.000   102.967     1.79    6.40
 -78617.922   103.615     2.26    6.42
 -78330.823   104.522     3.16    6.42
 -78043.703   105.205     2.38    6.30
 -77756.561   105.966     2.65    5.93
 -77469.399   106.940     3.39    5.70
 -77182.216   107.724     2.73    5.71
 -76895.011   108.312     2.05    5.79
 -76607.786   108.773     1.60    6.19
 -76320.539   108.840     0.24    6.42
 -76033.271   108.994     0.53    6.47
 -75745.982   109.580     2.04    6.27
 -75458.672   109.981     1.40    6.06
 -75171.341   109.644    -1.17    6.06
 -74883.989   109.621    -0.08    5.83
 -74596.615   109.689     0.24    6.03
 -74309.221   110.038     1.21    6.00
 -74021.805   110.470     1.50    5.79
 -73734.368   111.650     4.11    5.59
 -73446.910   112.813     4.05    4.89
 -73159.431   113.282     1.63    4.63
 -72871.931   114.189     3.16    4.79
 -72584.410   115.583     4.85    4.98
 -72296.867   116.644     3.69    5.80
 -72009.303   117.759     3.88    6.83
 -71721.718   119.249     5.18    7.48
 -71434.112   121.585     8.12    8.03
 -71146.485   124.196     9.08    7.52
 -70858.836   126.568     8.24    6.87
 -70571.167   128.558     6.92    5.98
 -70283.476   130.192     5.68    4.90
 -69995.764   131.680     5.17    3.75
 -69708.030   132.359     2.36    3.06
 -69420.276   132.302    -0.20    2.54
 -69132.500   131.850    -1.57    2.38
 -68844.703   130.582    -4.41    3.69
 -68556.885   128.762    -6.32    5.08
 -68269.045   126.609    -7.48    5.91
 -67981.184   124.417    -7.61    6.19
 -67693.302   122.597    -6.32    6.23
 -67405.399   120.921    -5.82    6.03
 -67117.474   119.452    -5.10    5.59
 -66829.529   118.852    -2.08    5.41
 -66541.562   118.196    -2.28    5.33
 -66253.573   117.453    -2.58    5.39
 -65965.563   117.022    -1.50    5.41
 -65677.533   116.107    -3.18    5.19
 -65389.480   115.483    -2.17    4.82
 -65101.407   114.408    -3.73    4.68
 -64813.312   113.380    -3.57    4.44
 -64525.196   112.198    -4.10    3.92
 -64237.058   111.444    -2.62    3.70
 -63948.899   110.715    -2.53    3.62
 -63660.719   110.426    -1.00    3.68
 -63372.518   110.426    -0.00    3.57
 -63084.295   110.707     0.98    3.52
 -62796.051   110.822     0.40    3.78
 -62507.785   110.905     0.29    4.25
 -62219.499   111.508     2.09    4.22
 -61931.190   112.216     2.46    4.11
 -61642.861   112.779     1.95    4.11
 -61354.510   113.412     2.20    3.88
 -61066.138   114.010     2.07    3.55
 -60777.744   114.801     2.74    3.06
 -60489.329   115.387     2.03    2.27
 -60200.892   115.449     0.22    1.96
 -59912.434   114.696    -2.61    2.46
 -59623.955   113.993    -2.44    2.94
 -59335.454   112.913    -3.74    2.97
 -59046.932   111.852    -3.68    2.80
 -58758.389   110.912    -3.25    2.62
 -58469.824   109.912    -3.47    2.67
 -58181.237   108.623    -4.47    3.30
 -57892.630   107.667    -3.31    3.75
 -57604.000   106.551    -3.87    3.87
 -57315.350   105.776    -2.69    3.84
 -57026.677   106.237     1.60    4.38
 -56737.984   107.618     4.78    5.84
 -56449.269   110.305     9.31    7.59
 -56160.532   113.474    10.97    8.27
 -55871.774   116.100     9.09    8.13
 -55582.995   118.542     8.45    6.93
 -55294.194   119.453     3.15    6.33
 -55005.371   119.063    -1.35    6.63
 -54716.527   118.435    -2.18    6.80
 -54427.662   117.839    -2.06    5.99
 -54138.775   117.530    -1.07    5.30
 -53849.866   118.797     4.38    5.58
 -53560.936   120.861     7.14    5.82
 -53271.985   123.238     8.22    5.66
 -52983.012   125.385     7.43    4.73
 -52694.017   127.163     6.15    4.05
 -52407.923   128.198     3.62    3.02
 -52123.404   128.452     0.89    2.75
 -51838.864   128.409    -0.15    2.85
 -51554.304   128.003    -1.43    3.00
 -51269.724   127.163    -2.95    2.94
 -50985.124   126.501    -2.33    2.64
 -50700.504   125.678    -2.89    2.54
 -50415.864   124.689    -3.48    2.69
 -50131.203   123.471    -4.28    3.16
 -49846.522   121.958    -5.32    3.87
 -49561.821   120.518    -5.06    4.10
 -49277.100   118.983    -5.39    4.19
 -48992.358   117.466    -5.33    4.64
 -48707.596   116.103    -4.79    4.14
 -48422.814   114.922    -4.15    3.91
 -48138.012   113.678    -4.37    4.19
 -47853.190   111.878    -6.32    4.98
 -47568.347   110.145    -6.08    5.17
 -47283.484   107.984    -7.58    5.48
 -46998.601   106.469    -5.32    5.34
 -46713.698   104.896    -5.52    4.42
 -46428.774   104.440    -1.60    3.84
 -46143.830   105.618     4.14    5.41
 -45858.866   108.189     9.02    7.20
 -45573.881   111.678    12.24    8.54
 -45288.876   115.313    12.75    8.75
 -45003.851   118.802    12.24    7.63
 -44718.806   121.003     7.72    5.66
 -44433.740   121.992     3.47    4.70
 -44148.654   122.338     1.21    4.70
 -43863.548   122.448     0.39    4.93
 -43578.422   121.976    -1.66    4.63
 -43293.275   121.791    -0.65    3.89
 -43008.108   121.983     0.67    3.42
 -42722.920   122.841     3.01    3.46
 -42437.712   123.627     2.75    3.55
 -42152.484   125.039     4.95    3.47
 -41867.235   125.810     2.70    2.96
 -41581.966   126.298     1.71    2.93
 -41296.677   125.895    -1.41    3.81
 -41011.368   125.145    -2.63    4.46
 -40726.038   124.712    -1.52    4.88
 -40440.687   124.026    -2.40    5.50
 -40155.317   123.344    -2.39    5.54
 -39869.926   122.394    -3.33    6.21
 -39584.514   121.805    -2.06    6.36
 -39299.082   121.727    -0.28    6.67
 -39013.630   120.814    -3.20    7.50
 -38728.158   119.252    -5.47    8.25
 -38442.665   117.957    -4.54    8.47
 -38157.151   116.974    -3.44    9.35
 -37871.617   117.204     0.80    9.38
 -37586.063   117.523     1.12    9.08
 -37300.488   117.732     0.73    8.41
 -37014.893   117.180    -1.93    7.18
 -36729.278   116.650    -1.86    7.32
 -36443.642   115.515    -3.97    7.89
 -36157.986   113.887    -5.70    7.98
 -35872.309   111.471    -8.46    8.46
 -35586.611   109.221    -7.87    9.16
 -35300.894   108.301    -3.22    9.48
 -35015.156   108.141    -0.56   10.35
 -34729.397   107.457    -2.39   10.69
 -34443.618   107.068    -1.36   12.00
 -34157.818   106.704    -1.27   13.05
 -33871.998   107.548     2.95   13.86
 -33586.158   108.220     2.35   13.84
 -33300.297   107.172    -3.67   13.57
 -33014.415   106.444    -2.54   13.01
 -32728.513   105.318    -3.94   12.87
 -32442.590   105.554     0.83   12.60
 -32156.647   105.807     0.88   11.89
 -31870.684   106.011     0.71   11.76
 -31584.700   105.912    -0.34   12.40
 -31298.695   106.232     1.12   12.78
 -31012.670   107.313     3.78   12.14
 -30726.624   108.264     3.32   10.63
 -30440.558   108.498     0.82    8.57
 -30154.471   106.580    -6.71    9.13
 -29868.364   104.382    -7.68    9.83
 -29582.236   100.172   -14.71    9.62
 -29296.088    96.238   -13.75    9.75
 -29009.919    91.466   -16.67   11.03
 -28723.729    87.520   -13.79   10.50
 -28437.519    83.982   -12.36   10.51
 -28151.288    81.120   -10.00   10.85
 -27865.037    76.734   -15.32   11.42
 -27578.765    73.577   -11.03   10.86
 -27292.473    70.155   -11.95   10.69
 -27006.160    67.296    -9.99   10.16
 -26719.826    64.291   -10.49    9.57
 -26433.472    62.849    -5.03    9.38
 -26147.097    63.311     1.61   11.33
 -25860.701    65.136     6.37   13.77
 -25574.285    65.466     1.15   14.02
 -25287.848    67.761     8.01   14.78
 -25001.391    71.975    14.71   15.64
 -24714.913    77.620    19.71   17.96
 -24428.414    84.939    25.55   19.13
 -24141.895    91.730    23.70   18.20
 -23855.355    98.082    22.17   16.21
 -23568.794   101.966    13.55   12.26
 -23282.213   102.397     1.50   11.44
 -22995.611   100.235    -7.54   13.75
 -22708.988    94.624   -19.57   15.30
 -22422.345    88.976   -19.71   14.03
 -22135.681    85.948   -10.56   12.21
 -21848.996    84.178    -6.17   11.25
 -21562.291    82.789    -4.85   10.72
 -21275.565    81.408    -4.82   10.32
 -20988.818    80.176    -4.29   10.77
 -20702.050    82.043     6.51   10.73
 -20415.262    84.632     9.03   11.53
 -20128.453    87.485     9.95   13.41
 -19841.624    91.448    13.82   14.33
 -19554.773    94.878    11.96   14.69
 -19267.902    99.066    14.60   12.12
 -18981.010   100.852     6.22   10.96
 -18694.097   100.111    -2.58   11.98
 -18407.164    98.552    -5.43   12.64
 -18120.210    96.825    -6.02   12.61
 -17833.235    96.817    -0.03   11.41
 -17546.239    95.453    -4.76   11.62
 -17259.223    94.013    -5.02   11.42
 -16972.186    92.532    -5.16   11.60
 -16685.128    90.383    -7.49   11.01
 -16398.049    86.966   -11.90    9.83
 -16110.949    83.694   -11.39    9.98
 -15823.829    80.430   -11.37   11.24
 -15536.688    77.501   -10.20   12.46
 -15249.526    73.359   -14.42   14.08
 -14962.343    68.620   -16.50   15.67
 -14675.139    63.093   -19.25   16.17
 -14387.915    57.127   -20.77   15.96
 -14100.670    51.659   -19.04   14.39
 -13813.403    47.157   -15.67   12.49
 -13526.116    42.720   -15.44    9.36
 -13238.809    39.316   -11.85    5.08
 -12951.480    38.064    -4.36    4.09
 -12664.131    36.836    -4.28    3.57
 -12376.760    36.132    -2.45    3.48
 -12089.369    35.903    -0.80    4.50
 -11801.957    36.645     2.58    6.24
 -11514.524    39.382     9.52   10.20
 -11227.070    44.760    18.71   15.93
 -10939.595    51.033    21.82   18.25
 -10652.100    55.913    16.97   18.52
 -10364.583    61.071    17.94   15.82
 -10077.046    66.378    18.46    9.86
  -9789.488    67.755     4.79    5.99
  -9501.908    66.527    -4.27    5.39
  -9214.308    65.210    -4.58    5.90
  -8926.687    61.147   -14.13    9.38
  -8639.045    55.409   -19.95   13.06
  -8351.382    49.758   -19.64   14.50
  -8063.698    44.439   -18.49   14.20
  -7775.994    39.109   -18.53   12.56
  -7488.268    34.612   -15.63    8.25
  -7200.521    31.930    -9.32    3.10
  -6912.753    31.204    -2.52    2.02
  -6624.965    31.091    -0.39    1.94
  -6337.155    30.904    -0.65    2.08
  -6049.325    30.797    -0.37    2.37
  -5761.473    30.081    -2.49    3.23
  -5473.601    28.395    -5.86    4.77
  -5185.707    26.573    -6.33    5.77
  -4897.793    24.561    -6.99    6.15
  -4609.857    22.087    -8.59    6.10
  -4321.901    19.870    -7.70    4.87
  -4033.923    17.974    -6.58    2.53
  -3745.925    17.457    -1.80    2.00
  -3457.905    18.084     2.17    3.18
  -3169.865    18.790     2.45    4.14
  -2881.803    19.956     4.05    5.05
  -2593.720    20.948     3.44    5.49
  -2305.617    22.138     4.13    5.77
  -2017.492    21.577    -1.95    7.52
  -1729.346    20.258    -4.58    9.61
  -1441.179    18.115    -7.44   11.48
  -1152.991    14.789   -11.54   12.67
   -864.783    11.457   -11.56   13.13
   -576.553     8.264   -11.08   12.32
   -288.301     4.896   -11.68    9.87
     -0.029     3.281    -5.60    7.06
    288.264     3.210    -0.25    5.61
    576.578     4.913     5.91    6.29
    864.914     6.417     5.22    6.32
   1153.270     8.301     6.53    6.06
   1441.648     9.827     5.29    5.29
   1730.047    11.529     5.90    4.51
   2018.467    13.237     5.92    4.64
   2306.908    14.413     4.08    6.09
   2595.370    15.913     5.20    7.77
   2883.853    17.755     6.38    8.91
   3172.358    19.377     5.62    9.09
   3460.883    21.511     7.40    9.01
   3749.430    21.827     1.10    8.84
   4037.998    24.418     8.98   11.72
   4326.587    32.444    27.81   21.76
   4615.197    46.729    49.50   38.72
   4903.828    69.210    77.89   51.76
   5192.481    94.492    87.59   57.20
   5481.155   120.534    90.21   53.49
   5769.850   142.895    77.46   42.78
   6058.566   159.894    58.88   27.18
   6347.303   167.408    26.03   17.91
   6636.061   171.383    13.77   15.41
   6924.841   173.948     8.88   15.45
   7213.642   175.876     6.68   15.84
   7502.464   179.359    12.06   16.04
   7791.308   183.518    14.40   16.43
   8080.172   188.185    16.15   16.60
   8369.058   193.623    18.82   16.74
   8657.965   198.225    15.93   16.60
   8946.894   200.545     8.03   14.84
   9235.843   202.851     7.98   12.43
   9521.451   202.665    -0.65   11.64
   9806.001   200.172    -8.76   11.93
  10090.570   196.299   -13.61   11.62
  10375.159   191.511   -16.82   10.23
  10659.768   188.554   -10.39    8.91
  10944.397   186.315    -7.87    7.89
  11229.046   184.430    -6.62    6.83
  11513.715   183.841    -2.07    6.54
  11798.404   184.527     2.41    7.22
  12083.112   184.860     1.17    8.23
  12367.841   183.709    -4.04   10.85
  12652.589   179.012   -16.50   16.69
  12937.358   169.530   -33.29   23.82
  13222.146   158.124   -40.05   28.71
  13506.954   146.523   -40.73   27.61
  13791.783   134.150   -43.44   23.88
  14076.631   124.154   -35.09   18.27
  14361.499   119.174   -17.48   16.58
  14646.387   115.861   -11.63   15.51
  14931.296   113.600    -7.94   15.09
  15216.224   110.223   -11.85   13.90
  15501.172   105.725   -15.78   15.36
  15786.140   104.163    -5.48   14.74
  16071.128   103.231    -3.27   15.12
  16356.136   102.234    -3.50   17.57
  16641.164   105.722    12.24   22.42
  16926.212   111.783    21.26   27.49
  17211.281   121.350    33.56   30.46
  17496.369   128.821    26.21   29.87
  17781.477   131.930    10.91   28.21
  18066.605   134.337     8.44   26.10
  18351.753   136.513     7.63   24.48
  18636.922   137.055     1.90   22.80
  18922.110   138.448     4.88   20.90
  19207.318   139.482     3.62   20.65
  19492.547   142.612    10.97   22.62
  19777.795   145.475    10.04   25.26
  20063.064   149.391    13.73   26.26
  20348.352   157.127    27.12   25.09
  20633.661   164.119    24.51   23.28
  20918.989   168.930    16.86   21.64
  21204.338   171.805    10.08   20.72
  21489.707   173.687     6.59   20.23
  21775.096   178.025    15.20   18.30
  22060.505   181.983    13.87   16.42
  22345.934   186.301    15.13   16.25
  22631.384   191.043    16.61   15.97
  22916.853   194.922    13.59   14.87
  23202.343   198.461    12.40   12.48
  23487.852   200.939     8.68   10.74
  23773.382   202.585     5.76    9.94
  24058.932   203.261     2.37   10.47
  24344.502   204.801     5.39   10.16
  24630.092   207.082     7.99   10.00
  24915.702   209.011     6.75    9.48
  25201.333   211.215     7.72   11.21
  25486.983   213.948     9.57   13.28
  25772.654   218.327    15.33   14.63
  26058.345   220.966     9.24   16.19
  26344.056   222.457     5.22   18.88
  26629.787   223.226     2.69   22.68
  26915.539   223.713     1.70   25.20
  27201.310   223.849     0.47   25.36
  27487.102   224.408     1.96   24.41
  27772.914   229.439    17.60   26.17
  28058.746   233.120    12.88   26.46
  28344.599   238.225    17.86   25.64
  28630.471   240.859     9.21   24.78
  28916.364   244.357    12.23   22.73
  29202.277   244.043    -1.10   20.59
  29488.210   244.645     2.11   17.82
  29774.164   247.371     9.53   17.58
  30060.137   254.520    25.00   20.63
  30346.131   260.486    20.86   22.13
  30632.145   265.809    18.61   21.41
  30918.180   270.654    16.94   19.45
  31204.234   275.612    17.33   19.63
  31490.309   276.206     2.08   23.27
  31776.405   273.380    -9.88   27.31
  32062.520   266.511   -24.01   28.94
  32348.656   255.417   -38.77   27.41
  32634.812   248.307   -24.85   27.96
  32920.988   241.586   -23.49   26.02
  33207.184   235.527   -21.17   28.31
  33493.401   227.886   -26.70   26.39
  33779.638   222.355   -19.32   23.42
  34065.896   217.244   -17.86   22.52
  34352.174   209.383   -27.46   21.11
  34638.472   199.234   -35.45   25.84
  34924.790   190.071   -32.00   31.93
  35211.129   178.264   -41.24   35.28
  35497.488   164.284   -48.82   34.57
  35783.867   148.555   -54.92   31.07
  36070.267   140.116   -29.47   31.09
  36356.687   142.325     7.71   35.60
  36643.127   145.113     9.73   41.64
  36929.588   146.518     4.91   43.81
  37216.069   147.650     3.95   44.79
  37502.570   147.862     0.74   43.72
  37789.092   146.275    -5.54   42.53
  38075.634   147.155     3.07   41.31
  38362.197   147.302     0.51   40.34
  38648.779   150.734    11.98   38.49
  38935.383   153.018     7.97   38.46
  39222.006   152.180    -2.92   40.08
  39508.650   150.161    -7.05   40.44
  39795.315   150.350     0.66   39.94
  40082.000   146.724   -12.65   39.21
  40368.705   142.211   -15.74   37.89
  40655.431   133.103   -31.77   32.89
  40942.177   124.676   -29.39   27.31
  41228.943   120.240   -15.47   24.91
  41515.730   123.896    12.75   28.52
  41802.538   129.670    20.13   33.47
  42089.365   134.745    17.69   38.97
  42376.214   139.564    16.80   43.56
  42663.082   142.708    10.96   45.71
  42949.971   146.589    13.53   46.03
  43236.881   143.826    -9.63   46.98
  43523.811   141.843    -6.91   46.18
  43810.762   136.334   -19.20   41.57
  44097.733   136.400     0.23   44.58
  44384.724   143.159    23.55   53.90
  44671.736   155.656    43.54   65.27
  44958.769   167.532    41.38   75.18
  45245.822   184.042    57.51   80.46
  45532.895   198.238    49.45   79.77
  45819.989   213.001    51.42   74.98
  46107.103   222.395    32.72   67.58
  46394.238   235.730    46.45   61.78
  46681.394   247.696    41.67   56.61
  46968.570   257.235    33.22   54.44
  47255.767   262.136    17.07   53.47
  47542.984   255.529   -23.00   57.97
  47830.221   248.930   -22.97   62.03
  48117.479   243.982   -17.23   62.33
  48404.758   243.019    -3.35   62.73
  48692.057   235.063   -27.69   67.21
  48979.377   225.930   -31.79   68.55
  49266.718   220.142   -20.14   66.05
  49554.078   216.404   -13.01   64.28
  49841.460   209.878   -22.71   60.68
  50128.862   199.674   -35.51   51.93
  50416.285   192.482   -25.02   44.71
  50703.728   190.136    -8.16   43.26
  50991.192   191.072     3.26   42.75
  51278.676   189.172    -6.61   39.94
  51566.181   193.896    16.43   39.71
  51853.707   201.049    24.88   38.83
  52141.253   208.187    24.82   38.32
  52428.820   216.702    29.61   36.10
  52716.408   222.638    20.64   34.29
  53004.016   229.238    22.95   34.95
  53291.645   241.758    43.53   37.86
  53579.294   256.762    52.16   40.23
  53866.964   264.426    26.64   40.25
  54154.655   266.589     7.52   40.32
  54442.366   267.965     4.78   40.86
  54730.098   271.692    12.95   40.84
  55017.851   275.281    12.48   44.44
  55305.624   280.696    18.82   47.08
  55593.418   287.522    23.72   45.60
  55881.233   292.261    16.47   41.87
  56169.068   297.019    16.53   36.11
  56456.925   296.577    -1.54   33.84
  56744.801   294.093    -8.63   35.35
  57032.699   286.990   -24.67   34.98
  57320.617   279.746   -25.16   31.67
  57608.556   282.502     9.57   33.38
  57896.515   289.348    23.77   35.67
  58184.496   295.195    20.31   33.71
  58472.497   301.474    21.80   30.45
  58760.519   307.258    20.08   30.00
  59048.561   320.440    45.76   35.98
  59336.624   338.666    63.27   44.69
  59624.708   361.284    78.52   50.63
  59912.813   379.824    64.36   47.43
  60200.939   389.288    32.85   40.11
  60489.085   381.289   -27.76   46.60
  60777.252   363.889   -60.38   60.92
  61065.440   344.200   -68.32   65.56
  61353.648   320.773   -81.29   62.66
  61641.878   296.650   -83.70   52.01
  61930.128   275.629   -72.93   46.62
  62218.399   255.554   -69.64   47.42
  62506.691   236.088   -67.52   49.37
  62795.003   214.123   -76.19   52.00
  63083.336   199.548   -50.55   43.32
  63371.691   189.678   -34.23   32.62
  63660.065   187.537    -7.42   28.52
  63948.461   190.877    11.58   30.68
  64236.878   198.754    27.31   30.93
  64525.315   206.854    28.08   27.02
  64813.774   214.487    26.46   22.62
  65102.253   217.183     9.34   21.94
  65390.753   219.922     9.49   23.77
  65679.274   222.123     7.63   26.60
  65967.815   228.930    23.59   31.08
  66256.378   241.017    41.89   38.87
  66544.961   258.346    60.05   44.94
  66833.565   275.729    60.23   47.55
  67122.191   287.119    39.46   44.83
  67410.837   297.100    34.58   41.42
  67699.504   302.597    19.04   39.78
  67988.191   308.720    21.21   37.30
  68276.900   314.630    20.47   32.97
  68565.630   319.741    17.70   29.47
  68854.380   325.810    21.02   28.07
  69143.152   330.238    15.33   27.97
  69431.944   334.577    15.03   32.98
  69720.758   337.512    10.16   35.22
  70009.592   338.380     3.01   34.82
  70298.447   336.800    -5.47   32.62
  70587.323   338.053     4.34   29.95
  70876.220   336.974    -3.74   25.00
  71165.138   339.076     7.28   23.56
  71450.272   341.956    10.10   22.15
  71734.846   348.338    22.42   22.81
  72019.440   355.201    24.12   21.68
  72304.053   356.568     4.81   19.90
  72588.686   357.659     3.83   21.18
  72873.339   358.382     2.54   25.13
  73158.011   354.745   -12.78   32.41
  73442.703   347.337   -26.02   39.09
  73727.414   341.715   -19.75   40.39
  74012.145   342.169     1.60   46.16
  74296.896   352.178    35.15   61.84
  74581.666   367.529    53.91   71.69
  74866.456   382.430    52.33   76.47
  75151.266   403.302    73.29   77.62
  75436.095   424.669    75.02   72.35
  75720.944   437.715    45.80   72.85
  76005.813   443.464    20.18   69.89
  76290.701   455.267    41.43   69.26
  76575.609   471.479    56.91   71.25
  76860.536   498.238    93.92   73.86
  77145.484   519.956    76.22   76.80
  77430.451   536.621    58.48   72.18
  77715.437   552.178    54.59   61.56
  78000.444   566.084    48.79   49.47
  78285.470   573.717    26.78   43.92
  78570.515   579.501    20.29   39.85
  78855.581   577.323    -7.64   36.09
  79140.666   577.631     1.08   37.93
  79425.771   578.244     2.15   44.51
  79710.895   576.116    -7.46   48.82
  79996.040   560.674   -54.16   57.33
  80281.204   542.178   -64.86   63.90
  80566.387   517.631   -86.08   68.75
  80851.591   489.869   -97.35   70.31
  81136.814   458.090  -111.42   70.17
  81422.057   433.657   -85.66   62.12
  81707.320   417.625   -56.20   47.73
  81992.602   409.860   -27.22   36.41
  82277.904   415.992    21.50   39.77
  82563.226   432.844    59.06   49.05
  82848.568   455.349    78.88   51.78
  83133.930   475.176    69.48   46.14
  83419.311   494.665    68.29   41.11
  83704.712   505.084    36.51   36.47
  83990.133   508.760    12.88   32.75
  84275.574   506.378    -8.34   32.68
  84561.034   499.665   -23.52   32.02
  84846.515   492.422   -25.37   28.81
  85132.015   494.007     5.55   28.60
  85417.535   499.738    20.07   35.77
  85703.075   512.966    46.33   43.32
  85988.634   529.261    57.07   45.03
  86274.214   541.879    44.19   42.00
  86559.813   545.527    12.77   39.27
  86845.432   543.553    -6.91   41.57
  87131.071   535.689   -27.53   39.69
  87416.730   529.275   -22.45   35.05
  87702.408   529.496     0.77   35.03
  87988.107   539.018    33.33   40.48
  88273.825   555.224    56.72   45.89
  88559.563   567.796    44.00   43.02
  88845.321   578.672    38.06   36.78
  89131.099   582.597    13.74   34.42
  89416.897   577.956   -16.24   38.95
  89702.715   570.137   -27.36   43.53
  89988.552   557.112   -45.57   45.50
  90274.410   535.650   -75.08   52.78
  90560.287   504.504  -108.95   66.27
  90846.184   475.734  -100.64   70.92
  91132.102   449.104   -93.14   64.03
  91418.039   427.887   -74.21   49.80
  91703.996   413.990   -48.60   36.51
  91989.973   403.823   -35.55   23.96
  92275.970   399.067   -16.63   21.76
  92561.987   398.667    -1.40   20.86
  92848.023   399.869     4.20   20.91
  93134.080   399.332    -1.88   21.21
  93420.157   399.187    -0.51   21.82
  93706.253   403.667    15.66   24.85
  93992.370   412.261    30.04   25.85
  94278.506   419.076    23.82   24.07
  94564.663   420.227     4.02   24.22
  94850.839   417.983    -7.84   24.92
  95137.036   416.851    -3.96   24.64
  95423.252   413.558   -11.51   22.84
  95709.489   409.460   -14.31   17.66
  95995.745   407.167    -8.01   12.06
  96282.021   408.562     4.87   11.67
  96568.318   412.176    12.62   12.50
  96854.634   418.108    20.72   13.58
  97140.970   423.343    18.28   14.93
  97427.327   428.939    19.54   16.43
  97713.703   435.052    21.35   17.93
  98000.100   440.625    19.46   17.56
  98286.516   445.975    18.68   16.90
  98572.953   453.904    27.68   16.60
  98859.409   459.973    21.19   17.97
  99145.886   465.855    20.53   18.87
  99432.382   471.308    19.03   18.23
  99718.899   479.325    27.98   17.77
 100005.436   487.930    30.03   18.22
 100291.993   496.822    31.03   20.08
 100578.570   506.465    33.65   21.63
 100865.167   516.930    36.52   22.75
 101151.784   530.663    47.92   24.66
 101438.421   545.452    51.60   28.04
 101725.078   559.861    50.27   30.24
 102011.755   574.773    52.02   31.90
 102298.453   589.405    51.04   32.52
 102585.170   604.546    52.81   32.27
 102871.908   620.101    54.25   33.24
 103158.665   636.448    57.01   35.06
 103445.443   656.975    71.58   41.01
 103732.241   680.325    81.42   48.62
 104019.059   703.059    79.26   51.38
 104305.897   718.757    54.73   49.97
 104592.756   723.176    15.41   54.64
 104879.634   716.093   -24.69   64.24
 105166.533   702.289   -48.12   75.35
 105453.451   680.488   -75.99   74.93
 105740.390   650.527  -104.42   62.15
 106027.349   636.645   -48.38   51.57
 106314.329   632.312   -15.10   41.81
 106601.328   634.284     6.87   38.84
 106888.348   644.694    36.27   40.27
 107175.387   664.637    69.48   50.04
 107462.447   693.580   100.83   71.41
 107749.528   723.045   102.64   88.00
 108036.628   776.632   186.66  110.78
 108323.748   817.577   142.61  113.45
 108610.889   855.275   131.30  105.75
 108898.050   882.905    96.22   96.15
 109185.231   900.501    61.27   96.62
 109472.433   886.238   -49.66  116.04
 109759.654   858.666   -96.00  134.37
 110046.896   817.249  -144.20  139.81
 110334.158   770.852  -161.53  125.68
 110621.440   722.167  -169.48   99.40
 110908.743   697.213   -86.86   80.90
 111196.066   673.982   -80.86   55.11
 111483.409   659.378   -50.83   33.16
 111770.772   650.621   -30.48   17.92
 112058.155   649.227    -4.85   14.38
 112345.559   646.820    -8.37   11.52
 112632.983   645.762    -3.68   11.13
 112920.428   649.404    12.67   16.36
 113207.892   653.575    14.51   20.42
 113495.377   659.430    20.37   22.38
 113782.882   664.588    17.94   23.25
 114070.408   664.395    -0.67   32.31
 114357.954   658.580   -20.23   46.24
 114645.520   650.236   -29.02   52.99
 114933.106   641.180   -31.49   54.17
 115220.713   630.966   -35.52   52.37
 115508.340   627.637   -11.57   48.87
 115795.987   630.657    10.50   42.58
 116083.655   636.430    20.07   34.71
 116371.343   647.176    37.35   29.62
 116659.052   659.853    44.06   30.99
 116946.780   676.185    56.76   33.93
 117234.529   692.435    56.48   37.21
 117522.299   713.545    73.36   43.36
 117810.089   734.869    74.10   48.66
 118097.899   754.227    67.26   52.36
 118385.729   778.015    82.65   52.17
 118673.580   799.720    75.41   48.60
 118961.452   814.678    51.97   42.52
 119249.343   819.366    16.29   40.26
 119537.255   810.802   -29.75   51.17
 119825.188   797.393   -46.57   62.69
 120113.141   772.404   -86.79   70.88
 120401.114   746.202   -90.99   75.91
 120689.108   714.530  -109.98   65.96
