 -33799.639    54.580     0.00    3.31
 -33513.177    54.410    -0.59    3.54
 -33226.715    54.442     0.11    3.62
 -32940.254    54.827     1.35    3.59
 -32653.793    54.580    -0.86    3.50
 -32367.333    54.204    -1.31    3.29
 -32080.873    53.828    -1.31    3.08
 -31794.413    52.963    -3.02    2.96
 -31507.954    52.199    -2.67    3.15
 -31221.495    51.754    -1.55    3.23
 -30935.037    51.452    -1.05    3.41
 -30648.579    51.577     0.44    3.93
 -30362.121    51.999     1.47    4.35
 -30075.664    52.282     0.99    4.25
 -29789.208    52.858     2.01    4.06
 -29502.751    53.219     1.26    3.55
 -29216.296    53.635     1.45    3.18
 -28929.840    54.383     2.61    3.20
 -28643.385    54.464     0.28    3.18
 -28356.931    54.339    -0.44    3.04
 -28070.476    54.316    -0.08    2.91
 -27784.023    54.488     0.60    2.90
 -27497.569    54.394    -0.33    3.07
 -27211.116    53.943    -1.58    3.14
 -26924.664    53.813    -0.45    3.05
 -26638.212    54.284     1.64    3.34
 -26351.760    54.440     0.55    4.05
 -26065.309    53.801    -2.23    5.88
 -25778.858    52.297    -5.25    7.78
 -25492.408    50.243    -7.17    8.96
 -25205.958    48.284    -6.84    9.04
 -24919.508    47.243    -3.63    8.69
 -24633.059    47.053    -0.66    9.02
 -24346.610    47.740     2.40   10.21
 -24060.162    49.597     6.48   11.12
 -23773.714    52.848    11.35   11.05
 -23487.267    56.245    11.86    9.42
 -23200.820    58.354     7.36    7.31
 -22914.373    58.817     1.61    6.24
 -22627.927    58.688    -0.45    5.42
 -22341.481    57.895    -2.77    5.17
 -22055.036    56.656    -4.33    4.83
 -21768.591    55.334    -4.61    3.76
 -21482.146    54.571    -2.66    2.99
 -21195.702    54.262    -1.08    3.42
 -20909.258    53.839    -1.48    3.58
 -20622.815    53.436    -1.41    3.99
 -20336.372    52.158    -4.46    5.02
 -20049.930    50.088    -7.23    6.47
 -19763.488    47.353    -9.55    7.47
 -19477.046    44.771    -9.01    6.94
 -19190.605    43.393    -4.81    7.08
 -18904.164    43.091    -1.05    8.19
 -18617.724    43.370     0.98    9.07
 -18331.284    44.356     3.44    9.80
 -18044.844    45.346     3.46   10.01
 -17758.405    45.815     1.64    9.84
 -17471.966    45.294    -1.82    9.84
 -17185.528    44.013    -4.47    9.92
 -16899.090    41.154    -9.98   10.45
 -16612.653    36.971   -14.60   10.22
 -16326.216    33.957   -10.52    8.10
 -16039.779    34.158     0.70    7.52
 -15753.343    36.442     7.97    9.30
 -15466.907    39.261     9.84   10.75
 -15180.472    42.282    10.55   10.94
 -14894.037    46.062    13.20   10.19
 -14607.602    49.935    13.52    7.61
 -14321.168    52.573     9.21    6.03
 -14034.735    53.934     4.75    5.93
 -13748.301    54.761     2.89    5.89
 -13461.869    56.506     6.09    5.78
 -13175.436    58.520     7.03    5.43
 -12889.004    60.634     7.38    5.11
 -12602.573    62.885     7.86    4.82
 -12316.141    64.538     5.77    4.75
 -12029.711    65.635     3.83    5.22
 -11743.280    66.726     3.81    5.22
 -11456.851    66.971     0.85    5.15
 -11170.421    66.130    -2.93    5.45
 -10883.992    64.219    -6.67    6.15
 -10597.563    61.709    -8.76    6.62
 -10311.135    58.866    -9.92    6.59
 -10024.707    56.676    -7.65    6.80
  -9738.280    54.163    -8.78    6.18
  -9451.853    52.053    -7.37    5.57
  -9165.426    50.665    -4.85    5.20
  -8879.000    50.067    -2.09    4.99
  -8592.574    50.039    -0.10    5.19
  -8306.149    50.311     0.95    5.72
  -8019.724    51.059     2.61    6.42
  -7733.300    51.950     3.11    6.62
  -7446.876    53.491     5.38    6.47
  -7160.452    55.716     7.77    5.98
  -6874.029    57.957     7.83    4.77
  -6587.606    59.406     5.06    3.78
  -6301.184    60.182     2.71    3.20
  -6014.762    60.216     0.12    3.46
  -5728.340    60.052    -0.57    3.59
  -5441.919    59.678    -1.30    3.24
  -5155.498    59.129    -1.92    3.00
  -4869.078    58.495    -2.22    3.10
  -4582.658    57.678    -2.85    3.68
  -4296.239    56.293    -4.84    4.54
  -4009.820    52.805   -12.18    9.82
  -3723.401    44.714   -28.25   19.06
  -3436.983    33.840   -37.97   23.83
  -3150.565    23.568   -35.86   24.12
  -2864.148    14.929   -30.16   21.28
  -2577.731     7.325   -26.55   16.13
  -2291.314     1.649   -19.82    8.27
  -2004.898    -0.839    -8.69    1.07
  -1718.483    -1.016    -0.61    0.00
  -1432.067    -1.016     0.00    0.00
  -1145.653    -1.016     0.00    0.00
   -859.238    -1.016     0.00    0.00
   -572.824    -1.016     0.00    0.00
   -286.410    -1.008     0.03    0.08
      0.003    -0.164     2.95    4.07
    286.415     2.268     8.49    8.19
    572.828     5.687    11.94   11.34
    859.240     9.460    13.17   13.15
   1145.651    13.346    13.57   13.46
   1432.062    16.301    10.32   12.48
   1718.473    19.139     9.91   10.86
   2004.883    22.096    10.32    8.85
   2291.293    24.068     6.89    6.69
   2577.702    24.527     1.60    5.56
   2864.111    24.780     0.89    5.70
   3150.520    24.851     0.25    5.90
   3436.928    24.773    -0.27    6.48
   3723.336    24.077    -2.43    7.85
   4009.743    22.935    -3.99    8.71
   4296.150    22.427    -1.77    9.94
   4582.557    22.807     1.33   11.43
   4868.963    23.358     1.92   12.73
   5155.368    23.351    -0.02   13.22
   5441.774    22.378    -3.40   12.77
   5728.178    21.095    -4.48   12.32
   6014.583    20.143    -3.32   11.74
   6300.987    19.693    -1.57   10.58
   6587.390    20.495     2.80    9.97
   6873.793    22.054     5.44    9.53
   7160.196    24.769     9.48    9.79
   7446.599    28.274    12.24    9.89
   7733.000    31.327    10.66    9.11
   8019.402    34.274    10.29    7.43
   8305.803    36.122     6.45    7.16
   8592.204    37.762     5.73    7.48
   8878.604    39.888     7.42    7.90
   9165.004    41.757     6.53    8.14
   9451.403    43.570     6.33    7.76
   9737.802    45.406     6.41    7.11
  10024.200    47.413     7.01    6.96
  10310.599    48.998     5.53    7.49
  10596.996    50.334     4.66    8.43
  10883.394    52.134     6.29    8.75
  11169.790    54.284     7.51    8.15
  11456.187    55.937     5.77    7.56
  11742.583    56.604     2.33    7.18
  12028.979    56.610     0.02    6.85
  12315.374    56.093    -1.81    7.08
  12601.769    54.875    -4.25    6.88
  12888.163    53.674    -4.19    6.72
  13174.557    54.116     1.54    7.12
  13460.950    54.839     2.52    6.96
  13747.343    56.325     5.19    6.79
  14033.736    57.212     3.10    6.86
  14320.128    57.302     0.31    6.73
  14606.520    56.992    -1.08    6.86
  14892.912    56.355    -2.22    7.40
  15179.303    56.196    -0.56    7.57
  15465.693    55.211    -3.44    7.24
  15752.084    53.759    -5.07    7.08
  16038.473    53.417    -1.19    6.74
  16324.863    53.559     0.50    7.23
  16611.252    54.467     3.17    7.66
  16897.640    56.299     6.40    7.81
  17184.028    58.646     8.20    7.54
  17470.416    60.812     7.56    7.26
  17756.803    62.084     4.44    6.24
  18043.190    61.516    -1.98    6.52
  18329.576    61.879     1.27    6.03
  18615.962    61.569    -1.08    5.26
  18902.348    61.261    -1.08    5.09
  19188.733    60.687    -2.01    4.78
  19475.118    59.879    -2.82    4.47
  19761.502    59.654    -0.79    4.35
  20047.886    59.203    -1.57    4.29
  20334.270    59.252     0.17    4.35
  20620.653    58.880    -1.30    4.76
  20907.035    58.318    -1.96    4.86
  21193.418    58.173    -0.50    4.72
  21479.799    58.731     1.95    5.98
  21766.181    59.545     2.84    6.38
  22052.562    60.126     2.03    6.42
  22338.942    60.852     2.53    6.31
  22625.322    61.075     0.78    5.31
  22911.702    61.446     1.29    4.59
  23198.082    60.758    -2.40    5.16
  23484.460    59.293    -5.12    6.36
  23770.839    58.984    -1.08    6.52
  24057.217    58.461    -1.83    7.15
  24343.595    57.395    -3.72    7.50
  24629.972    56.711    -2.39    7.80
  24916.349    56.529    -0.63    8.35
  25202.725    56.712     0.64    8.88
  25489.101    56.808     0.33    8.50
  25775.477    55.613    -4.17    7.52
  26061.852    54.692    -3.22    6.35
  26348.226    54.364    -1.15    5.65
  26634.601    55.437     3.75    5.83
  26920.975    57.286     6.46    6.14
  27207.348    59.286     6.98    5.98
  27493.721    61.512     7.77    6.55
  27780.100    64.306     9.76    7.69
  28066.640    66.437     7.43    7.29
  28353.180    66.866     1.50    7.06
  28639.718    66.165    -2.45    7.21
  28926.256    64.740    -4.97    7.47
  29212.792    63.047    -5.91    6.83
  29499.327    61.227    -6.35    6.73
  29785.861    58.634    -9.05    7.92
  30072.393    54.349   -14.96   11.12
  30358.925    49.684   -16.28   12.97
  30645.455    46.148   -12.34   12.68
  30931.985    44.857    -4.50   11.61
  31218.513    45.197     1.19   11.68
  31505.040    48.346    10.99   12.74
  31791.566    53.424    17.72   12.67
  32078.090    59.684    21.85   10.97
  32364.614    64.387    16.42    8.48
  32651.136    64.853     1.63   10.43
  32937.658    61.505   -11.69   16.10
  33224.178    56.971   -15.83   17.86
  33510.697    51.729   -18.29   17.46
  33797.215    47.711   -14.03   15.30
  34083.732    45.217    -8.70   13.03
  34370.247    47.306     7.29   13.42
  34656.762    52.505    18.15   13.36
  34943.275    57.644    17.94   13.02
  35229.787    63.187    19.35   12.06
  35516.298    69.278    21.26   10.25
  35802.808    75.720    22.48   11.37
  36089.317    83.263    26.33   14.98
  36375.824    91.618    29.16   17.53
  36662.331    99.963    29.13   17.55
  36948.836   107.770    27.25   15.33
  37235.340   114.111    22.13   11.11
  37521.843   117.559    12.03    6.78
  37808.345   117.155    -1.41    7.46
  38094.846   115.170    -6.93    8.77
  38381.346   112.971    -7.68    9.07
  38667.844   110.929    -7.13    8.69
  38954.342   110.012    -3.20    7.80
  39240.838   110.649     2.22    7.55
  39527.333   112.873     7.76    7.06
  39813.827   115.791    10.19    6.44
  40100.319   118.265     8.64    6.71
  40386.811   120.101     6.41    6.78
  40673.302   121.318     4.25    7.91
  40959.791   121.762     1.55    9.90
  41246.279   122.519     2.64   10.43
  41532.766   123.593     3.75   10.07
  41819.252   124.859     4.42    8.83
  42105.737   124.827    -0.11    7.40
  42392.221   125.349     1.82    6.61
  42678.703   126.603     4.38    6.64
  42965.185   129.163     8.94    8.39
  43251.665   132.820    12.77    9.72
  43538.144   136.353    12.33   10.26
  43824.622   140.121    13.15   10.22
  44111.099   143.927    13.28    9.45
  44397.574   147.834    13.64    7.44
  44684.049   150.341     8.75    6.04
  44970.522   151.040     2.44    6.21
  45256.994   151.304     0.92    6.26
  45543.466   151.716     1.44    6.38
  45829.936   152.322     2.12    7.05
  46116.404   153.543     4.26    8.23
  46402.872   156.909    11.75   11.35
  46689.339   161.909    17.45   14.58
  46975.804   167.165    18.35   15.46
  47262.268   171.474    15.04   14.50
  47548.731   175.233    13.12   12.22
  47835.193   178.586    11.71    9.51
  48121.654   181.710    10.91    8.69
  48408.114   186.254    15.86   12.11
  48694.572   192.449    21.63   16.76
  48981.030   200.085    26.66   19.22
  49267.486   207.227    24.93   18.01
  49553.941   213.105    20.52   14.41
  49840.395   216.377    11.42   10.04
  50126.848   216.056    -1.12    9.25
  50413.300   212.366   -12.88   11.71
  50699.750   207.292   -17.71   12.00
  50986.200   203.041   -14.84   10.17
  51272.648   199.217   -13.35    7.45
  51559.095   196.609    -9.10    4.86
  51845.541   195.274    -4.66    3.64
  52131.986   195.736     1.61    4.15
  52418.430   197.826     7.30    6.10
  52704.873   201.134    11.55    9.27
  52991.314   205.512    15.28   11.77
  53277.754   211.803    21.96   13.51
  53564.194   219.074    25.39   14.85
  53850.632   227.386    29.02   15.95
  54137.069   235.415    28.03   14.87
  54423.504   240.943    19.30   12.18
  54709.939   243.187     7.84   10.09
  54996.372   243.027    -0.56   10.24
  55282.805   240.672    -8.22   11.39
  55569.236   237.949    -9.51   11.01
  55855.666   235.625    -8.11    9.15
  56142.095   234.445    -4.12    7.16
  56428.523   234.999     1.93    6.66
  56714.949   237.320     8.10    7.16
  57001.375   240.148     9.87    6.44
  57287.799   242.562     8.43    5.05
  57574.223   243.736     4.10    4.56
  57860.645   244.436     2.44    4.27
  58147.066   243.667    -2.68    5.02
  58433.485   241.626    -7.13    6.34
  58719.904   238.522   -10.84    7.05
  59006.322   235.053   -12.11    7.44
  59292.738   231.183   -13.51    8.01
  59579.153   226.313   -17.00    9.59
  59865.567   220.834   -19.13   11.17
  60151.980   215.676   -18.01   11.32
  60438.392   210.660   -17.51   10.14
  60724.803   206.348   -15.06    7.75
  61011.212   204.104    -7.83    5.06
  61297.621   204.084    -0.07    4.68
  61584.028   205.992     6.66    6.70
  61870.434   208.417     8.47    8.32
  62156.839   211.942    12.31   10.22
  62443.243   216.077    14.44   10.58
  62729.646   219.100    10.55    9.52
  63016.047   220.613     5.28    9.07
  63302.448   222.156     5.39    8.90
  63588.847   223.090     3.26    8.28
  63875.245   222.509    -2.03    8.12
  64161.642   219.122   -11.82   10.44
  64448.038   216.094   -10.57   12.18
  64734.433   213.134   -10.34   13.15
  65020.826   211.714    -4.96   14.66
  65307.219   211.665    -0.17   17.05
  65593.610   211.430    -0.82   19.80
  65880.000   210.764    -2.33   20.87
  66166.389   209.695    -3.73   20.42
  66452.777   209.005    -2.41   18.82
  66739.164   206.484    -8.80   17.33
  67025.550   203.784    -9.43   14.81
  67311.934   201.442    -8.18   13.99
  67598.318   198.780    -9.30   12.60
  67884.700   196.456    -8.11   10.71
  68171.081   194.548    -6.66    9.17
  68457.461   193.367    -4.12    7.26
  68743.840   192.793    -2.01    6.37
  69030.217   191.275    -5.30    6.61
  69316.594   189.049    -7.77    7.38
  69602.969   186.306    -9.58    7.81
  69889.343   182.694   -12.61    8.88
  70175.717   177.371   -18.59   12.37
  70462.088   172.552   -16.83   14.18
  70748.459   168.354   -14.66   14.40
  71034.829   163.474   -17.04   14.78
  71321.198   157.556   -20.67   16.59
  71607.565   149.692   -27.46   19.26
  71893.931   139.971   -33.95   23.29
  72180.296   126.019   -48.72   29.62
  72466.660   110.568   -53.96   33.07
  72753.023    96.678   -48.50   32.51
  73039.385    85.519   -38.97   29.17
  73325.745    77.498   -28.01   24.69
  73612.105    73.509   -13.93   21.64
  73898.463    73.117    -1.37   21.40
  74184.820    72.935    -0.64   21.17
  74471.176    69.534   -11.88   21.09
  74757.531    67.027    -8.75   19.71
  75043.885    68.434     4.91   19.78
  75330.238    69.505     3.74   20.64
  75616.589    69.794     1.01   21.13
  75902.939    71.278     5.18   22.33
