# NaN NaN NaN ;Mean Elev.(m), Avg Gradient(m/km), RMS Gradient(m/km) - SRTM1     
#  -13.652  -1.866   7.522 ;Mean Elev.(m), Avg Gradient(m/km), RMS Gradient(m/km) - ASTER GDEM
#   14.008  -0.783   2.858 ;Mean Elev.(m), Avg Gradient(m/km), RMS Gradient(m/km) - GMTED2010 
   1  87.563523  63.945880    13.542    13.542  2 54664.24531241 35.828
   2  87.582207  63.950946    14.038    13.649  9 54674.16095936 29.208
   3  87.586311  63.953449   -21.495   -21.438  9 54684.07660330  6.095
   4  87.586418  63.953985    34.916    39.591  9 54693.99224531 29.466
   5  87.584218  63.952043   -18.526   -18.523  9 54703.90788436 12.748
   6  87.582983  63.949583    13.208    13.237  9 54713.82353430 54.815
   7  87.582189  63.947756   -22.862   -15.655 10 54723.73918465 21.338
   8  87.580014  63.947528    14.642    14.275 10 54733.65483277 40.146
   9  87.582693  63.950068    36.283    38.178 10 54743.57048022 27.716
  10  87.585613  63.952103    36.436    39.809  9 54753.48612734 28.143
  11  87.582134  63.950946    12.676    12.697  9 54763.40177304 33.556
  12  87.581047  63.948435    12.599    12.543 10 54773.31741624 48.499
  13  87.579701  63.946337    12.431    12.419 10 54783.23305667 45.974
  14  87.581635  63.946697    14.112    14.057 10 54793.14869533 33.480
  15  87.582375  63.948481    14.357    14.348  9 54803.06433293 29.379
  16  87.582151  63.949678    21.857    21.961  9 54812.97997011 20.807
  17  87.583693  63.950222    22.245    22.260  9 54822.89561337 17.850
  18  87.583552  63.949837    22.126    22.214 10 54832.81125354 18.024
  19  87.581643  63.949989    27.307    22.417  9 54842.72690345 15.509
  20  87.582290  63.951962    27.419    29.265  9 54852.64255264 13.706
  21  87.587025  63.955162    24.024    22.686  9 54862.55820204 14.434
  22  87.586113  63.955947    22.912    22.886  9 54872.47385067 14.099
  23  87.586566  63.954581    22.599    22.668  9 54882.38949725 13.736
  24  87.581995  63.950620    22.458    22.558  9 54892.30513980 14.340
  25  87.580920  63.948087    31.563    33.815  9 54902.22077997 13.183
  26  87.579898  63.948092    21.982    22.008 10 54912.13641881 14.040
  27  87.583360  63.950504    28.216    28.832  9 54922.05205723 14.320
  28  87.583986  63.951551    39.004    39.105 10 54931.96769455 13.244
  29  87.583877  63.950022    21.094    21.685 10 54941.88332994 13.739
  30  87.577398  63.945827    16.096    16.071 10 54951.79896280 28.566
  31  87.576259  63.943828    21.867    21.768 10 54961.71460439 44.157
  32  87.577121  63.945073    24.992    24.976 10 54971.63025323 32.315
  33  87.581952  63.948334    38.406    38.552 10 54981.54590154 36.352
  34  87.584617  63.950934    23.019    23.015  9 54991.46154929 28.341
  35  87.584306  63.951422    36.823    39.019 10 55001.37719613 26.492
  36  87.585321  63.951463    15.493    15.470  9 55011.29284124 53.347
  37  87.585113  63.951044    31.797    31.128  9 55021.20848469 21.731
  38  87.586143  63.952168    13.532    13.539  9 55031.12412731 55.484
  39  87.582847  63.952866    24.035    18.258  9 55041.03976878 26.170
  40  87.585213  63.953636    12.996    12.988  9 55050.95540929 29.593
  41  87.581744  63.951173    13.055    13.040  9 55060.87104683 45.181
  42  87.581626  63.948372    12.927    12.841  9 55070.78668829 54.437
  43  87.577980  63.945886    19.500    19.641 10 55080.70233676 24.916
  44  87.579574  63.946646    33.763    33.815 10 55090.61798428 24.046
  45  87.583440  63.949566    37.323    38.741 10 55100.53363139 28.293
  46  87.583320  63.951462    24.768    30.633  9 55110.44927759 30.096
  47  87.583470  63.951025    36.626    39.204 10 55120.36492185 27.156
  48  87.580571  63.948068    12.576    12.556 10 55130.28056293 49.935
  49  87.579646  63.945779    12.517    12.469 10 55140.19620222 42.094
  50  87.580565  63.946204    14.630    14.036 10 55150.11184091 35.468
  51  87.581444  63.948347    15.921    14.690 10 55160.02747955 28.557
  52  87.582323  63.950228    21.503    21.917 10 55169.94311777 21.201
  53  87.583295  63.950614    21.896    21.988 10 55179.85875462 19.768
  54  87.583272  63.950212    21.696    21.792 10 55189.77440168 19.197
  55  87.584630  63.950994    21.780    21.784  9 55199.69005230 18.063
  56  87.586721  63.952641    22.119    22.109  9 55209.60570235 17.429
  57  87.584935  63.953620    22.521    22.582  9 55219.52135154 15.406
  58  87.584715  63.953555    22.413    22.434  9 55229.43699990 15.444
  59  87.583198  63.951882    22.310    22.355  9 55239.35264482 15.317
  60  87.582757  63.949585    22.135    22.262 10 55249.26828617 15.935
  61  87.582633  63.948189    21.634    21.609 10 55259.18392525 15.246
  62  87.581264  63.947976    21.792    21.867  9 55269.09956352 13.920
  63  87.581062  63.948990    22.065    22.143  9 55279.01520177 13.597
  64  87.583275  63.949792    32.711    35.185 10 55288.93083893 13.528
  65  87.582508  63.948658    30.948    31.656 10 55298.84647325 13.168
  66  87.577623  63.946153    23.455    20.589 10 55308.76211607  8.904
  67  87.576552  63.945142    16.100    14.814 10 55318.67776191 26.754
  68  87.581793  63.946846    30.558    37.686 10 55328.59340758 28.368
  69  87.583388  63.949093    31.796    32.838 10 55338.50905247 39.614
  70  87.584038  63.950919    26.141    22.654 10 55348.42469686 49.086
  71  87.582465  63.951270    20.604    20.598  9 55358.34033907 55.551
  72  87.582293  63.951131    24.745    26.960  9 55368.25597926 31.196
  73  87.583200  63.951048    39.318    39.364  9 55378.17161805 34.485
  74  87.582343  63.950957    14.204    14.299  9 55388.08725587 39.601
  75  87.584126  63.951209    14.371    14.391 10 55398.00289300 54.568
  76  87.584635  63.950626    36.441    39.419  9 55407.91853729 25.060
  77  87.583312  63.949298    25.264    23.747 10 55417.83418796 28.413
  78  87.580732  63.947496    36.857    38.272  9 55427.74983501 24.527
  79  87.582849  63.947611    38.550    38.606 10 55437.66548004 33.927
  80  87.580400  63.947937    38.224    38.415 10 55447.58112337 32.503
  81  87.583251  63.949434    34.080    38.957  9 55457.49676700 33.199
  82  87.581183  63.949317    38.626    38.705  9 55467.41240935 30.024
  83  87.581256  63.948270    37.053    38.517  9 55477.32804857 28.340
  84  87.582466  63.947000    38.409    38.482 10 55487.24368470 31.288
  85  87.576600  63.944918    13.142    13.082 10 55497.15931785 45.240
  86  87.577470  63.945907    26.876    22.032 10 55507.07495471 28.962
  87  87.582370  63.948815    12.241    12.174 10 55516.99060581 47.171
  88  87.582383  63.950333    13.868    13.851 10 55526.90625540 31.883
  89  87.582060  63.950932    13.438    13.400  9 55536.82190289 26.287
  90  87.585276  63.951853    13.638    13.595  9 55546.73754853 22.092
  91  87.585067  63.952436    14.283    14.277  9 55556.65319206 24.867
  92  87.583356  63.952779    16.434    15.385  9 55566.56883460 21.864
  93  87.583707  63.952380    21.674    21.582  9 55576.48447661 17.709
  94  87.583313  63.950414    21.141    21.260  9 55586.40011655 17.899
  95  87.582788  63.947860    21.154    21.052 10 55596.31575322 17.648
  96  87.577454  63.945400    21.900    21.938 10 55606.23138639 16.662
  97  87.581019  63.945936    21.485    21.536 10 55616.14701850 17.168
  98  87.582854  63.947564    27.454    27.834 10 55626.06266094 14.940
  99  87.581476  63.948216    23.494    22.075  9 55635.97831276 13.893
 100  87.580625  63.947870    39.789    39.756 10 55645.89396245 14.115
 102  87.578997  63.946146    17.672    18.486 10 55665.72525173 12.918
 103  87.581154  63.947083    35.055    37.506 10 55675.64089168 35.277
 104  87.582590  63.948646    23.842    23.846  9 55685.55652992 51.896
 105  87.582881  63.949651    38.997    39.180  9 55695.47216687 29.008
 106  87.581895  63.949430    37.706    38.785 10 55705.38780234 26.130
 107  87.582030  63.949507    35.182    34.891 10 55715.30345053 20.965
 108  87.583520  63.950392    13.952    13.994 10 55725.21909966 52.780
 109  87.584627  63.951777    16.589    16.099  9 55735.13474688 24.331
 110  87.584553  63.952797    15.955    13.746  9 55745.05039265 25.066
 111  87.584055  63.952349    13.539    13.474  9 55754.96603657 52.097
 112  87.583488  63.949989    13.804    12.877  9 55764.88167797 29.678
 113  87.580329  63.946679    36.803    38.038 10 55774.79731622 30.342
 114  87.578940  63.945005    12.774    12.845 10 55784.71295164 42.037
 115  87.580509  63.946139    13.772    13.175 10 55794.62858540 39.248
 116  87.581809  63.947978    14.010    14.020 10 55804.54422351 44.989
 117  87.581792  63.948918    38.534    38.775 10 55814.45987314 31.542
 118  87.581366  63.947693    33.582    34.010  9 55824.37552031 24.249
 119  87.577187  63.945139    28.167    27.691 10 55834.29116238 24.373
 120  87.576947  63.944351    33.619    36.622 10 55844.20680105 31.481
 121  87.578433  63.945724    13.264    13.233 10 55854.12243706 55.430
 122  87.582080  63.948518    12.681    12.466  9 55864.03807558 42.378
 123  87.582669  63.950731    12.444    12.377  9 55873.95372936 47.105
 124  87.583157  63.950908    21.183    21.851 10 55883.86937760 26.244
 125  87.584234  63.950417    22.161    22.222  9 55893.78501966 20.751
 126  87.583367  63.949569    21.753    22.126  9 55903.70065607 20.042
 127  87.582771  63.950126    21.951    21.982 10 55913.61629456 19.604
 128  87.586050  63.952517    16.971    17.817  9 55923.53194919 22.892
 129  87.585705  63.952655    20.615    22.167  9 55933.44760031 20.762
 130  87.582558  63.949964    21.081    22.020  9 55943.36324647 22.421
 131  87.577550  63.946232    21.762    21.804 10 55953.27888806 20.341
 132  87.578911  63.945352    21.492    21.516 11 55963.19452731 18.275
 133  87.578232  63.946463    20.239    21.083 10 55973.11016463 22.532
 134  87.583434  63.949388    21.756    21.788 10 55983.02580139 18.329
 135  87.583093  63.949337    20.268    19.864  9 55992.94143549 19.751
 136  87.581927  63.947995    21.016    21.631 10 56002.85708407 19.696
 137  87.578685  63.945596    20.394    21.126 10 56012.77273292 21.083
 138  87.578783  63.945411    13.354    13.092 11 56022.68837888 18.446
 139  87.582749  63.948157    15.882    16.190 10 56032.60402281 22.792
 140  87.583399  63.950910    21.247    22.037 10 56042.51966440 17.478
 141  87.584109  63.952342    15.463    14.991  9 56052.43530336 32.887
 142  87.583363  63.951408    39.420    39.456  9 56062.35093901 37.001
 143  87.582587  63.949617    38.917    39.029  9 56072.26657894 34.302
 144  87.583531  63.949832    39.152    39.097  9 56082.18222937 37.531
 145  87.585119  63.951217    38.200    39.707  9 56092.09787740 25.708
 146  87.583162  63.952092    20.286    19.064  9 56102.01352273 24.671
 147  87.585982  63.952257    12.542    12.600  9 56111.92915408 42.338
 148  87.581868  63.949210    12.198    11.703  9 56121.84479257 36.798
 149  87.578525  63.945485    11.737    11.642 10 56131.76042730 46.584
 150  87.577003  63.943828    13.968    13.203 11 56141.67606274 33.536
 151  87.577134  63.945819    11.155    11.231 10 56151.59171387 43.691
 152  87.583805  63.949705    13.135    13.503 10 56161.50736405 31.799
 153  87.581491  63.950333    11.909    11.436  9 56171.42301133 40.833
 154  87.582038  63.949145    11.892    11.858  9 56181.33865431 42.548
 155  87.580509  63.946806    11.539    11.541 10 56191.25429314 48.154
 156  87.578423  63.945498    14.091    13.393 10 56201.16992921 31.937
 157  87.578944  63.946785    14.069    13.109 10 56211.08556352 36.577
 158  87.581239  63.949124    10.908    10.882  9 56221.00119614 44.950
 159  87.586082  63.952250    11.671    11.632  9 56230.91684866 42.846
 160  87.582512  63.951789    13.211    12.305  9 56240.83250114 29.827
 161  87.584239  63.951404    13.884    12.278 10 56250.74815009 27.980
 162  87.582198  63.950151    21.340    21.363  9 56260.66379390 23.889
 163  87.582949  63.950487    21.626    21.625  9 56270.57943576 20.309
 164  87.584242  63.951078    21.632    21.585  9 56280.49507599 20.151
 165  87.585972  63.951903    21.808    21.835  9 56290.41072838 18.407
 166  87.582086  63.949869    20.487    21.371 10 56300.32637595 23.430
 167  87.579923  63.947478    21.336    21.394 10 56310.24201954 19.183
 168  87.579671  63.946462    21.475    21.499 10 56320.15766108 17.297
 169  87.579189  63.947406    21.534    21.575 10 56330.07330194 17.161
 170  87.583489  63.949772    21.809    21.860 10 56339.98894264 17.154
 171  87.581688  63.949795    21.929    21.930  9 56349.90458039 16.843
 172  87.582928  63.948573    21.667    21.701 10 56359.82021720 15.264
 173  87.581277  63.947351    21.479    21.513 10 56369.73586702 15.384
 175  87.583436  63.950103    21.786    21.834  9 56389.56716005 15.464
 176  87.582008  63.951859    28.562    29.901  9 56399.48280344  9.165
 177  87.587077  63.953681    13.773    13.007  9 56409.39844487 27.539
 178  87.584790  63.952332    32.276    31.642  9 56419.31408078 37.244
 179  87.582909  63.950384    37.978    39.068 10 56429.22971509 32.621
 180  87.583198  63.950736    38.009    39.328 10 56439.14536864 32.689
 181  87.585108  63.951669    18.728    18.692  9 56449.06101987 55.899
 182  87.583943  63.951734    38.124    39.457  9 56458.97666853 23.685
 183  87.581514  63.950503    14.925    14.937  9 56468.89231363 55.113
 184  87.581536  63.949257    14.181    13.933 10 56478.80795500 39.662
 185  87.580678  63.947624    13.421    13.429 10 56488.72359236 55.757
 186  87.581200  63.947175    12.960    12.966 10 56498.63922749 54.310
 187  87.581188  63.947168    12.041    12.058 10 56508.55486144 36.975
 188  87.580425  63.947634    12.434    12.383 10 56518.47050091 49.960
 189  87.582425  63.948878    12.247    12.213 10 56528.38615534 39.790
 190  87.581430  63.948711    13.091    13.075 10 56538.30180514 50.910
 191  87.582489  63.948639    15.481    16.060 10 56548.21745106 30.058
 192  87.582949  63.949399    12.993    13.002 10 56558.13309441 48.513
 193  87.583685  63.950793    15.669    16.058 10 56568.04873691 27.680
 194  87.582320  63.951866    24.435    22.563  9 56577.96437787 22.817
 195  87.583471  63.952065    12.453    12.401  9 56587.88001532 52.139
 196  87.585933  63.951835    12.208    12.147  9 56597.79565739 49.203
 197  87.583072  63.951056    16.805    16.817 10 56607.71130848 37.307
 198  87.584980  63.951556    22.119    22.206  9 56617.62695523 19.581
 199  87.584322  63.951476    25.351    22.283 10 56627.54259838 19.371
 200  87.581764  63.950396    27.529    22.042  9 56637.45823849 18.540
 201  87.581362  63.948902    27.562    21.937  9 56647.37388052 18.043
 202  87.581705  63.948213    28.748    31.131  9 56657.28953253 17.557
 203  87.583238  63.948170    26.667    21.955 10 56667.20518035 15.940
 204  87.580512  63.948482    26.997    22.187 10 56677.12082517 17.445
 205  87.582748  63.949969    25.570    22.111  9 56687.03646932 16.716
 206  87.582458  63.950138    22.098    22.310  9 56696.95211105 16.392
 207  87.581963  63.948998    23.607    22.050 10 56706.86774805 16.538
 208  87.582153  63.947750    25.078    21.855 10 56716.78338260 15.414
 209  87.582144  63.948756    23.759    22.299  9 56726.69903573 14.597
 210  87.582519  63.950803    40.836    40.870  9 56736.61468506 12.347
 211  87.583108  63.952957    38.474    38.983  9 56746.53033103 13.094
 212  87.584638  63.953589    14.940    15.020  9 56756.44597262 23.094
 213  87.582123  63.951768    16.157    16.097  9 56766.36160787 33.215
 214  87.582640  63.950615    18.794    18.830 10 56776.27724929 27.328
 215  87.584455  63.951670    22.928    22.885  9 56786.19290603 49.759
 216  87.585689  63.953165    38.522    40.087  9 56796.10855910 33.297
 217  87.585192  63.953744    40.045    40.061  9 56806.02420738 34.299
 218  87.584614  63.952402    39.781    39.839  9 56815.93984893 35.556
 219  87.581970  63.949617    19.782    19.751 10 56825.85548669 52.662
 220  87.581407  63.947419    19.948    20.305 10 56835.77112114 22.337
 221  87.578237  63.946230    21.260    21.523 10 56845.68675224 24.021
 222  87.583493  63.948776    11.592    11.537 10 56855.60240037 33.260
 223  87.582651  63.950396    13.037    13.008 10 56865.51805401 32.730
 224  87.583520  63.950938    15.635    14.178  9 56875.43370677 27.675
 225  87.582430  63.950291    13.117    13.096 10 56885.34935613 55.983
 226  87.582354  63.949707    36.526    39.066  9 56895.26500263 31.693
 227  87.583649  63.950700    13.039    13.102  9 56905.18064625 36.989
 228  87.582633  63.952372    13.120    13.113  9 56915.09628753 42.028
 229  87.586679  63.954651    40.337    40.367  8 56925.01192747 34.231
 230  87.584302  63.954021    13.201    13.246  9 56934.92756364 34.024
 231  87.584270  63.951871    22.064    22.289 10 56944.84319461 26.428
 232  87.583142  63.950207    12.155    12.152 10 56954.75884403 48.393
 233  87.583918  63.950224    13.936    13.849 10 56964.67449380 35.152
 234  87.584950  63.951597    19.989    19.318  9 56974.59013917 25.228
 235  87.583052  63.952131    35.342    38.501  9 56984.50577979 17.871
 236  87.585160  63.951317    36.901    36.713  9 56994.42141559 11.797
 237  87.580310  63.947614    30.928    35.005 10 57004.33705426 12.693
 238  87.579791  63.946162    26.767    22.049 10 57014.25271001 14.537
 239  87.578193  63.946367    37.552    37.579 10 57024.16836087 17.483
 240  87.582441  63.949668    39.104    39.261 10 57034.08401007 14.511
 241  87.585085  63.952103    38.029    39.593  9 57043.99965658 15.956
 242  87.584438  63.951886    32.967    33.162 10 57053.91529989 15.407
 243  87.581836  63.949378    30.025    33.100  9 57063.83093819 16.081
 244  87.581020  63.947663    38.498    38.676  9 57073.74657176 12.789
 245  87.581307  63.947837    23.748    24.050  9 57083.66220204 15.241
 246  87.584284  63.951355    27.240    22.239  9 57093.57785286 17.338
 247  87.587498  63.954842    22.344    22.330  9 57103.49351038 17.004
 248  87.586621  63.955136    22.569    22.575  8 57113.40916333 16.381
 249  87.585879  63.953130    19.823    17.085  9 57123.32481001 11.376
 250  87.583284  63.950593    14.410    14.338  9 57133.24045105 30.096
 251  87.581973  63.949448    17.409    17.368 10 57143.15608765 29.372
 252  87.581741  63.949963    22.180    22.195  9 57153.07172161 28.331
 253  87.582141  63.950348    23.849    23.860  9 57162.98735528 57.001
 254  87.582101  63.950675    39.038    39.163  9 57172.90301230 33.676
 255  87.581503  63.949041    35.710    38.480  9 57182.81866602 24.820
 256  87.580124  63.947123    35.806    38.252 10 57192.73431579 27.757
 257  87.580866  63.947407    13.502    13.434  9 57202.64996342 43.030
 258  87.581899  63.949494    38.708    38.711 10 57212.56559781 29.554
 259  87.583210  63.951614    24.456    22.633  9 57222.48124198 22.674
 260  87.582663  63.951705    30.344    38.766  9 57232.39688427 23.681
 261  87.584445  63.950818    39.486    39.587  9 57242.31252400 32.310
 262  87.582925  63.948952    36.256    38.568 10 57252.22816075 25.030
 263  87.582165  63.948824    37.230    38.384 10 57262.14379597 27.381
 264  87.582560  63.950388    32.333    33.000 10 57272.05943065 25.570
 265  87.586423  63.953844    13.571    13.612  9 57281.97508870 55.319
 266  87.584515  63.954157    13.000    12.982  9 57291.89074347 41.178
 267  87.585195  63.952914    33.453    39.043  9 57301.80639513 23.183
 268  87.582065  63.950296    12.943    12.968  9 57311.72204257 37.170
 269  87.582912  63.949804    12.572    12.531 10 57321.63768732 51.511
 270  87.583336  63.950834    12.217    12.231  9 57331.55332987 45.722
 271  87.586225  63.952567    11.838    11.844  9 57341.46897066 45.021
 272  87.583203  63.952180    12.339    12.293  9 57351.38462167 32.164
 273  87.583236  63.950270    15.880    13.430 10 57361.30026628 26.589
 274  87.579236  63.947165    23.586    21.928 10 57371.21590719 21.462
 275  87.579979  63.946919    19.565    20.951 10 57381.13154666 23.340
 276  87.583307  63.948925    19.212    18.996 10 57391.04718573 22.424
 277  87.583626  63.950361    21.986    22.025 10 57400.96282349 19.008
 278  87.583401  63.950492    22.265    22.394  9 57410.87846403 18.271
 279  87.583406  63.950204    21.868    21.973 10 57420.79411608 19.303
 280  87.582127  63.949967    21.954    22.000 10 57430.70976546 18.771
 281  87.584297  63.951455    22.261    22.324 10 57440.62541333 17.972
 282  87.584384  63.953170    26.986    25.764  9 57450.54106015 19.061
 283  87.584477  63.954190    22.431    22.627  9 57460.45670544 20.460
 284  87.583951  63.953436    38.737    40.508  9 57470.37234722 11.436
 285  87.582982  63.951249    29.441    26.751  9 57480.28798477  8.416
 286  87.582146  63.949112    12.912    12.966  9 57490.20361928 16.729
 287  87.580544  63.947622    13.985    13.812 10 57500.11925171 23.608
 288  87.583330  63.948767    16.218    16.255 10 57510.03489729 26.544
 289  87.582178  63.949788    18.039    17.991  9 57519.95055294 39.288
 290  87.583206  63.950371    17.873    17.822  9 57529.86620607 55.528
 291  87.582113  63.949304    38.848    38.846  9 57539.78185565 36.670
 292  87.582114  63.948304    19.884    19.890  9 57549.69750263 55.675
 293  87.580953  63.948044    15.408    15.358  9 57559.61314827 41.760
 294  87.583840  63.949846    13.378    13.414  9 57569.52879387 53.669
 295  87.583270  63.951064    16.552    17.297 10 57579.44443875 25.473
 296  87.585735  63.952046    15.471    13.598  9 57589.36008229 25.981
 297  87.584862  63.951536    16.961    15.865  9 57599.27572267 25.084
